
Multi Random walk:
Arquivo CSV criado com sucesso em: dataset\decomposition_based\random_walk\l5\fv_300
300. Decomposition 0.554324840705 0.000000000000 0.104931819345 0.000000000000 -0.063661615412 0.000000000000 1.500000000000 0.000000000000 -0.488254664494 0.000000000000 0.011192138973 0.000000000000 0.008970928017 0.000000000000 -0.913387797553 0.000000000000 1.500000000000 0.000000000000 -0.560886385247 0.000000000000 0.453401360544 0.000000000000 0.040372530614 0.000000000000 -0.329244303970 0.000000000000 1.500000000000 0.000000000000 0.674708976790 0.000000000000 
Arquivo CSV criado com sucesso em: dataset\decomposition_based\random_walk\l5\fv_600
600. Decomposition 0.489640931477 0.489321339797 0.000035396321 0.000035396321 0.000127797893 0.000127797893 1.390087853373 0.000000000000 -0.317163813486 0.000000000000 0.001449125826 0.001453667360 0.000007863726 0.000007863726 0.158706719838 0.158706719838 1.736168597118 0.000000000000 -0.442517097428 0.000000000000 0.543051546392 0.127051546392 0.030430248109 0.030430248109 0.075451418745 0.075451418745 2.377818154677 0.000000000000 -0.049186594003 0.000000000000 
Arquivo CSV criado com sucesso em: dataset\decomposition_based\random_walk\l5\fv_900
900. Decomposition 0.486506726146 0.486188994248 0.001384530678 0.001314149996 -0.176612785091 0.176868380877 1.656171873580 0.266084020207 -0.175292616415 0.141871197072 0.000998552343 0.001003067449 0.000548478610 0.000532842680 0.003483729680 0.313929709996 2.011307927315 0.275139330198 -0.763692782145 0.321175684717 0.512858247423 0.096858247423 0.065746324191 0.004885827973 -0.044174443181 0.195077280671 2.300749056169 0.077069098508 -0.529845219953 0.480658625950 
Arquivo CSV criado com sucesso em: dataset\decomposition_based\random_walk\l5\fv_1200
1200. Decomposition 0.496684347521 0.398171234378 0.001007814934 0.000857337429 -0.467962424640 0.410838586243 1.462908754594 0.410931325510 0.002452350551 0.261972412305 0.000058285264 0.000894836186 0.000263895241 0.000229372517 -0.280812893781 0.544590472539 1.930161150665 0.849814573447 -0.594966162526 0.558526327187 0.499930555556 0.089533412016 0.052884054295 0.016586880425 -0.341687881695 0.484246508802 2.160781919504 0.872768642257 -0.480673976276 0.645307982429 
Arquivo CSV criado com sucesso em: dataset\decomposition_based\random_walk\l5\fv_1500
1500. Decomposition 0.495801678222 0.397111506253 0.001515170879 0.001050610248 0.005748875534 0.336940221167 1.712080060458 0.249699971687 0.055855018935 0.272160450219 0.000103299146 0.000841999553 0.000315507773 0.000230828742 -0.072806234820 0.289691057610 2.433831887515 0.540891234235 -0.257797461392 0.969806713053 0.496140350877 0.091374134082 0.052440169501 0.017205214010 -0.285065426137 0.407868102343 2.386492035575 0.582764765864 -0.426560588548 0.688694928215 
Arquivo CSV criado com sucesso em: dataset\decomposition_based\random_walk\l5\fv_1800
1800. Decomposition 0.486986581074 0.361564387299 0.002100065029 0.002015843794 -0.126604621056 0.371077995385 1.659060045344 0.234938125692 0.020208207946 0.243650504614 0.000205686336 0.000520415238 0.000423318002 0.000401429925 -0.049644584508 0.213592626346 2.166431382083 0.604399664635 -0.073999883718 0.879659260586 0.514428315412 0.085386230897 0.052755633309 0.014865551522 -0.320478281564 0.360657656549 2.161604317368 0.636614466106 -0.237993757648 0.678169247665 
Arquivo CSV criado com sucesso em: dataset\decomposition_based\random_walk\l5\fv_2100
2100. Decomposition 0.502549087057 0.348908997673 0.001534148892 0.001971972282 0.044329717447 0.272998105816 1.784227721555 0.249756705417 -0.039835887572 0.288138389948 0.000013037710 0.000598728578 0.000247472290 0.000277347418 -0.016290903435 0.185207314489 2.137602016884 0.637352287901 -0.295820756403 0.768795539149 0.503304347826 0.080194470627 0.040375686295 0.024368092995 -0.236834605977 0.340081095631 2.260757720964 0.550973257961 -0.261282384425 0.661082446160 
Arquivo CSV criado com sucesso em: dataset\decomposition_based\random_walk\l5\fv_2400
2400. Decomposition 0.501648875301 0.347683445910 0.002330554506 0.001995523166 0.134639260042 0.314872079903 1.645602940632 0.356047818508 -0.033726533873 0.258008298742 -0.000026562275 0.000657569158 0.000367634348 0.000274232951 0.048629199669 0.230814736855 2.022812257348 0.614557651235 -0.248589242695 0.694089712041 0.495304347826 0.086230359261 0.051408032619 0.013775975802 -0.153594382513 0.427550256538 2.220771292544 0.499252323601 -0.372599915547 0.631815140240 
Arquivo CSV criado com sucesso em: dataset\decomposition_based\random_walk\l5\fv_2700
2700. Decomposition 0.477564605332 0.328296436128 0.001644551405 0.001657082732 -0.170453408771 0.459683856654 1.620399968802 0.351896452584 -0.017518084066 0.237887459172 0.000161517280 0.000407435214 0.000495777194 0.000409827278 -0.319522333584 0.458008148572 2.003590451881 0.697913499923 -0.061932137615 0.747223019628 0.500683520599 0.073223369526 0.057557965870 0.021867747349 -0.519109052218 0.429666359167 2.087018458516 0.667126765388 -0.079018963409 0.620455337593 
Arquivo CSV criado com sucesso em: dataset\decomposition_based\random_walk\l5\fv_3000
3000. Decomposition 0.476221068583 0.327733885000 0.002162125475 0.001618433255 0.000176476241 0.271645278659 1.669011076336 0.274462480177 0.057050239137 0.294966448375 0.000230211350 0.000505416012 0.000437903343 0.000351505389 -0.295453614513 0.424159791555 2.087153388573 0.595206808199 -0.148595907025 0.764957999315 0.507893939394 0.073365390251 0.056854160306 0.022295437863 -0.423067315949 0.371970499591 2.360987030597 0.474061413455 -0.244764695276 0.704364218473 
Arquivo CSV criado com sucesso em: dataset\decomposition_based\random_walk\l5\fv_3300
3300. Decomposition 0.477811000520 0.323190248370 0.001831331453 0.001246413109 -0.005110852949 0.251827914657 1.644866636860 0.260894610460 -0.004471930256 0.311906643937 0.000255683890 0.000416748490 0.000476634545 0.000391133062 -0.369791871310 0.432744903167 2.007902617906 0.584258368334 -0.012343743077 0.756573224639 0.508727969349 0.067918691510 0.060811122350 0.023044972885 -0.500725042402 0.391063054008 2.246660369345 0.539342133579 -0.151454051110 0.693003195180 
Arquivo CSV criado com sucesso em: dataset\decomposition_based\random_walk\l5\fv_3600
3600. Decomposition 0.498071954165 0.327178697534 0.001547938806 0.001250742352 0.066218597119 0.293082953598 1.712380697725 0.275415719192 0.014672573238 0.292149088607 0.000220436079 0.000467787733 0.000346477895 0.000308874151 -0.303286812917 0.400794856604 1.989524375185 0.601708496684 -0.120464724621 0.700840728695 0.507093023256 0.065086812270 0.050806607044 0.027471597708 -0.396125420459 0.360844699473 2.253335509965 0.530272718652 -0.174491664383 0.676259106484 
Arquivo CSV criado com sucesso em: dataset\decomposition_based\random_walk\l5\fv_3900
3900. Decomposition 0.496900797107 0.325921509120 0.001907100610 0.001164715156 0.060363363938 0.294810201033 1.767663918584 0.296252818788 0.124923005531 0.399710280670 0.000154881248 0.000559297494 0.000489535360 0.000374092031 -0.314168644474 0.393528632838 1.987253864981 0.562878816554 -0.189191437899 0.680326420881 0.502972383721 0.067862095897 0.056422468371 0.020119847178 -0.457430318555 0.328554521781 2.235556880184 0.498250006890 -0.253618941052 0.666324592903 
Arquivo CSV criado com sucesso em: dataset\decomposition_based\random_walk\l5\fv_4200
4200. Decomposition 0.475913339690 0.310743779774 0.001971977749 0.001279160225 -0.072182563037 0.435577355611 1.706284609475 0.404207824684 -0.000291429780 0.260354128640 0.000136218376 0.000511073268 0.000372097333 0.000266324435 -0.424458594673 0.415608481515 1.843537481760 0.617065513517 -0.145494339768 0.629519005886 0.502941176471 0.067309267457 0.053545915494 0.021040190237 -0.533328416069 0.355143488923 2.033612804047 0.635005852966 -0.130045623819 0.602293157532 
Arquivo CSV criado com sucesso em: dataset\decomposition_based\random_walk\l5\fv_4500
4500. Decomposition 0.473333515138 0.308308732809 0.002676822522 0.002899106867 0.017894436807 0.295784613662 1.910707075386 0.457090187033 -0.121963536200 0.431446597385 0.000158950029 0.000528054977 0.000411397523 0.000271644563 -0.275347337355 0.423041772411 1.990616536530 0.552896413289 -0.106891302856 0.647648655661 0.501032679739 0.066857047144 0.055081247735 0.019452720122 -0.423538709796 0.346533782338 2.198584391232 0.529078387662 -0.098144584600 0.615788631859 
Arquivo CSV criado com sucesso em: dataset\decomposition_based\random_walk\l5\fv_4800
4800. Decomposition 0.487837268887 0.313597879690 0.002259134672 0.002583961631 -0.053814248200 0.353580123111 1.869636367848 0.450798760350 -0.043544463280 0.472099045471 0.000219803254 0.000516622984 0.000406886288 0.000266841982 -0.269180472926 0.385523372379 1.926338593731 0.535949830041 -0.209322667380 0.602342578036 0.508320634921 0.067638240737 0.051014827777 0.021453249046 -0.414403611852 0.322524671363 2.127889463095 0.543382044688 -0.214079198553 0.588094803291 

Multi adaptive decomposition walk:
Arquivo CSV criado com sucesso em: dataset\decomposition_based\adaptative_walk\l5_r0.5\fv_300
300. Decomposition 0.000038195102 0.000000000000 0.000015588785 0.000000000000 -0.005439612136 0.000000000000 1.500000000000 0.000000000000 0.139943608245 0.000000000000 -0.000001865179 0.000000000000 0.000001405672 0.000000000000 -0.062518232692 0.000000000000 1.500000000000 0.000000000000 0.484110341476 0.000000000000 0.405986394558 0.000000000000 0.041217529329 0.000000000000 -0.420241821867 0.000000000000 1.500000000000 0.000000000000 0.284741871080 0.000000000000 
Arquivo CSV criado com sucesso em: dataset\decomposition_based\adaptative_walk\l5_r0.5\fv_600
600. Decomposition 0.000055568174 0.000000000000 0.000030256160 0.000000000000 0.733168203846 0.000000000000 1.759910359090 0.000000000000 0.124537590790 0.000000000000 -0.000003560307 0.000000000000 0.000002208063 0.000000000000 0.534870202695 0.000000000000 1.975753385465 0.000000000000 0.137697362750 0.000000000000 0.347482993197 0.000000000000 0.077145346635 0.000000000000 0.403161973992 0.000000000000 1.721013296619 0.000000000000 -0.169987990268 0.000000000000 
Arquivo CSV criado com sucesso em: dataset\decomposition_based\adaptative_walk\l5_r0.5\fv_900
900. Decomposition 0.000064098301 0.000000000000 0.000040200577 0.000000000000 0.835683407465 0.000000000000 1.799984014368 0.000000000000 0.277997392673 0.000000000000 -0.000005229269 0.000000000000 0.000002963739 0.000000000000 0.736530369042 0.000000000000 1.791433304074 0.000000000000 0.313446019012 0.000000000000 0.266870748299 0.000000000000 0.129852060763 0.000000000000 0.783452684542 0.000000000000 1.512493164781 0.000000000000 -0.055282819369 0.000000000000 
Arquivo CSV criado com sucesso em: dataset\decomposition_based\adaptative_walk\l5_r0.5\fv_1200
1200. Decomposition 0.000063502995 0.000000000000 0.000046286274 0.000000000000 0.861703423064 0.000000000000 1.920346280422 0.000000000000 0.442973648835 0.000000000000 -0.000006418973 0.000000000000 0.000003299208 0.000000000000 0.795266874485 0.000000000000 1.978010440207 0.000000000000 0.529442305814 0.000000000000 0.222653061224 0.000000000000 0.136119236262 0.000000000000 0.791239230163 0.000000000000 1.563789474470 0.000000000000 0.420847849440 0.000000000000 
Arquivo CSV criado com sucesso em: dataset\decomposition_based\adaptative_walk\l5_r0.5\fv_1500
1500. Decomposition 0.000061795355 0.000000000000 0.000049141675 0.000000000000 0.862684638578 0.000000000000 2.112057415588 0.000000000000 0.634200611705 0.000000000000 -0.000007189415 0.000000000000 0.000003345154 0.000000000000 0.783610240057 0.000000000000 2.321147044776 0.000000000000 0.769228402725 0.000000000000 0.186095238095 0.000000000000 0.142321344426 0.000000000000 0.802031621994 0.000000000000 1.891899916647 0.000000000000 0.642091343953 0.000000000000 
Arquivo CSV criado com sucesso em: dataset\decomposition_based\adaptative_walk\l5_r0.5\fv_1800
1800. Decomposition 0.000057940588 0.000000000000 0.000050904955 0.000000000000 0.871632687564 0.000000000000 2.349911926070 0.000000000000 0.777503890880 0.000000000000 -0.000007714386 0.000000000000 0.000003286369 0.000000000000 0.798590827137 0.000000000000 2.748203441944 0.000000000000 0.985470318656 0.000000000000 0.160011337868 0.000000000000 0.142544109128 0.000000000000 0.819056323006 0.000000000000 2.250880685954 0.000000000000 0.860885240279 0.000000000000 
Arquivo CSV criado com sucesso em: dataset\decomposition_based\adaptative_walk\l5_r0.5\fv_2100
2100. Decomposition 0.050826281807 0.050771390723 0.000488004429 0.000436795835 -0.064665465525 0.935334534475 1.717833500379 0.717833500379 0.413091777695 0.413091777695 -0.000049158180 0.000041267278 0.000108775180 0.000105490399 -0.099833952491 0.900166047509 1.935219628551 0.935219628551 0.520576694681 0.520576694681 0.304643640351 0.153064692982 0.107785706785 0.035494040118 -0.087820511853 0.912179488147 1.681861046138 0.681861046138 0.453143232141 0.453143232141 
Arquivo CSV criado com sucesso em: dataset\decomposition_based\adaptative_walk\l5_r0.5\fv_2400
2400. Decomposition 0.049354049423 0.049299158340 0.001366547249 0.001315338655 0.759147312524 0.111521756425 2.023433936391 0.412233064367 0.479443929164 0.346739626225 -0.000081228421 0.000073337519 0.000076258193 0.000072973411 0.242156469161 0.558175625856 2.806793234553 0.063646022549 1.020012133126 0.021141256237 0.292664473684 0.141085526316 0.100302785027 0.042976961876 0.329103039318 0.495255936976 2.113680367338 0.250041724937 0.801930760035 0.104355704248 
Arquivo CSV criado com sucesso em: dataset\decomposition_based\adaptative_walk\l5_r0.5\fv_2700
2700. Decomposition 0.048115829125 0.048060938041 0.001974660317 0.001923451723 0.850660263960 0.020008804989 2.115001970150 0.320665030608 0.516659500027 0.309524055363 -0.000101315483 0.000093424581 0.000066708536 0.000063423754 0.254540063693 0.545792031324 3.791128381956 0.920689124854 1.322214224221 0.281060834858 0.279721765351 0.128142817982 0.099839511586 0.043440235317 0.328790815268 0.495568161026 2.902544860845 0.538822768570 0.888520240202 0.017766224081 
Arquivo CSV criado com sucesso em: dataset\decomposition_based\adaptative_walk\l5_r0.5\fv_3000
3000. Decomposition 0.047044181603 0.046989290519 0.002452818780 0.002401610186 0.877519695956 0.006850627007 2.155594402723 0.280072598035 0.551485678275 0.274697877114 -0.000134175699 0.000126284796 0.000086249959 0.000082965178 0.416356061673 0.383976033344 3.477631279448 0.607192022347 0.632039687590 0.409113701773 0.263876594896 0.112297647528 0.110950217813 0.032329529090 0.613066379869 0.211292596425 3.098236190875 0.734514098599 0.281616163065 0.624670301217 
Arquivo CSV criado com sucesso em: dataset\decomposition_based\adaptative_walk\l5_r0.5\fv_3300
3300. Decomposition 0.046060909592 0.046006018508 0.002891217616 0.002840009022 0.890446611172 0.019777542223 2.182514060987 0.253152939771 0.563147656607 0.263035898782 -0.000169979623 0.000162088720 0.000105126662 0.000101841880 0.651298034886 0.149034060131 2.872028414918 0.001589157817 0.569365633527 0.471787755836 0.244718045113 0.093139097744 0.122985292340 0.020294454563 0.754585873864 0.069773102430 2.333216278121 0.030505814155 0.340096178064 0.566190286219 
Arquivo CSV criado com sucesso em: dataset\decomposition_based\adaptative_walk\l5_r0.5\fv_3600
3600. Decomposition 0.045214673853 0.045159782769 0.003205964974 0.003154756380 0.892179518035 0.021510449086 2.196123273810 0.239543726948 0.607298622704 0.218884932686 -0.000200137463 0.000192246561 0.000116722710 0.000113437928 0.700329548499 0.100002546518 2.627690009299 0.242749247803 0.635213745646 0.405939643717 0.230458591331 0.078879643963 0.128015598000 0.015264148903 0.774186662245 0.050172314049 2.147343389586 0.216378702689 0.470651338808 0.435635125474 
Arquivo CSV criado com sucesso em: dataset\decomposition_based\adaptative_walk\l5_r0.5\fv_3900
3900. Decomposition 0.044510892349 0.044456001265 0.003403865772 0.003352657178 0.893439220673 0.022770151724 2.233425202642 0.202241798116 0.665372773751 0.160810781638 -0.000225471861 0.000217580958 0.000124065112 0.000120780330 0.730782476951 0.069549618066 2.562111028367 0.308328228735 0.705760955921 0.335392433442 0.215671052632 0.064092105263 0.134571566789 0.008708180114 0.801073468369 0.023285507925 2.094161775152 0.269560317124 0.523419451718 0.382867012565 
Arquivo CSV criado com sucesso em: dataset\decomposition_based\adaptative_walk\l5_r0.5\fv_4200
4200. Decomposition 0.043888266178 0.043833375094 0.003562693139 0.003511484545 0.894542035038 0.023872966089 2.285957301516 0.149709699242 0.710283248096 0.115900307293 -0.000249938540 0.000242047638 0.000132484184 0.000129199402 0.767329594874 0.033002500143 2.546001934700 0.324437322401 0.732678595534 0.308474793829 0.204841277570 0.053262330201 0.136716373104 0.006563373799 0.811812346691 0.012546629603 2.087581769470 0.276140322805 0.620632790763 0.285653673520 
Arquivo CSV criado com sucesso em: dataset\decomposition_based\adaptative_walk\l5_r0.5\fv_4500
4500. Decomposition 0.043336272674 0.043281381590 0.003687145754 0.003635937160 0.896302137774 0.025633068825 2.344069266010 0.091597734748 0.748750600587 0.077432954802 -0.000266297968 0.000258407066 0.000133252897 0.000129968116 0.769250685152 0.031081409865 2.596853423783 0.273585833319 0.808073687781 0.233079701582 0.195707640624 0.044128693255 0.137871467459 0.005408279444 0.820414044980 0.003944931313 2.127670607236 0.236051485039 0.703065955231 0.203220509052 
Arquivo CSV criado com sucesso em: dataset\decomposition_based\adaptative_walk\l5_r0.5\fv_4800
4800. Decomposition 0.042845241441 0.042790350357 0.003782078294 0.003730869700 0.896859594198 0.026190525249 2.404411672937 0.031255327821 0.784419405855 0.041764149534 -0.000280154568 0.000272263665 0.000132966865 0.000129682084 0.777330231249 0.023001863768 2.668625318172 0.201813938929 0.879514746989 0.161638642373 0.187101317762 0.035522370394 0.139292085972 0.003987660931 0.828378384958 0.004019408664 2.187835512655 0.175886579620 0.758191416917 0.148095047366 
Arquivo CSV criado com sucesso em: dataset\decomposition_based\adaptative_walk\l5_r0.5\fv_5100
5100. Decomposition 0.042421208413 0.042366317329 0.003836997044 0.003785788450 0.896650105830 0.025981036881 2.471458940246 0.035791939488 0.824448105760 0.001735449629 -0.000291346720 0.000283455818 0.000131421339 0.000128136557 0.780684886312 0.019647208705 2.767117389913 0.103321867189 0.950625623886 0.090527765477 0.180286756293 0.028707808924 0.139483365102 0.003796381801 0.829733475093 0.005374498799 2.266086612582 0.097635479693 0.818677095571 0.087609368712 
Arquivo CSV criado com sucesso em: dataset\decomposition_based\adaptative_walk\l5_r0.5\fv_5400
5400. Decomposition 0.042042666175 0.041987775091 0.003874040039 0.003822831445 0.897125338941 0.026456269992 2.542352231679 0.106685230921 0.861637054357 0.035453498968 -0.000304889698 0.000296998795 0.000133565572 0.000130280791 0.789784663714 0.010547431303 2.827105852991 0.043333404110 0.971325508345 0.069827881018 0.173396215257 0.021817267889 0.140374058473 0.002905688430 0.838118066181 0.013759089887 2.341462440877 0.022259651399 0.853278479840 0.053007984443 
Arquivo CSV criado com sucesso em: dataset\decomposition_based\adaptative_walk\l5_r0.5\fv_5700
5700. Decomposition 0.041711024921 0.041656133837 0.003888833585 0.003837624991 0.897078177119 0.026409108170 2.619425982333 0.183758981575 0.899813349621 0.073629794231 -0.000314248801 0.000306357898 0.000132229523 0.000128944741 0.791549618711 0.008782476306 2.926958300639 0.056519043538 1.026716838930 0.014436550432 0.167038734477 0.015459787108 0.141097497437 0.002182249466 0.839648475673 0.015289499379 2.411903888612 0.048181796337 0.885945184530 0.020341279752 
Arquivo CSV criado com sucesso em: dataset\decomposition_based\adaptative_walk\l5_r0.5\fv_6000
6000. Decomposition 0.041412892924 0.041358001841 0.003893230288 0.003842021694 0.897368425935 0.026699356986 2.699379411105 0.263712410347 0.935723791691 0.109540236302 -0.000323715465 0.000315824563 0.000132060721 0.000128775940 0.791730210878 0.008601884139 3.013099026958 0.142659769856 1.058812373505 0.017658984142 0.161155327343 0.009576379974 0.141739021387 0.001540725516 0.845546060840 0.021187084546 2.480734547523 0.117012455248 0.912868289912 0.006581825630 
Arquivo CSV criado com sucesso em: dataset\decomposition_based\adaptative_walk\l5_r0.5\fv_6300
6300. Decomposition 0.092043288430 0.079165628751 0.003697295891 0.003149211707 0.597868074539 0.424118094498 2.299586274070 0.605005725941 0.603567052463 0.478179437459 -0.000329902042 0.000258044895 0.000161551946 0.000113120371 0.517196090602 0.388525851644 2.508469738955 0.722494678634 0.822143405721 0.334912455648 0.243694867015 0.116990124602 0.108604450818 0.046876242281 0.563506534874 0.399239088911 2.153823031682 0.472091327500 0.594106683986 0.450829017601 
Arquivo CSV criado com sucesso em: dataset\decomposition_based\adaptative_walk\l5_r0.5\fv_6600
6600. Decomposition 0.090519353018 0.077221834499 0.004393907940 0.003215915114 0.831367977796 0.095850693362 2.412658664292 0.459108262707 0.700598941115 0.344335252765 -0.000362433746 0.000263636653 0.000153160187 0.000109306514 0.628450778577 0.231229653974 3.004791169992 0.116697037133 1.042878892673 0.026640647032 0.231651444282 0.100002715177 0.114731997199 0.038214411782 0.796464044013 0.071535658609 2.280983947357 0.298208899357 0.552788989045 0.509257386900 
Arquivo CSV criado com sucesso em: dataset\decomposition_based\adaptative_walk\l5_r0.5\fv_6900
6900. Decomposition 0.089176995308 0.075519148767 0.005022371559 0.003520038894 0.877121780844 0.035987364225 2.435166333628 0.431253897606 0.709871520940 0.331689420974 -0.000391443587 0.000275093106 0.000160139787 0.000112399972 0.679481784111 0.159107619934 3.151790163704 0.228434972869 0.938389930932 0.170811856254 0.226541105395 0.092799450314 0.114427679057 0.038644551964 0.745661175635 0.142313886482 2.359046345279 0.196834906084 0.627413687681 0.403729538374 
Arquivo CSV criado com sucesso em: dataset\decomposition_based\adaptative_walk\l5_r0.5\fv_7200
7200. Decomposition 0.088017419348 0.074055969671 0.005511066703 0.003882723674 0.890148492734 0.024072639652 2.443656626998 0.420893226607 0.734984133834 0.297644412097 -0.000442111536 0.000307457636 0.000199402732 0.000141855929 0.802515824639 0.016545614489 2.836221730847 0.275291419448 0.639591123239 0.592946226848 0.215443420843 0.077172094875 0.120944602851 0.029434643555 0.833149148479 0.024629830961 2.327339052056 0.237040712076 0.593140982936 0.452194628384 
Arquivo CSV criado com sucesso em: dataset\decomposition_based\adaptative_walk\l5_r0.5\fv_7500
7500. Decomposition 0.087029333453 0.072815123226 0.005872054267 0.004203836638 0.896236054896 0.021858674189 2.464977613480 0.395286262144 0.764405924711 0.258261492817 -0.000468791680 0.000329523029 0.000202239923 0.000144579344 0.778484968600 0.020163458989 2.717265454555 0.433660628542 0.768008110508 0.411413989998 0.208247342412 0.067055602317 0.122377475930 0.027410243373 0.832691170835 0.025094981472 2.286518187828 0.290805659966 0.699876034161 0.301264472359 
Arquivo CSV criado com sucesso em: dataset\decomposition_based\adaptative_walk\l5_r0.5\fv_7800
7800. Decomposition 0.086174159372 0.071745834900 0.006149496428 0.004474620384 0.899873423213 0.022085903461 2.494288609208 0.361230255690 0.790527173345 0.223972077585 -0.000501854229 0.000360490539 0.000216188536 0.000158765926 0.799558644901 0.012863244629 2.683415973695 0.479953084577 0.791145241197 0.378714814945 0.200781111475 0.056582184226 0.126633696217 0.021399164790 0.838092092860 0.020257960863 2.508235955242 0.103153274185 0.593730699812 0.451360701785 
Arquivo CSV criado com sucesso em: dataset\decomposition_based\adaptative_walk\l5_r0.5\fv_8100
8100. Decomposition 0.085419512453 0.070805988463 0.006370236359 0.004702326227 0.901052602277 0.022413911296 2.523718311169 0.328749855730 0.814639996514 0.193188888108 -0.000526479422 0.000385628828 0.000222411616 0.000165461859 0.806029854495 0.021164215106 2.708879352839 0.445098332207 0.828526271009 0.325894255693 0.194876165828 0.048325230801 0.127780545973 0.019780309111 0.817616365456 0.043120731319 2.444119445372 0.108670486027 0.666016712380 0.349142210205 
Arquivo CSV criado com sucesso em: dataset\decomposition_based\adaptative_walk\l5_r0.5\fv_8400
8400. Decomposition 0.084756612974 0.069983419557 0.006538650061 0.004882340151 0.902532709079 0.022990797066 2.556515912220 0.295267306365 0.838213089581 0.164365597468 -0.000551669422 0.000412802181 0.000231609998 0.000175699501 0.813200152768 0.030927766265 2.742872500634 0.398888062316 0.829698908523 0.324237515429 0.188261644840 0.039123432009 0.130541003655 0.015886275806 0.841151282122 0.018381780680 2.415060350424 0.133244675133 0.674367754249 0.337333501611 
Arquivo CSV criado com sucesso em: dataset\decomposition_based\adaptative_walk\l5_r0.5\fv_8700
8700. Decomposition 0.084183649554 0.069274801500 0.006651326112 0.005005490880 0.903046402685 0.023231787467 2.594142133114 0.261749103033 0.864831291106 0.134353521940 -0.000570512526 0.000433929227 0.000233958575 0.000178371307 0.803536941875 0.017868298942 2.751551772367 0.387162189567 0.876915361304 0.257545901633 0.182301996921 0.030911184126 0.132456504607 0.013187599944 0.842980351940 0.017675616689 2.371315593619 0.181859720854 0.710538696441 0.286187716498 
Arquivo CSV criado com sucesso em: dataset\decomposition_based\adaptative_walk\l5_r0.5\fv_9000
9000. Decomposition 0.083670412536 0.068641960964 0.006739943749 0.005103754389 0.903796279517 0.023619308041 2.634240677222 0.234198490354 0.888207565816 0.111870277653 -0.000593323093 0.000460272043 0.000241955056 0.000187623983 0.814815598273 0.033158695553 2.756194642925 0.380903765103 0.884772424955 0.246452407469 0.176567200396 0.023155770288 0.134450077405 0.010384602328 0.847938001349 0.017626810824 2.358883834642 0.197035873844 0.730121608703 0.258498702650 
Arquivo CSV criado com sucesso em: dataset\decomposition_based\adaptative_walk\l5_r0.5\fv_9300
9300. Decomposition 0.083205121295 0.068069843410 0.006812307060 0.005184859902 0.904662655519 0.024117393711 2.674886170659 0.218088654532 0.908504873467 0.097371015184 -0.000606510032 0.000475833477 0.000240590446 0.000186028921 0.811072917863 0.028003256912 2.800622348316 0.321637565549 0.933816611494 0.177257435380 0.171750390320 0.016901146546 0.135572890266 0.008810499575 0.852799671598 0.020111972531 2.362688399993 0.192347937383 0.759935189518 0.216346820356 
Arquivo CSV criado com sucesso em: dataset\decomposition_based\adaptative_walk\l5_r0.5\fv_9600
9600. Decomposition 0.082788581670 0.067558997297 0.006862680044 0.005241757101 0.905108904056 0.024393997460 2.717142316669 0.216780684584 0.928887031170 0.089960314407 -0.000620434670 0.000492498316 0.000241225593 0.000186770544 0.814062074510 0.032117140974 2.840552088921 0.269751614283 0.967311519232 0.130100874758 0.168286221886 0.012760773864 0.135538215997 0.008859036727 0.850154536574 0.018486151525 2.392506431687 0.157150704644 0.799943211144 0.159790572673 
Arquivo CSV criado com sucesso em: dataset\decomposition_based\adaptative_walk\l5_r0.5\fv_9900
9900. Decomposition 0.082405774975 0.067090652368 0.006904432255 0.005289180312 0.905638454209 0.024739115673 2.758859593957 0.231167921401 0.946870735463 0.090817863277 -0.000632767801 0.000507439639 0.000241332359 0.000186895344 0.815613665862 0.034263436077 2.887088964998 0.212253464544 0.997454987974 0.087858287988 0.164314588810 0.009005548381 0.136283060311 0.007817773294 0.854173954554 0.021169383574 2.414461947370 0.133835937566 0.821491661083 0.129337762770 
Arquivo CSV criado com sucesso em: dataset\decomposition_based\adaptative_walk\l5_r0.5\fv_10200
10200. Decomposition 0.082068541936 0.066678980725 0.006922090450 0.005309307070 0.905792823659 0.024843068711 2.804603225057 0.261738276960 0.967286555952 0.099958950349 -0.000645825858 0.000523427818 0.000243062558 0.000188923110 0.818970913271 0.038925789779 2.923573469368 0.171410832102 1.013243622638 0.065931300946 0.161209237718 0.007819453195 0.136315145272 0.007772993051 0.854880827118 0.021760915054 2.449663993769 0.105160362035 0.852243079826 0.085905252934 
Arquivo CSV criado com sucesso em: dataset\decomposition_based\adaptative_walk\l5_r0.5\fv_10500
10500. Decomposition 0.081759259916 0.066302198578 0.006932668903 0.005321384029 0.906163521978 0.025098695938 2.850830796631 0.303706878316 0.986258066174 0.114484939509 -0.000657905279 0.000538359030 0.000244628702 0.000190767083 0.821764434171 0.042819598656 2.960236458695 0.137836014646 1.024921207103 0.049943086631 0.158029477488 0.008982199633 0.136634644931 0.007327473968 0.857683915186 0.024370406588 2.481888069316 0.095554195864 0.873058786516 0.056555047583 
Arquivo CSV criado com sucesso em: dataset\decomposition_based\adaptative_walk\l5_r0.5\fv_10800
10800. Decomposition 0.081478901953 0.065961299535 0.006933055803 0.005321826014 0.906292639065 0.025189685765 2.898850726649 0.354880874421 1.005195009750 0.132860362247 -0.000667467615 0.000550267686 0.000244243953 0.000190313348 0.821935814233 0.043058817469 3.008674417126 0.116298918067 1.047145046796 0.021803336565 0.155422996006 0.011263093745 0.136550509188 0.007444721246 0.857986511437 0.024673696990 2.522863219623 0.112594818477 0.898663693286 0.020794744923 
Arquivo CSV criado com sucesso em: dataset\decomposition_based\adaptative_walk\l5_r0.5\fv_11100
11100. Decomposition 0.141236746321 0.118220851240 0.006595616489 0.004645747515 0.679573414897 0.393294685985 2.549138044987 0.679229125862 0.765127573308 0.431434849092 -0.000431053607 0.000627547124 0.000228452520 0.000166456543 0.584691389127 0.411521908118 2.633535719506 0.662135498945 0.661017487350 0.676573739611 0.256567247005 0.175458318385 0.113778033305 0.039966547003 0.633874498963 0.388761078169 2.267147414717 0.453519474220 0.594169703320 0.527706439073 
Arquivo CSV criado com sucesso em: dataset\decomposition_based\adaptative_walk\l5_r0.5\fv_11400
11400. Decomposition 0.139138183065 0.115051935545 0.007620072167 0.004759973587 0.856385239859 0.089152317347 2.622635391750 0.568629985115 0.810508970785 0.356296040108 -0.000468724062 0.000587133584 0.000260174501 0.000166768771 0.669432799400 0.265646789411 3.033116779869 0.107422906529 0.507309576630 0.942755100022 0.247840078055 0.160367995946 0.120366749496 0.028762999480 0.693635561487 0.285465055202 2.674739058355 0.280547689408 0.411158896140 0.844575098960 
Arquivo CSV criado com sucesso em: dataset\decomposition_based\adaptative_walk\l5_r0.5\fv_11700
11700. Decomposition 0.137299205881 0.112298213563 0.008504278355 0.005352344814 0.889919072869 0.035779480315 2.644769902402 0.536774181591 0.813027303133 0.352170682044 -0.000523730649 0.000536971681 0.000306451351 0.000196957413 0.636504635197 0.322232594235 3.008820845170 0.100707525632 0.535296676389 0.894286709027 0.244371661008 0.154372076417 0.121396755621 0.027027331487 0.647508634717 0.365184067641 2.369150608322 0.283532882537 0.585048719855 0.543495511244 
Arquivo CSV criado com sucesso em: dataset\decomposition_based\adaptative_walk\l5_r0.5\fv_12000
12000. Decomposition 0.135700916676 0.109923839176 0.009197290154 0.006051582080 0.900836695984 0.023773770135 2.653289854482 0.524743510766 0.829621424061 0.325141751959 -0.000557970585 0.000512256389 0.000302680930 0.000193434200 0.724363379826 0.171910082536 2.656134243744 0.623476567316 0.761709306651 0.502230099591 0.238407524782 0.144064010111 0.122506311186 0.025165182263 0.697210214705 0.279291328662 2.325742714778 0.355074182604 0.682430456415 0.374959670158 
Arquivo CSV criado com sucesso em: dataset\decomposition_based\adaptative_walk\l5_r0.5\fv_12300
12300. Decomposition 0.134236638331 0.107765050089 0.009836207869 0.006821015309 0.907856428742 0.021982413793 2.668350377121 0.503831876393 0.833133724265 0.319459175451 -0.000604543154 0.000488288151 0.000323949811 0.000215155994 0.781357066132 0.078322423092 2.647476590173 0.638280120999 0.816976632270 0.406558826610 0.228928749352 0.127688802506 0.127589227031 0.016807190114 0.791421288226 0.117257751624 2.348506431267 0.317346913957 0.699078455928 0.346160536421 
Arquivo CSV criado com sucesso em: dataset\decomposition_based\adaptative_walk\l5_r0.5\fv_12600
12600. Decomposition 0.132875462516 0.105773291008 0.010417677498 0.007594019960 0.910654979802 0.023086365063 2.672489029468 0.498170834277 0.838441331025 0.310900747824 -0.000642578019 0.000478010864 0.000341592495 0.000236037598 0.807270519386 0.043952349790 2.741158916670 0.478729777850 0.805874720286 0.425774977903 0.220890408194 0.113811638843 0.132135983442 0.010001600797 0.831434931617 0.050710478851 2.390816656939 0.248630406448 0.675903575027 0.386251895688 
Arquivo CSV criado com sucesso em: dataset\decomposition_based\adaptative_walk\l5_r0.5\fv_12900
12900. Decomposition 0.131672808219 0.104026220042 0.010861107406 0.008217672559 0.911951332079 0.023915530971 2.677288494511 0.491655158015 0.853685453228 0.286538555948 -0.000688098290 0.000477513735 0.000368971942 0.000272090276 0.829132538496 0.038983004496 2.771663990976 0.427217764064 0.782177353235 0.466795995260 0.212315546324 0.099022370228 0.137261559484 0.006563892396 0.849587729402 0.025849799060 2.386640266018 0.255300360609 0.664307105168 0.406316806501 
Arquivo CSV criado com sucesso em: dataset\decomposition_based\adaptative_walk\l5_r0.5\fv_13200
13200. Decomposition 0.130591010111 0.102465444325 0.011220819348 0.008740487558 0.912629385433 0.024420345315 2.687370522968 0.478149512098 0.869388101387 0.261857701757 -0.000721166640 0.000485253207 0.000377031422 0.000283341685 0.830423789899 0.039812341574 2.711593555961 0.528904343753 0.841754505651 0.363676063751 0.205927366052 0.088018277317 0.139222568250 0.007936473065 0.855035156105 0.021971003329 2.350315526605 0.314366528050 0.709337966025 0.328415908675 
Arquivo CSV criado com sucesso em: dataset\decomposition_based\adaptative_walk\l5_r0.5\fv_13500
13500. Decomposition 0.129623161418 0.101078083359 0.011502949880 0.009159321466 0.913090202095 0.024789328171 2.701644943535 0.459484155280 0.885840727933 0.236590871879 -0.000758779485 0.000501917881 0.000394823993 0.000308964319 0.839350060775 0.048066392716 2.723472813898 0.508719612166 0.843521231821 0.360618719240 0.200297405735 0.078334417123 0.140654581168 0.009596776869 0.855972762176 0.021650844109 2.344577971678 0.323828787734 0.745662135003 0.265617669920 
Arquivo CSV criado com sucesso em: dataset\decomposition_based\adaptative_walk\l5_r0.5\fv_13800
13800. Decomposition 0.128715599161 0.099785201643 0.011771039749 0.009563453354 0.914173480985 0.025733503644 2.717996980144 0.438838876067 0.896803839431 0.220192743527 -0.000791758425 0.000522809545 0.000408087046 0.000328645018 0.841671580760 0.050767730931 2.738629082117 0.483014598902 0.850957190852 0.347751210981 0.193921111739 0.067390338369 0.143395937607 0.013496206006 0.864207090024 0.023930739359 2.354975268977 0.306703907338 0.751373385765 0.255749135152 
Arquivo CSV criado com sucesso em: dataset\decomposition_based\adaptative_walk\l5_r0.5\fv_14100
14100. Decomposition 0.127894503055 0.098622481486 0.011982120193 0.009885369377 0.914272602322 0.025824980978 2.734779939464 0.418584514638 0.909573563399 0.201666283495 -0.000818118116 0.000543262039 0.000413401792 0.000336648492 0.838191822147 0.046789604091 2.739908182332 0.480847948041 0.880726563534 0.296247390908 0.188305214919 0.057782903375 0.145371627573 0.016583253435 0.868563384270 0.028146122453 2.364852428429 0.290534722988 0.764216833511 0.233564103348 
Arquivo CSV criado com sucesso em: dataset\decomposition_based\adaptative_walk\l5_r0.5\fv_14400
14400. Decomposition 0.127160003181 0.097588210382 0.012135492909 0.010121137763 0.914431421863 0.025973246967 2.753878789783 0.396870147162 0.924249374007 0.181371151868 -0.000841049845 0.000563465161 0.000416446827 0.000341261321 0.838858048528 0.047517865516 2.752154464061 0.460127667860 0.908663077193 0.247936612946 0.183891044683 0.050263628469 0.146046711354 0.017666393875 0.867491777581 0.026974872489 2.374298971186 0.275176675249 0.792877180879 0.184110495855 
Arquivo CSV criado com sucesso em: dataset\decomposition_based\adaptative_walk\l5_r0.5\fv_14700
14700. Decomposition 0.126496245696 0.096658437243 0.012249070167 0.010296669376 0.914520979107 0.026057761632 2.775345137622 0.374454560441 0.939190405873 0.162199661193 -0.000859448985 0.000581131857 0.000416201785 0.000340889405 0.838136896193 0.046730328792 2.775737716933 0.420363600046 0.938018814970 0.197212079942 0.179770461700 0.043284410793 0.146725743714 0.018766302215 0.868471970972 0.028043325005 2.393174678667 0.244878638976 0.813639969387 0.148362451243 
Arquivo CSV criado com sucesso em: dataset\decomposition_based\adaptative_walk\l5_r0.5\fv_15000
15000. Decomposition 0.125888686248 0.095811568199 0.012337253353 0.010433476294 0.914728885773 0.026256446395 2.798459100793 0.353115791063 0.953397918235 0.145903128687 -0.000878227517 0.000600372278 0.000417947241 0.000343541251 0.839093022436 0.047778719135 2.800546553257 0.378781973610 0.957637887615 0.163353762206 0.176298057239 0.037449265747 0.146936880040 0.019110154481 0.869026540224 0.028674731023 2.417443410431 0.206998075766 0.836284295115 0.109534852950 
Arquivo CSV criado com sucesso em: dataset\decomposition_based\adaptative_walk\l5_r0.5\fv_15300
15300. Decomposition 0.125334917967 0.095043254359 0.012399829739 0.010530822660 0.914707497946 0.026235848599 2.823203775095 0.334099850510 0.967487680016 0.132304327365 -0.000895248892 0.000618773342 0.000418993612 0.000345133916 0.838915209173 0.047581132969 2.828349060758 0.332602421612 0.975568183478 0.132464976154 0.173010033074 0.031985224386 0.147159030650 0.019472803821 0.869220839638 0.028900240185 2.443265857368 0.168865079560 0.855854558688 0.076303224553 
Arquivo CSV criado com sucesso em: dataset\decomposition_based\adaptative_walk\l5_r0.5\fv_15600
15600. Decomposition 0.124832993547 0.094349888983 0.012437171162 0.010589014672 0.914751648766 0.026278408192 2.849873619296 0.318828476468 0.981800592220 0.121986897686 -0.000912208851 0.000637935770 0.000420892873 0.000348030242 0.840258716247 0.049102197741 2.854136571404 0.290344167804 0.989046213413 0.109308647254 0.169822066656 0.026779519549 0.147459393444 0.019964447725 0.871037056574 0.031105364127 2.469091169873 0.134842481672 0.871700333881 0.050053814175 
Arquivo CSV criado com sucesso em: dataset\decomposition_based\adaptative_walk\l5_r0.5\fv_15900
15900. Decomposition 0.124376456314 0.093721770618 0.012454685500 0.010616334471 0.914781299591 0.026307076506 2.878291944968 0.309391849901 0.996096543037 0.116134633861 -0.000926572077 0.000654756615 0.000420919447 0.000348070816 0.840316588223 0.049169135118 2.883319940662 0.243559472574 1.006028511887 0.080287139071 0.167203770271 0.022616429589 0.147350476916 0.019786000470 0.870978088480 0.031031221609 2.499950005732 0.105276972664 0.890933883466 0.022440274995 
Arquivo CSV criado com sucesso em: dataset\decomposition_based\adaptative_walk\l5_r0.5\fv_16200
16200. Decomposition 0.123960559082 0.093151722232 0.012455823574 0.010618110268 0.914793475137 0.026318868583 2.908352828147 0.307776211022 1.010314413658 0.115401610827 -0.000940865414 0.000671992110 0.000421626065 0.000349150206 0.842134062911 0.051326528394 2.910669220070 0.201372556338 1.019523044735 0.057511177902 0.164761000460 0.018887507566 0.147231600409 0.019591453107 0.871332584913 0.031479303106 2.531841109228 0.098742100272 0.908291459957 0.024543792200 
Arquivo CSV criado com sucesso em: dataset\decomposition_based\adaptative_walk\l5_r0.5\fv_16500
16500. Decomposition 0.178884047015 0.137981557455 0.010802273391 0.010050676314 0.531827089396 0.766274958604 2.534994620724 0.815822342713 0.812037728491 0.419136492495 -0.000860174496 0.000629601088 0.000455073619 0.000319667863 0.473082296060 0.737918625830 2.536087218955 0.786118451354 0.818104340002 0.411722430427 0.215920464270 0.105335907343 0.133013620158 0.033638805628 0.497700257988 0.749414147742 2.232447633555 0.622968644339 0.729338189017 0.365580587310 
Arquivo CSV criado com sucesso em: dataset\decomposition_based\adaptative_walk\l5_r0.5\fv_16800
16800. Decomposition 0.176632484150 0.134415528821 0.012083686009 0.009521718634 0.859152243955 0.113724499664 2.683757707721 0.545331864534 0.825621028406 0.392877995656 -0.000946903262 0.000606074807 0.000440504855 0.000314921345 0.681277498623 0.323307181776 2.969865140800 0.194920286934 1.106417265088 0.173990287718 0.208417433967 0.090524821313 0.129842584998 0.039177965233 0.645564390415 0.454053381116 2.582581638412 0.124183597274 0.954324008892 0.089118693622 
Arquivo CSV criado com sucesso em: dataset\decomposition_based\adaptative_walk\l5_r0.5\fv_17100
17100. Decomposition 0.174677208611 0.131365466667 0.013027977809 0.009562464570 0.896120620760 0.044125055105 2.686293310227 0.540967577246 0.857128389023 0.332531855468 -0.001024469862 0.000626340352 0.000469782159 0.000327033692 0.746788669934 0.194423731574 3.003807790057 0.236882180553 0.953297956798 0.146354523415 0.198150104422 0.070390935114 0.134738833796 0.030755761659 0.756932655520 0.232212082440 2.590597329455 0.135547999548 0.789425964019 0.245850992743 
Arquivo CSV criado com sucesso em: dataset\decomposition_based\adaptative_walk\l5_r0.5\fv_17400
17400. Decomposition 0.172989157734 0.128769670018 0.013786543074 0.009860644140 0.908133258850 0.027031024900 2.711345996593 0.498566444239 0.867126511761 0.313601904724 -0.001078438180 0.000661871812 0.000481569249 0.000334690330 0.780298742598 0.130159369749 2.966253073089 0.191333025583 0.979229708523 0.098621350114 0.191487563838 0.057477825795 0.136992887644 0.027188844978 0.787389495683 0.171946766519 2.574879349518 0.114322072380 0.777036875545 0.270504856339 
Arquivo CSV criado com sucesso em: dataset\decomposition_based\adaptative_walk\l5_r0.5\fv_17700
17700. Decomposition 0.171553659864 0.126591201171 0.014332093252 0.010209964184 0.910568017535 0.024996951840 2.720932494355 0.482732218363 0.888512224717 0.273620980971 -0.001104466329 0.000684454634 0.000478025553 0.000332231156 0.770710245469 0.148298878117 3.065836227412 0.336209614845 1.011260839391 0.052045670736 0.188069711848 0.050935884749 0.136467387306 0.027996163733 0.784019610882 0.178593154431 2.614188104647 0.173328590973 0.829492842334 0.166372345054 
Arquivo CSV criado com sucesso em: dataset\decomposition_based\adaptative_walk\l5_r0.5\fv_18000
18000. Decomposition 0.170346611776 0.124781112081 0.014711767687 0.010513222190 0.912282400006 0.024057919174 2.739623385765 0.452603262948 0.910177784911 0.234124806587 -0.001133196308 0.000712973240 0.000479138977 0.000332989530 0.782972690784 0.125155970460 3.115608919370 0.425408122088 1.043308161676 0.062465647439 0.182635546784 0.040733742863 0.137865428834 0.025887037061 0.813428726651 0.120938871300 2.593548837327 0.139962856382 0.862114909607 0.102418406858 
Arquivo CSV criado com sucesso em: dataset\decomposition_based\adaptative_walk\l5_r0.5\fv_18300
18300. Decomposition 0.169261603559 0.123171714043 0.015048914775 0.010820124130 0.914166682929 0.023564334712 2.761142750094 0.419363418052 0.922654625646 0.212060376518 -0.001155777131 0.000737758983 0.000480346551 0.000333826875 0.781529485156 0.127852982516 3.159635235086 0.507525819320 1.051538284326 0.074393139852 0.178691651553 0.033592155271 0.138947741686 0.024349451450 0.818606059844 0.110915711401 2.602777975393 0.154410729255 0.856040820264 0.114215837969 
Arquivo CSV criado com sucesso em: dataset\decomposition_based\adaptative_walk\l5_r0.5\fv_18600
18600. Decomposition 0.168313488969 0.121779616280 0.015301008588 0.011070899287 0.914718608101 0.023532345055 2.781374501272 0.389864969488 0.936774243645 0.187964569378 -0.001180873935 0.000767488396 0.000486955733 0.000338678273 0.789871311485 0.112394123979 3.148543380474 0.486641813793 1.027642124471 0.047876408184 0.175477776523 0.028069509946 0.139330643165 0.023828824210 0.827384914267 0.094084353911 2.620809236005 0.184711107012 0.876328760444 0.075248945757 
Arquivo CSV criado com sucesso em: dataset\decomposition_based\adaptative_walk\l5_r0.5\fv_18900
18900. Decomposition 0.167504117117 0.120602107781 0.015461126208 0.011239022383 0.914711247031 0.023532431307 2.804566622558 0.358690961881 0.954027124019 0.160367891681 -0.001203976072 0.000796671741 0.000492067149 0.000342732888 0.799253673050 0.095500812386 3.128630944623 0.449462789931 1.024740889768 0.047005299494 0.172482235832 0.023343058139 0.139704842792 0.023333092486 0.834137566370 0.081346958145 2.634865192656 0.209600483041 0.896019118226 0.040567972098 
Arquivo CSV criado com sucesso em: dataset\decomposition_based\adaptative_walk\l5_r0.5\fv_19200
19200. Decomposition 0.166798607045 0.119584118547 0.015568296277 0.011355205972 0.915122661702 0.023541736837 2.831100057260 0.327474134175 0.970734411493 0.136669528998 -0.001226233299 0.000826257906 0.000499266815 0.000348872459 0.803470862418 0.088154532624 3.105096212736 0.406167790376 1.001079402118 0.063635432614 0.169491617061 0.019336697979 0.140380626445 0.022473297321 0.841422795150 0.067938427123 2.642131940974 0.222768822874 0.899526849099 0.035435965194 
Arquivo CSV criado com sucesso em: dataset\decomposition_based\adaptative_walk\l5_r0.5\fv_19500
19500. Decomposition 0.166166108226 0.118678316948 0.015650032630 0.011445722207 0.915412910209 0.023565590159 2.858776150241 0.301493280353 0.985401125879 0.119748197147 -0.001245812063 0.000853355987 0.000505132722 0.000354228888 0.806928160133 0.082287776881 3.092939737681 0.384152386807 0.983168754969 0.091763694030 0.166849996663 0.016804301925 0.140835890243 0.021922052700 0.847324631088 0.057492141340 2.653933798116 0.244485229239 0.908183645599 0.026726622370 
Arquivo CSV criado com sucesso em: dataset\decomposition_based\adaptative_walk\l5_r0.5\fv_19800
19800. Decomposition 0.165613914243 0.117892927719 0.015692067815 0.011492900508 0.915436320644 0.023568136161 2.888962063407 0.282951684794 1.000707930091 0.107919114831 -0.001257039954 0.000869310786 0.000502722458 0.000351990507 0.807637870943 0.081103885676 3.128960793372 0.450074971856 1.003328914262 0.060678457479 0.164844410500 0.015817053855 0.140793546402 0.021972315504 0.848626926935 0.055260723073 2.684763898730 0.302552021197 0.927662202027 0.041088555451 
Arquivo CSV criado com sucesso em: dataset\decomposition_based\adaptative_walk\l5_r0.5\fv_20100
20100. Decomposition 0.165111982225 0.117183489820 0.015722338004 0.011527134495 0.915708778161 0.023604578224 2.919405171807 0.276614760779 1.014263240638 0.104050657566 -0.001266225638 0.000882574059 0.000499520949 0.000349098053 0.808788418964 0.079201070134 3.175688911211 0.537936380174 1.025435908533 0.047150449476 0.162743262894 0.015841550669 0.141040840727 0.021681801810 0.852905328333 0.048194209629 2.703818575642 0.339075489828 0.935190005211 0.053645736848 
Arquivo CSV criado com sucesso em: dataset\decomposition_based\adaptative_walk\l5_r0.5\fv_20400
20400. Decomposition 0.164672850263 0.116566363679 0.015723644122 0.011528616513 0.915708438101 0.023604524935 2.952439864529 0.284703027374 1.028616555703 0.107520208101 -0.001281088218 0.000904412744 0.000502433007 0.000351725183 0.812302365821 0.073530692881 3.163082121397 0.514037876358 1.025424277336 0.047147686877 0.160963965485 0.016710156506 0.141075847278 0.021641275394 0.854523933761 0.045653966759 2.730368117933 0.390470641075 0.947575313669 0.076299394384 
Arquivo CSV criado com sucesso em: dataset\decomposition_based\adaptative_walk\l5_r0.5\fv_20700
20700. Decomposition 0.230398978072 0.181729571343 0.013096134100 0.012036563390 0.763136243395 0.341964977702 2.975388480337 0.298912512613 1.038058708931 0.113763819564 -0.000935265975 0.001157429534 0.000420904650 0.000374127111 0.680028301396 0.310349885699 3.148872709935 0.487260228288 1.023066793944 0.046823536878 0.225695211103 0.148402100421 0.117693844065 0.056162297619 0.713794933309 0.321579037825 2.741762735108 0.412660925246 0.950333393130 0.081511979999 
Arquivo CSV criado com sucesso em: dataset\decomposition_based\adaptative_walk\l5_r0.5\fv_21000
21000. Decomposition 0.227377322407 0.176287378931 0.015304105966 0.010555698260 0.833167684798 0.185943533570 2.764567466748 0.544687746038 0.869744122001 0.390428191949 -0.000941482748 0.001147907598 0.000495613955 0.000324017760 0.763180050828 0.133405520398 2.823937619536 0.851919111922 0.844445311501 0.401690435895 0.228031863794 0.153596944179 0.124832360362 0.041577360434 0.727881797622 0.290336032131 2.518302290504 0.625763840599 0.843299636186 0.250635115983 
Arquivo CSV criado com sucesso em: dataset\decomposition_based\adaptative_walk\l5_r0.5\fv_21300
21300. Decomposition 0.224702920302 0.171548604006 0.016724823473 0.010755100455 0.897684741542 0.045813391954 2.779970859449 0.515167423852 0.881829982593 0.364447865776 -0.001006215640 0.001054554649 0.000529268475 0.000327815516 0.777440679683 0.106191150705 2.870167445492 0.765659996693 0.860696620900 0.365578174691 0.224018369426 0.144675482557 0.127245508038 0.036905704122 0.742978215829 0.256923410885 2.573339848918 0.532671451882 0.775483204794 0.397994695369 
Arquivo CSV criado com sucesso em: dataset\decomposition_based\adaptative_walk\l5_r0.5\fv_21600
21600. Decomposition 0.222186666989 0.167162747334 0.018040444605 0.011730608820 0.912120975162 0.023043446478 2.781677001103 0.511935472267 0.886172899432 0.355150204614 -0.001070198191 0.000974700020 0.000560812335 0.000346505854 0.797049092712 0.075043185307 2.949352435521 0.629995085619 0.855087380282 0.378037634913 0.217512874921 0.130230104328 0.129974824694 0.031898659245 0.792082806806 0.149315298507 2.618887907960 0.466260279695 0.819713869902 0.301403608103 
Arquivo CSV criado com sucesso em: dataset\decomposition_based\adaptative_walk\l5_r0.5\fv_21900
21900. Decomposition 0.219935956073 0.163304195339 0.019088477861 0.012940892630 0.915568282563 0.021560410758 2.781231652169 0.512778325841 0.900079342875 0.325540626479 -0.001127919157 0.000915957080 0.000584472546 0.000368850109 0.806111034483 0.065739454163 2.934375749437 0.654138241282 0.883532388470 0.314922669704 0.211751533698 0.117457999488 0.132782182485 0.027219190965 0.828384013906 0.074028063890 2.600469732433 0.491656481410 0.825763508291 0.288314267389 
Arquivo CSV criado com sucesso em: dataset\decomposition_based\adaptative_walk\l5_r0.5\fv_22200
22200. Decomposition 0.217933097948 0.159925457650 0.019928629505 0.014118614430 0.917532225833 0.021915813329 2.787474687476 0.501014181005 0.913507296980 0.297238024649 -0.001193125973 0.000868095328 0.000621189737 0.000414656276 0.811018494207 0.062889808260 2.967325161636 0.602204010166 0.864791082781 0.356487082598 0.205120592367 0.102792297588 0.136957578054 0.021799428923 0.844516779028 0.047295877361 2.623672919272 0.460036472151 0.794138333375 0.357101273024 
Arquivo CSV criado com sucesso em: dataset\decomposition_based\adaptative_walk\l5_r0.5\fv_22500
22500. Decomposition 0.216085748662 0.156857904635 0.020685868877 0.015300550950 0.918939696256 0.022695861811 2.797102810395 0.483100550987 0.921310908505 0.280954474469 -0.001245463023 0.000846057911 0.000640920540 0.000443615411 0.817144222570 0.061931549388 2.947625939265 0.632734874903 0.889152503638 0.302476812465 0.199857004475 0.091187984634 0.139494869339 0.019973338496 0.849917811153 0.041624823196 2.618752436976 0.466438849069 0.799389984914 0.345624649230 
Arquivo CSV criado com sucesso em: dataset\decomposition_based\adaptative_walk\l5_r0.5\fv_22800
22800. Decomposition 0.214477194821 0.154227298541 0.021230090211 0.016206119473 0.918791524468 0.022594372733 2.804800898303 0.468996649830 0.935097076396 0.252568131548 -0.001304739048 0.000840303521 0.000673698613 0.000496679702 0.829809104516 0.069123991601 2.951978186372 0.625850921097 0.877997778151 0.327188222671 0.193935951844 0.078193322958 0.142848667689 0.019922189974 0.862042784447 0.040780808858 2.603031994133 0.487994492945 0.798363222278 0.347867072141 
Arquivo CSV criado com sucesso em: dataset\decomposition_based\adaptative_walk\l5_r0.5\fv_23100
23100. Decomposition 0.213055189377 0.151934755011 0.021643719669 0.016920528947 0.918832958638 0.022622309856 2.816281645150 0.448366108049 0.948725775275 0.225137818635 -0.001345112578 0.000848302154 0.000681970433 0.000510862219 0.826994996818 0.066558807610 2.942248463898 0.641342345120 0.908409267996 0.259920714105 0.188982890619 0.067396427391 0.144991951414 0.021318973211 0.862078380218 0.040804834396 2.597239117178 0.496329440378 0.810460511673 0.321494868656 
Arquivo CSV criado com sucesso em: dataset\decomposition_based\adaptative_walk\l5_r0.5\fv_23400
23400. Decomposition 0.211820413651 0.149970322372 0.021925195777 0.017418018180 0.918875949228 0.022651660557 2.831170892398 0.422434379738 0.963396337373 0.196615159220 -0.001390057754 0.000868231419 0.000699536437 0.000541843732 0.830938294378 0.070285482712 2.947443979508 0.633024308855 0.914413274740 0.246688006430 0.184431983590 0.057569508005 0.146649939307 0.023034161929 0.864055927696 0.042353710634 2.587078154531 0.511413853966 0.828224206286 0.283001949278 
Arquivo CSV criado com sucesso em: dataset\decomposition_based\adaptative_walk\l5_r0.5\fv_23700
23700. Decomposition 0.210737028680 0.148267652708 0.022116578520 0.017761054203 0.918799123161 0.022599470321 2.849100625186 0.392683528588 0.977813890025 0.170095159328 -0.001421712018 0.000888843290 0.000702768444 0.000547660046 0.829910911525 0.069225732926 2.957381575184 0.617411031513 0.937928182904 0.195115226949 0.180472690195 0.049135860106 0.147808844498 0.024496318074 0.866588444780 0.044898715412 2.589910252379 0.507152260413 0.844307362723 0.248484267823 
Arquivo CSV criado com sucesso em: dataset\decomposition_based\adaptative_walk\l5_r0.5\fv_24000
24000. Decomposition 0.209803522504 0.146816758920 0.022217235367 0.017942936472 0.918559019574 0.022444055969 2.870334055780 0.360054721432 0.992893878388 0.144860214660 -0.001456203410 0.000917012712 0.000712253159 0.000564916791 0.833140635633 0.072749878920 2.971456728827 0.596015318726 0.945742409129 0.178107660626 0.176987422432 0.041855595784 0.148562716104 0.025543835931 0.865696394929 0.043935867430 2.595839348173 0.498373060028 0.861833275928 0.211419463295 
Arquivo CSV criado com sucesso em: dataset\decomposition_based\adaptative_walk\l5_r0.5\fv_24300
24300. Decomposition 0.264720141061 0.191636754143 0.019074781390 0.018402369929 0.787297834481 0.322082318708 2.885953584745 0.338304957958 1.002633506635 0.130613540607 -0.001184119143 0.001115920279 0.000610124513 0.000578619188 0.713360435282 0.298703297030 2.982223495625 0.580268826962 0.960984922735 0.145250920832 0.222750572705 0.122505884878 0.127777824033 0.057564946460 0.743534818364 0.306507007019 2.603077244449 0.487930178698 0.870397129004 0.193612673522 
Arquivo CSV criado com sucesso em: dataset\decomposition_based\adaptative_walk\l5_r0.5\fv_24600
24600. Decomposition 0.262403698097 0.187656060583 0.020688398536 0.017108798676 0.842823138020 0.186562251146 2.716160854959 0.520651165530 0.891340640484 0.298227063135 -0.001346108203 0.000917396701 0.000682187316 0.000527279703 0.584617289056 0.610207325031 2.745540754147 0.790393908489 0.824650376092 0.360009035910 0.212005891854 0.097539004370 0.134865775070 0.042471065911 0.568721452601 0.732983267729 2.466338846364 0.562360524316 0.687429020171 0.482695262604 
Arquivo CSV criado com sucesso em: dataset\decomposition_based\adaptative_walk\l5_r0.5\fv_24900
24900. Decomposition 0.260264344631 0.184058604775 0.021918606425 0.016693728830 0.902539345504 0.044293013670 2.729631167209 0.494692226524 0.868769750515 0.349485049843 -0.001458293876 0.000864066850 0.000749385495 0.000530310111 0.745691872813 0.222188330191 2.798632440718 0.700602785139 0.827331488099 0.353925554075 0.202767941355 0.076798545554 0.140887326484 0.031538389200 0.798937559982 0.173134609980 2.455068329615 0.579227809645 0.718519913406 0.412953841427 
Arquivo CSV criado com sucesso em: dataset\decomposition_based\adaptative_walk\l5_r0.5\fv_25200
25200. Decomposition 0.258436800333 0.181049001228 0.022769037577 0.016721188155 0.912396996538 0.025597330772 2.728662650530 0.496530802223 0.889363146706 0.302661222292 -0.001533591958 0.000876098078 0.000781087352 0.000549138125 0.797244036299 0.108461636098 2.854882515802 0.621212170477 0.835177474262 0.336227510526 0.196858145059 0.064202605071 0.142517706962 0.029162435068 0.821503462959 0.120317906388 2.475801482946 0.548871331954 0.770331173840 0.303660856448 
Arquivo CSV criado com sucesso em: dataset\decomposition_based\adaptative_walk\l5_r0.5\fv_25500
25500. Decomposition 0.256923473154 0.178603395405 0.023341670164 0.016885061939 0.914491765162 0.022973542786 2.738398042094 0.478263566080 0.910349895879 0.256359820826 -0.001593125838 0.000912284719 0.000797844343 0.000563176378 0.804958613489 0.094233670247 2.855482261429 0.620475827545 0.867513739710 0.265527826459 0.192850500529 0.056178734450 0.142655711634 0.028977648110 0.831759869187 0.097219898325 2.503734407114 0.513107219032 0.828321206178 0.206768090215 
Arquivo CSV criado com sucesso em: dataset\decomposition_based\adaptative_walk\l5_r0.5\fv_25800
25800. Decomposition 0.255604333460 0.176507472907 0.023805174738 0.017101008986 0.916139393995 0.021553263770 2.754210693157 0.449708068131 0.923047099500 0.229405200580 -0.001619191272 0.000934871444 0.000791592301 0.000557626777 0.801149143985 0.101068397656 2.892490052817 0.580450475445 0.899537392689 0.201838172753 0.190299138848 0.051395780399 0.142386712463 0.029340361920 0.833620750170 0.093141516644 2.560104408073 0.463837266982 0.861482371623 0.180575692817 
Arquivo CSV criado com sucesso em: dataset\decomposition_based\adaptative_walk\l5_r0.5\fv_26100
26100. Decomposition 0.254487563200 0.174760138775 0.024126099751 0.017292672876 0.916845909887 0.021151941186 2.770082856133 0.422677612529 0.937302871016 0.200577467705 -0.001645722753 0.000961678033 0.000789371212 0.000555743493 0.799797412913 0.103587288282 2.928371178722 0.553182286511 0.927506468643 0.157507763677 0.187010482424 0.045755322892 0.143229805228 0.028239410933 0.843534154160 0.072386271863 2.596665875668 0.452008469104 0.862004464483 0.180425509138 
Arquivo CSV criado com sucesso em: dataset\decomposition_based\adaptative_walk\l5_r0.5\fv_26400
26400. Decomposition 0.253538795361 0.173295751217 0.024342669898 0.017440856391 0.917210259664 0.020997792462 2.788547064149 0.393736448867 0.951587556290 0.173945115276 -0.001683452354 0.001005818043 0.000802309357 0.000567359570 0.808764666699 0.087864986129 2.938827105301 0.547640109975 0.919649914810 0.168331077252 0.183797162563 0.041030275813 0.144319159282 0.026984922501 0.853195434844 0.055011608593 2.613520092360 0.452459214381 0.851224293955 0.185300645072 
Arquivo CSV criado com sucesso em: dataset\decomposition_based\adaptative_walk\l5_r0.5\fv_26700
26700. Decomposition 0.252691681106 0.172004261644 0.024523816154 0.017576143045 0.917779729251 0.020831294199 2.807703722473 0.367203561137 0.962420944643 0.155964963054 -0.001705644134 0.001034760426 0.000800265217 0.000565422037 0.811329455893 0.083885560611 2.968709623032 0.538243400712 0.944917749509 0.140117017599 0.181603486674 0.038401900647 0.144407954633 0.026891759344 0.854494713940 0.053047566422 2.637944701597 0.459738468753 0.870407028745 0.179250506357 
Arquivo CSV criado com sucesso em: dataset\decomposition_based\adaptative_walk\l5_r0.5\fv_27000
27000. Decomposition 0.251936214893 0.170865519196 0.024666606906 0.017689900961 0.918026557851 0.020787810865 2.826554362269 0.345354622704 0.972050582076 0.142248586975 -0.001732688153 0.001072702593 0.000805991527 0.000570943916 0.817942608991 0.075091118537 2.979251546800 0.537273863848 0.949427422229 0.137423830523 0.178832856683 0.035965869835 0.145489696694 0.025876950429 0.861137090061 0.045227687875 2.644484605045 0.462982115543 0.852396933737 0.184593568737 
Arquivo CSV criado com sucesso em: dataset\decomposition_based\adaptative_walk\l5_r0.5\fv_27300
27300. Decomposition 0.251275934154 0.169880510410 0.024759440724 0.017767162445 0.918296773822 0.020760302263 2.846425326129 0.327833965620 0.982284932677 0.130794325647 -0.001761019620 0.001115290280 0.000816761115 0.000582103225 0.824990231333 0.068748585818 2.988927532284 0.537475464129 0.931856840582 0.152231814373 0.177312693478 0.035118110249 0.145120184941 0.026197894404 0.859473508137 0.046779469703 2.669821313554 0.480409873761 0.883061289190 0.181914895378 
Arquivo CSV criado com sucesso em: dataset\decomposition_based\adaptative_walk\l5_r0.5\fv_27600
27600. Decomposition 0.250683791247 0.169005431554 0.024826982115 0.017824986828 0.918435902145 0.020754358296 2.866641025239 0.316761833823 0.991789453812 0.123807631987 -0.001783829980 0.001151474947 0.000820519016 0.000586226542 0.827302319068 0.067504913242 2.990401766677 0.537597911640 0.941102103666 0.143023820578 0.175431519403 0.034599124812 0.145425148970 0.025931023208 0.860994525608 0.045348408187 2.683893870983 0.493206837938 0.887206548490 0.183918685679 
Arquivo CSV criado com sucesso em: dataset\decomposition_based\adaptative_walk\l5_r0.5\fv_27900
27900. Decomposition 0.250154978628 0.168230666513 0.024869191885 0.017861807018 0.918625599142 0.020755269202 2.887572836871 0.313234642886 1.001106819664 0.120982451154 -0.001801982754 0.001181368012 0.000821003680 0.000586766739 0.828711312470 0.066970926100 3.005548665507 0.540254191280 0.953418128499 0.135747532346 0.173779078414 0.034646084473 0.145642718521 0.025752186369 0.862900795543 0.043936819157 2.699616067012 0.509885759573 0.890680476971 0.186008679017 
Arquivo CSV criado com sucesso em: dataset\decomposition_based\adaptative_walk\l5_r0.5\fv_28200
28200. Decomposition 0.249677758860 0.167537011720 0.024894228962 0.017883893837 0.918732171719 0.020760344108 2.908933898668 0.318227557900 1.010010618160 0.122267327996 -0.001810342967 0.001195440069 0.000815833117 0.000581102933 0.824468945770 0.069090053286 3.033742281693 0.551847190627 0.969262339341 0.135996132453 0.172983429107 0.034836816791 0.145293259842 0.026044144468 0.858705358749 0.047596763912 2.729166798203 0.547226164980 0.903164649634 0.196400116829 
Arquivo CSV criado com sucesso em: dataset\decomposition_based\adaptative_walk\l5_r0.5\fv_28500
28500. Decomposition 0.249254058661 0.166925594067 0.024896913281 0.017886272710 0.918817581955 0.020766779298 2.931614374084 0.332580299684 1.019236647692 0.127580384880 -0.001828113134 0.001225950999 0.000816294339 0.000581599190 0.827252925248 0.067526756514 3.058305486765 0.568630834682 0.983069841713 0.144949357245 0.171563041780 0.035442179575 0.145276450216 0.026058814558 0.861110320542 0.045250174740 2.757527079757 0.589231306028 0.916691699764 0.212108149613 
Arquivo CSV criado com sucesso em: dataset\decomposition_based\adaptative_walk\l5_r0.5\fv_28800
28800. Decomposition 0.248872021717 0.166377922391 0.024886733152 0.017877262097 0.918887495384 0.020773613685 2.955072242417 0.356040085762 1.028267937189 0.136255322932 -0.001842483186 0.001251187442 0.000819278218 0.000584852284 0.830112371884 0.066613236143 3.078439297571 0.586647332867 0.972721024383 0.137514620239 0.170392306549 0.036185850331 0.145283244887 0.026052877874 0.862837948698 0.043976176621 2.778005771749 0.622627465041 0.923219066379 0.221069414098 
Arquivo CSV criado com sucesso em: dataset\decomposition_based\adaptative_walk\l5_r0.5\fv_29100
29100. Decomposition 0.248523231447 0.165880942771 0.024869278774 0.017861883352 0.918968224967 0.020783258138 2.978869054713 0.387169106459 1.036880773775 0.147173437439 -0.001850137648 0.001264824416 0.000813803266 0.000578940041 0.827476317578 0.067429639440 3.106962983624 0.618037093623 0.996530587595 0.160202434533 0.169510699248 0.036883390145 0.145080238903 0.026234225311 0.862432300646 0.044242257227 2.808913741616 0.676961596871 0.935443631213 0.239827079662 
Arquivo CSV criado com sucesso em: dataset\decomposition_based\adaptative_walk\l5_r0.5\fv_29400
29400. Decomposition 0.306056353233 0.217463356624 0.022576483351 0.017762385964 0.679110766382 0.634941971262 2.738579144080 0.755774295258 0.909754125368 0.371821874939 -0.001725644623 0.001238111481 0.000716008530 0.000599489382 0.599873600237 0.607940764409 2.851164248907 0.914053979279 0.875912062498 0.365856046461 0.200715425421 0.090725179803 0.131736858535 0.043149650221 0.630618605387 0.617660913359 2.583961380448 0.873092525453 0.817943145293 0.381392894863 
Arquivo CSV criado com sucesso em: dataset\decomposition_based\adaptative_walk\l5_r0.5\fv_29700
29700. Decomposition 0.303639622272 0.213027980753 0.023971112780 0.016867204855 0.883747422350 0.095232395569 2.820706017495 0.576923227262 0.927319127394 0.329319822734 -0.001789790020 0.001202531866 0.000815636146 0.000541241239 0.786311253055 0.127873390822 2.935617783201 0.756800334605 0.900863406524 0.307405704725 0.202324399780 0.094669173393 0.131319445535 0.044063848967 0.781679391899 0.220443812297 2.705583601819 0.693213176309 0.777134690151 0.473155199311 
Arquivo CSV criado com sucesso em: dataset\decomposition_based\adaptative_walk\l5_r0.5\fv_30000
30000. Decomposition 0.301613997133 0.209388445710 0.024961818218 0.016703993433 0.907590029840 0.035871177118 2.841742596328 0.535703292422 0.934800092999 0.311562618735 -0.001835905860 0.001191321479 0.000820326576 0.000541515400 0.801821041579 0.094289959194 2.987423466776 0.678958255571 0.943348083565 0.218054847904 0.196125977041 0.079652538971 0.134839944958 0.036682960540 0.837249133603 0.080666366764 2.681779628382 0.720686319658 0.820773243944 0.375349020080 
Arquivo CSV criado com sucesso em: dataset\decomposition_based\adaptative_walk\l5_r0.5\fv_30300
30300. Decomposition 0.299731349902 0.206073151559 0.025897822197 0.016925441787 0.915982979241 0.021001373929 2.848369246623 0.523272669526 0.934152411042 0.313090336807 -0.001889223501 0.001193872203 0.000829980378 0.000542972593 0.806856554601 0.084808301707 3.076820691318 0.597064661148 0.984643241095 0.161647855910 0.192920983022 0.072124581494 0.134991328830 0.036385477300 0.852674406393 0.049898037085 2.724627897559 0.674669830364 0.904026240488 0.237719330134 
Arquivo CSV criado com sucesso em: dataset\decomposition_based\adaptative_walk\l5_r0.5\fv_30600
30600. Decomposition 0.298005374637 0.203093547591 0.026706920532 0.017400912952 0.918887886555 0.019444545521 2.848360118422 0.523289591765 0.938852558845 0.302049166037 -0.001936244230 0.001209843858 0.000847543140 0.000548671314 0.817448074465 0.069131910672 3.082982976449 0.594478807699 0.964792887839 0.182881602255 0.189268662725 0.063837517927 0.136995146563 0.032655976384 0.855450152936 0.046049628460 2.749787809752 0.655327453142 0.856374156919 0.304844835582 
Arquivo CSV criado com sucesso em: dataset\decomposition_based\adaptative_walk\l5_r0.5\fv_30900
30900. Decomposition 0.296452728618 0.200464212385 0.027373623775 0.017975761763 0.920575150332 0.019893574551 2.851586778411 0.517343629469 0.945378526227 0.286908175114 -0.001981568918 0.001236942763 0.000867009560 0.000559447287 0.832952908523 0.063865926053 3.067687359309 0.601689950328 0.946293791284 0.212671931655 0.185917159961 0.056618164013 0.138558374387 0.030076088096 0.862661646896 0.040809486765 2.730596110927 0.669533619064 0.854641850799 0.307982460431 
Arquivo CSV criado com sucesso em: dataset\decomposition_based\adaptative_walk\l5_r0.5\fv_31200
31200. Decomposition 0.295081460666 0.198183836594 0.027879920230 0.018512930932 0.920515525706 0.019860784647 2.854398448100 0.512222130287 0.955733903454 0.263419629181 -0.002016196294 0.001264936090 0.000877990317 0.000567501009 0.830020106938 0.062874751219 3.061055296704 0.605630937913 0.947232935100 0.210987415675 0.182420019438 0.049657531555 0.140528311497 0.027374136340 0.862903371972 0.040777066107 2.721199476855 0.677769086393 0.840110950375 0.335613487364 
Arquivo CSV criado com sucesso em: dataset\decomposition_based\adaptative_walk\l5_r0.5\fv_31500
31500. Decomposition 0.293909499206 0.196267057330 0.028219112966 0.018917386142 0.920315879346 0.019759765732 2.861421670972 0.499683779749 0.968609168325 0.235396862755 -0.002045018399 0.001292733132 0.000883015628 0.000571641589 0.833790359595 0.064318187860 3.061132425919 0.605582330615 0.964582388119 0.183174282196 0.179400393835 0.044326966003 0.141811307855 0.026028059770 0.866064735559 0.041273290785 2.705409682776 0.693397106825 0.849305603543 0.317868449635 
Arquivo CSV criado com sucesso em: dataset\decomposition_based\adaptative_walk\l5_r0.5\fv_31800
31800. Decomposition 0.292918597837 0.194670216740 0.028425368759 0.019179693497 0.920107648794 0.019668969256 2.873248060974 0.479457678090 0.982428860372 0.207341617815 -0.002079724009 0.001331240339 0.000899756345 0.000587398879 0.838795490779 0.068469052110 3.057569460263 0.607895188218 0.943418577725 0.217924326201 0.176580810037 0.040153799343 0.143070340407 0.025086302425 0.870656249089 0.044853104929 2.714307684465 0.684320573638 0.848187717102 0.319979684873 
Arquivo CSV criado com sucesso em: dataset\decomposition_based\adaptative_walk\l5_r0.5\fv_32100
32100. Decomposition 0.292081596660 0.193338809024 0.028534629173 0.019323448211 0.919914065173 0.019598078229 2.889309644097 0.454003043390 0.996341531914 0.182172058421 -0.002109438776 0.001368251457 0.000910689334 0.000599235110 0.836384601911 0.066172010183 3.050776278478 0.612682713886 0.941332588426 0.221820440065 0.174440972504 0.037670349305 0.143484880599 0.024866233220 0.868246011596 0.042581142938 2.710274862994 0.688349382761 0.866018310732 0.288086075534 
Arquivo CSV criado com sucesso em: dataset\decomposition_based\adaptative_walk\l5_r0.5\fv_32400
32400. Decomposition 0.291356035266 0.192197850633 0.028591911291 0.019400110232 0.919852101314 0.019578163584 2.908205107241 0.427538575252 1.009201663015 0.162894384885 -0.002135069712 0.001402933340 0.000917626469 0.000607340441 0.837526140462 0.067193986984 3.047750371143 0.614972355961 0.946988266679 0.211424750539 0.172536338883 0.036068675435 0.143823285155 0.024721228687 0.869480822785 0.043643608545 2.718580755270 0.680208357041 0.878211159692 0.268876470991 
Arquivo CSV criado com sucesso em: dataset\decomposition_based\adaptative_walk\l5_r0.5\fv_32700
32700. Decomposition 0.352904662974 0.251279598044 0.026934459289 0.018881821976 0.817292193888 0.290669902108 2.751737873103 0.598611127013 0.908890890858 0.322620988122 -0.001952764885 0.001424669384 0.000898238962 0.000579913196 0.717865366119 0.347421072988 2.875806429322 0.756801354506 0.910705977788 0.227815944288 0.206471966701 0.101830320158 0.130158072153 0.045134678119 0.704355435533 0.468854212076 2.583182893573 0.746950325617 0.735867771915 0.475767746371 
Arquivo CSV criado com sucesso em: dataset\decomposition_based\adaptative_walk\l5_r0.5\fv_33000
33000. Decomposition 0.350192038154 0.246026359764 0.028458374847 0.018294498623 0.899959207354 0.059215985532 2.774089500868 0.553511775390 0.910784406181 0.317921288110 -0.001892978246 0.001494920821 0.000907785424 0.000577552397 0.697049037979 0.405426931109 2.946860149779 0.646239126674 0.875150208069 0.279509101181 0.211053806606 0.114127831743 0.135151724007 0.033834931356 0.690889822569 0.506804781869 2.697628538046 0.644038899893 0.883726362173 0.253978675882 
Arquivo CSV criado com sucesso em: dataset\decomposition_based\adaptative_walk\l5_r0.5\fv_33300
33300. Decomposition 0.347827361984 0.241552590013 0.029628262895 0.018523990422 0.913216705895 0.026323808246 2.784749852789 0.533300025622 0.918104696023 0.299959252319 -0.002014336609 0.001370485842 0.000947337169 0.000581189285 0.815399467485 0.091841309508 2.908473235535 0.700998465035 0.794914216932 0.460033860539 0.201820433447 0.089536947546 0.137006505619 0.030248680366 0.842388020080 0.086978639485 2.623823537637 0.695057971446 0.739902619918 0.466150024704 
Arquivo CSV criado com sucesso em: dataset\decomposition_based\adaptative_walk\l5_r0.5\fv_33600
33600. Decomposition 0.345750155432 0.237708498546 0.030556712506 0.019116212347 0.917148472782 0.019979788776 2.790164084628 0.523401168007 0.926886097556 0.278914166772 -0.002068232295 0.001339942824 0.000966075332 0.000590352007 0.829939981178 0.068811011695 2.879566057838 0.750010884232 0.842437261389 0.346583219083 0.199614141134 0.083797723227 0.136654857415 0.030892161595 0.847282313894 0.075068731409 2.607346978982 0.714323291809 0.803280405987 0.330422110250 
Arquivo CSV criado com sucesso em: dataset\decomposition_based\adaptative_walk\l5_r0.5\fv_33900
33900. Decomposition 0.343941197817 0.234429440078 0.031272388325 0.019799638407 0.918564108643 0.018814529029 2.796250252796 0.512591878579 0.936552244519 0.256534204257 -0.002133743616 0.001325669785 0.001013084329 0.000632590812 0.848352348487 0.070027179657 2.982194323481 0.608733985251 0.798543295415 0.450964053084 0.195540067060 0.073415063171 0.139085162239 0.026885558729 0.868390916760 0.041262903685 2.640369318539 0.678388068886 0.785468531388 0.364789513246 
Arquivo CSV criado com sucesso em: dataset\decomposition_based\adaptative_walk\l5_r0.5\fv_34200
34200. Decomposition 0.342364687206 0.231626052925 0.031825952387 0.020450383822 0.919706956804 0.018463034340 2.805123798855 0.497479012244 0.945315021497 0.237146194586 -0.002178735891 0.001330806186 0.001023051547 0.000644722211 0.846185150992 0.067840103788 2.930091081490 0.668545085194 0.838496609774 0.355435187940 0.192481524646 0.065870197367 0.140634061270 0.024992078543 0.873033792126 0.042356968594 2.695944886706 0.644494531930 0.770214009167 0.396949498437 
Arquivo CSV criado com sucesso em: dataset\decomposition_based\adaptative_walk\l5_r0.5\fv_34500
34500. Decomposition 0.340882935332 0.229039032597 0.032375958603 0.021191935647 0.920697806797 0.018612813966 2.813839501800 0.483444162687 0.948352646283 0.230666678541 -0.002212694716 0.001342681059 0.001024309279 0.000646324232 0.840731593483 0.064621961527 2.913337444453 0.693358553077 0.874249417287 0.281162694882 0.189880398174 0.059690288672 0.141172366340 0.024483744863 0.870456752940 0.041240072463 2.635946029611 0.682570234042 0.808298198890 0.321503351213 
Arquivo CSV criado com sucesso em: dataset\decomposition_based\adaptative_walk\l5_r0.5\fv_34800
34800. Decomposition 0.339535465175 0.226728091649 0.032839770143 0.021883794520 0.921093297364 0.018789349182 2.820105273174 0.473890245326 0.952530845226 0.221988618181 -0.002259018380 0.001369617168 0.001049730370 0.000681883052 0.845761164399 0.067469094102 2.940311664615 0.654631391198 0.857516383198 0.314062392520 0.186698967896 0.052545598337 0.143205479509 0.023372810455 0.878981748477 0.049145343334 2.679558412439 0.650735036126 0.780485009900 0.375053370818 
Arquivo CSV criado com sucesso em: dataset\decomposition_based\adaptative_walk\l5_r0.5\fv_35100
35100. Decomposition 0.338386680114 0.224790169381 0.033132971755 0.022349851567 0.920983906105 0.018734005399 2.827277120866 0.463545068298 0.961207405295 0.204972886216 -0.002298100091 0.001401495879 0.001063274076 0.000703099551 0.846609260072 0.068230291573 2.933479691063 0.663824858329 0.867452707696 0.294051693276 0.184564929095 0.048102965398 0.143371777797 0.023342357832 0.875066808648 0.044076637393 2.637715170676 0.680873030378 0.814661728555 0.310757252077 
Arquivo CSV criado com sucesso em: dataset\decomposition_based\adaptative_walk\l5_r0.5\fv_35400
35400. Decomposition 0.337387231059 0.223128966521 0.033327222311 0.022670054866 0.920943923421 0.018715012843 2.837228797996 0.450311459222 0.970561938123 0.188495412699 -0.002329682871 0.001432980820 0.001069713333 0.000713686921 0.843737887390 0.065970673616 2.934412790025 0.662543522037 0.880756119930 0.269531737869 0.182158501504 0.043555568279 0.144255126335 0.023339380722 0.875022453340 0.044031822731 2.637479957201 0.681096804354 0.820393072735 0.301670809941 
Arquivo CSV criado com sucesso em: dataset\decomposition_based\adaptative_walk\l5_r0.5\fv_35700
35700. Decomposition 0.336526506673 0.221717251716 0.033435115450 0.022851674691 0.920874770750 0.018683734205 2.849983673557 0.435427607342 0.980502350432 0.173710961752 -0.002356582138 0.001463566934 0.001073300944 0.000719718019 0.843481170165 0.065813694581 2.942111459796 0.652283199436 0.892518099225 0.250575424872 0.180238062546 0.040384796635 0.144667082577 0.023429271238 0.874238068331 0.043291744489 2.642380643855 0.676554356397 0.830501468488 0.287178594631 
Arquivo CSV criado com sucesso em: dataset\decomposition_based\adaptative_walk\l5_r0.5\fv_36000
36000. Decomposition 0.335756732523 0.220469823665 0.033507180882 0.022974442869 0.920948566417 0.018717184281 2.864279390117 0.421799795535 0.989537352248 0.163339446657 -0.002375497379 0.001487030343 0.001070793229 0.000715492532 0.844317766545 0.066353145692 2.956895495688 0.634212949999 0.906666734370 0.232079613992 0.178634267393 0.038129742683 0.144819409229 0.023477071866 0.875699385983 0.044749170778 2.650469787418 0.669617034473 0.842600591813 0.272775967587 
Arquivo CSV criado com sucesso em: dataset\decomposition_based\adaptative_walk\l5_r0.5\fv_36300
36300. Decomposition 0.335054717404 0.219344857191 0.033561259989 0.023067323985 0.921026738049 0.018755086598 2.879171559843 0.411367103097 0.997506985132 0.157100024879 -0.002391589592 0.001508199132 0.001067722661 0.000710380862 0.843327887035 0.065723610268 2.974402587352 0.615807967600 0.919028722436 0.220642085377 0.176955378152 0.036230135035 0.145176146703 0.023619413053 0.876565922014 0.045768035877 2.658982522560 0.663091046584 0.848877316231 0.266731368821 
Arquivo CSV criado com sucesso em: dataset\decomposition_based\adaptative_walk\l5_r0.5\fv_36600
36600. Decomposition 0.334419243448 0.218337094886 0.033592602925 0.023121448019 0.921091747474 0.018788530609 2.894659033536 0.404904047173 1.004989548746 0.154039699895 -0.002416756767 0.001543416200 0.001073682646 0.000720365136 0.845059670930 0.066897954348 2.982705938283 0.608294556010 0.923684920646 0.217638523175 0.175689606887 0.035155998250 0.145152049329 0.023608466953 0.875643946331 0.044687770074 2.670630404240 0.655490679288 0.860473401038 0.258416045926 
Arquivo CSV criado com sucesso em: dataset\decomposition_based\adaptative_walk\l5_r0.5\fv_36900
36900. Decomposition 0.333841097231 0.217429095876 0.033606144869 0.023144898596 0.921102151311 0.018794044312 2.910568471306 0.403142657668 1.012070197037 0.153792463372 -0.002434765771 0.001570113420 0.001075490917 0.000723444807 0.843618987048 0.065897019526 2.996876452893 0.597389371673 0.927088358811 0.215925330941 0.174609699140 0.034507825231 0.145159013727 0.023611610800 0.873714341986 0.042854469288 2.683875132323 0.648775757435 0.866268967596 0.255739624916 
Arquivo CSV criado com sucesso em: dataset\decomposition_based\adaptative_walk\l5_r0.5\fv_37200
37200. Decomposition 0.333313807640 0.216608414223 0.033604812591 0.023142589732 0.921167934472 0.018829934594 2.926847303409 0.406521303670 1.018829218693 0.155973755861 -0.002452089628 0.001596907377 0.001075634863 0.000723690951 0.844787544073 0.066690970906 3.010054331831 0.589516776705 0.936161375134 0.213422619193 0.173249893822 0.034065711578 0.145291020107 0.023674221532 0.876185174536 0.045306850681 2.695300104993 0.644678253659 0.875560217024 0.253610031568 
Arquivo CSV criado com sucesso em: dataset\decomposition_based\adaptative_walk\l5_r0.5\fv_37500
37500. Decomposition 0.332834266654 0.215868286796 0.033588553576 0.023114443471 0.921168887068 0.018830467317 2.943610026600 0.415340083585 1.025446069239 0.160303898141 -0.002467393550 0.001621440920 0.001075741661 0.000723873668 0.844566446219 0.066528883561 3.024072509221 0.583643797037 0.942152131145 0.213451786383 0.172515961360 0.034005922162 0.145011947882 0.023548633732 0.875316741278 0.044334948027 2.714253026008 0.641423397801 0.886576598381 0.254601006776 
Arquivo CSV criado com sucesso em: dataset\decomposition_based\adaptative_walk\l5_r0.5\fv_37800
37800. Decomposition 0.332404253089 0.215209705411 0.033553734979 0.023054361375 0.921154437829 0.018822426645 2.961269238207 0.430122929493 1.032195145638 0.166780981636 -0.002475104908 0.001634097819 0.001072053730 0.000717610816 0.843265577831 0.065687773925 3.040277463179 0.580166740145 0.947858281569 0.214726520941 0.171472630447 0.034138705676 0.145050373821 0.023564396253 0.876212297691 0.045339012943 2.727402918621 0.641791855551 0.893016271192 0.256934541756 
Arquivo CSV criado com sucesso em: dataset\decomposition_based\adaptative_walk\l5_r0.5\fv_38100
38100. Decomposition 0.387764134684 0.263287763683 0.030900795518 0.023235732936 0.729034611847 0.576621343789 2.770621115850 0.720949356760 0.931017949096 0.349475655393 -0.002450085132 0.001563693610 0.001162776148 0.000733043159 0.659867754434 0.556857062964 2.844142778896 0.824871950362 0.858460062361 0.352703514195 0.190416818142 0.066260845630 0.145169832101 0.022355746823 0.688620381882 0.564517281419 2.558942351573 0.800941628516 0.805626142465 0.363337214920 
Arquivo CSV criado com sucesso em: dataset\decomposition_based\adaptative_walk\l5_r0.5\fv_38400
38400. Decomposition 0.385687529922 0.259393496243 0.032141311213 0.022245184201 0.894840016892 0.080922783462 2.841295025102 0.560756414080 0.933269213387 0.343492230631 -0.002338967857 0.001618540906 0.001061500939 0.000680904124 0.736914439929 0.328239084521 2.937914434793 0.643191418915 0.815442616277 0.463585799859 0.201465434743 0.096530460618 0.138119841930 0.030513997106 0.755851204306 0.363737457932 2.675569044436 0.632688691244 0.811629627101 0.350235891735 
Arquivo CSV criado com sucesso em: dataset\decomposition_based\adaptative_walk\l5_r0.5\fv_38700
38700. Decomposition 0.383847000010 0.256019157817 0.033058933400 0.021893987349 0.912710780023 0.030978744639 2.843757981794 0.555799988376 0.949310445596 0.301800409900 -0.002488028037 0.001560910325 0.001150740922 0.000720364624 0.808682331819 0.124003055492 3.013998121309 0.559996664521 0.781284166071 0.557233962642 0.193868681496 0.075458648434 0.137770900818 0.031236015519 0.804361725694 0.219904307943 2.628215953457 0.684623893760 0.803492640755 0.368093069369 
Arquivo CSV criado com sucesso em: dataset\decomposition_based\adaptative_walk\l5_r0.5\fv_39000
39000. Decomposition 0.382241411392 0.253137183306 0.033801074223 0.021860822940 0.918273403212 0.019829654048 2.855845258860 0.532294121319 0.954750303945 0.288117613198 -0.002518966542 0.001564777815 0.001123088555 0.000697469625 0.804808629407 0.134145944331 2.928865016516 0.657673662983 0.869752920087 0.325819876543 0.190348688331 0.066082755166 0.139752946813 0.027414816230 0.830082999264 0.145022384820 2.696858718967 0.618618201830 0.779892898336 0.423599432043 
Arquivo CSV criado com sucesso em: dataset\decomposition_based\adaptative_walk\l5_r0.5\fv_39300
39300. Decomposition 0.380823974710 0.250642330525 0.034393011248 0.021996485633 0.919834401773 0.018284725984 2.859752728144 0.525006042032 0.962714648886 0.268616767622 -0.002582472600 0.001589755790 0.001165210809 0.000735796871 0.823539935426 0.088536337152 3.068000598313 0.552967523429 0.814053701480 0.467321375039 0.186351764203 0.055950388932 0.142558906894 0.023562841903 0.853872821589 0.079735843840 2.733245915331 0.609495420979 0.755959152036 0.483984785924 
Arquivo CSV criado com sucesso em: dataset\decomposition_based\adaptative_walk\l5_r0.5\fv_39600
39600. Decomposition 0.379579985477 0.248492086068 0.034858370954 0.022202502340 0.920750752116 0.017894013513 2.865663376406 0.514293291576 0.970496201949 0.250300023445 -0.002618422554 0.001613724452 0.001154272760 0.000723921599 0.828897649612 0.078071714888 2.951377526037 0.623213433962 0.895762650479 0.269958427176 0.183548800912 0.049344326667 0.142825210878 0.023322406283 0.861735307964 0.061220703461 2.637870745859 0.671926396211 0.814588102126 0.343943024720 
Arquivo CSV criado com sucesso em: dataset\decomposition_based\adaptative_walk\l5_r0.5\fv_39900
39900. Decomposition 0.378438101030 0.246551550435 0.035282634147 0.022464407620 0.921743789952 0.017942745535 2.872790087094 0.501905755535 0.974674813855 0.240823339595 -0.002648494081 0.001638963909 0.001155224655 0.000724903777 0.829355786942 0.077266339368 2.967091112936 0.602488012569 0.914498141151 0.237590530473 0.181599884503 0.045106192163 0.142840338661 0.023309495476 0.860192482979 0.064593654062 2.641566339180 0.667334949760 0.840601893974 0.294395823599 
Arquivo CSV criado com sucesso em: dataset\decomposition_based\adaptative_walk\l5_r0.5\fv_40200
40200. Decomposition 0.377406172868 0.244825878335 0.035635434994 0.022734224612 0.922015671684 0.018042046352 2.878610913512 0.492245985795 0.979488777040 0.230268544356 -0.002681292392 0.001671616344 0.001160516457 0.000730543403 0.833838905859 0.070322353646 2.978620194607 0.589219994828 0.929153220918 0.219095792565 0.179896357784 0.041721388163 0.143016472142 0.023165189543 0.858714243472 0.067964209319 2.659291462420 0.647502919713 0.851617858463 0.277392890536 
Arquivo CSV criado com sucesso em: dataset\decomposition_based\adaptative_walk\l5_r0.5\fv_40500
40500. Decomposition 0.376452185983 0.243254704261 0.035952952728 0.023015999423 0.922579873204 0.018362357303 2.884484623260 0.482942852520 0.983121447704 0.222592946850 -0.002708419403 0.001702450667 0.001165233579 0.000735822919 0.834395413977 0.069593501268 2.995590781920 0.572938679759 0.933698099635 0.214869562434 0.177845895458 0.038160226506 0.143437888967 0.022865830966 0.863513779456 0.057549579108 2.670808478469 0.636669521464 0.865099137501 0.260808870343 
Arquivo CSV criado com sucesso em: dataset\decomposition_based\adaptative_walk\l5_r0.5\fv_40800
40800. Decomposition 0.375615544947 0.241896264374 0.036176252297 0.023235513746 0.922478330170 0.018293569646 2.890598760568 0.473761321519 0.989405001122 0.209990184173 -0.002745542125 0.001749907671 0.001181993294 0.000756426332 0.842407052293 0.063189849444 3.002923041953 0.567174867943 0.920838282777 0.228737247490 0.175667942580 0.035169983157 0.144311968243 0.022460103952 0.869083885058 0.048111802401 2.680504388921 0.628877600077 0.861116964117 0.265174094049 
Arquivo CSV criado com sucesso em: dataset\decomposition_based\adaptative_walk\l5_r0.5\fv_41100
41100. Decomposition 0.374891707702 0.240735911680 0.036316583025 0.023382233442 0.922441092484 0.018269551997 2.898839896804 0.462249624235 0.997223691204 0.195715527829 -0.002760794607 0.001771068126 0.001174582413 0.000746968610 0.839950549331 0.064271743238 3.019800049543 0.556990889177 0.946616450116 0.207331210830 0.174305065425 0.033810433213 0.144283641054 0.022468569866 0.869133835651 0.048045077469 2.690470157482 0.622185689126 0.876919203979 0.250773062871 
Arquivo CSV criado com sucesso em: dataset\decomposition_based\adaptative_walk\l5_r0.5\fv_41400
41400. Decomposition 0.374240103166 0.239703373652 0.036422261667 0.023497098027 0.922489072946 0.018300619433 2.908553196651 0.450049325743 1.004451069624 0.184200803166 -0.002781470858 0.001801212833 0.001177548730 0.000750689479 0.841804342745 0.063377720780 3.034743960743 0.551707751335 0.948814503921 0.206745582394 0.173066300544 0.032968301341 0.144299690518 0.022463734212 0.869836655818 0.047146739868 2.705515319601 0.614705288728 0.887294750833 0.245872028178 
Arquivo CSV criado com sucesso em: dataset\decomposition_based\adaptative_walk\l5_r0.5\fv_41700
41700. Decomposition 0.373655685888 0.238787116246 0.036495155128 0.023578485901 0.922556529011 0.018346118468 2.919439036922 0.438279169901 1.011441676500 0.174908975143 -0.002801319024 0.001831660244 0.001181124536 0.000755289895 0.844130962311 0.062936812759 3.048256450004 0.550041585516 0.948538177446 0.206807740896 0.171652516082 0.032503510349 0.144591067895 0.022393769086 0.872144508701 0.044772144418 2.715889001864 0.611437806712 0.890624613218 0.245117546909 
Arquivo CSV criado com sucesso em: dataset\decomposition_based\adaptative_walk\l5_r0.5\fv_42000
42000. Decomposition 0.373132342970 0.237974580745 0.036539025314 0.023628308811 0.922512993520 0.018316510916 2.931374211266 0.427874214953 1.018352295243 0.167806847874 -0.002818193855 0.001858654895 0.001184908579 0.000760292748 0.844923576241 0.062962849839 3.071360689669 0.554094763107 0.940369304319 0.210119628475 0.170583838290 0.032516952864 0.144598675240 0.022392396580 0.872675085399 0.044361227682 2.730538731589 0.609506048071 0.898614290369 0.244964746075 

Single Random walk:
200. Dominance: Arquivo CSV criado com sucesso em: dataset\pareto_based\random_walk\l5\fv_200
0.272959183673 0.022959183673 -1.000000000000 1.000000000000 0.000000000000 0.242959183673 0.052959183673 -1.000000000000 1.000000000000 0.000000000000 0.484081632653 0.075918367347 -1.000000000000 1.000000000000 0.000000000000 0.484081632653 0.075918367347 -1.000000000000 1.000000000000 0.000000000000 
400. Dominance: Arquivo CSV criado com sucesso em: dataset\pareto_based\random_walk\l5\fv_400
0.291581632653 0.025899227627 -0.402813551609 1.933381215095 -0.726729462170 0.231020408163 0.038625111115 -0.406656708354 1.737059659758 0.508967856895 0.477397959184 0.056729807270 -0.453586394186 1.989981576889 0.136328858927 0.477397959184 0.056729807270 -0.453586394186 1.989981576889 0.136328858927 

Single adaptive dominance walk:
Arquivo CSV criado com sucesso em: dataset\pareto_based\adaptative_walk\l5_r0.5\fv_200
200. Dominance: 0.346875000000 0.003125000000 -1.000000000000 1.000000000000 0.000000000000 0.157916666667 0.012083333333 -1.000000000000 1.000000000000 0.000000000000 0.495208333333 0.015208333333 -1.000000000000 1.000000000000 0.000000000000 0.495208333333 0.015208333333 -1.000000000000 1.000000000000 0.000000000000 
Arquivo CSV criado com sucesso em: dataset\pareto_based\adaptative_walk\l5_r0.5\fv_400
400. Dominance: 0.361842105263 0.034445548985 -0.510647717038 2.225468573689 0.977083989335 0.159605263158 0.011940381681 -0.358265087343 2.034888492960 -0.841067025040 0.478552631579 0.025046701532 -0.559063812539 2.025227262761 -0.413953674234 0.478552631579 0.025046701532 -0.559063812539 2.025227262761 -0.413953674234 
Arquivo CSV criado com sucesso em: dataset\pareto_based\adaptative_walk\l5_r0.5\fv_600
600. Dominance: 0.364649122807 0.027612636225 -0.381670220267 3.118402969799 0.986235636695 0.161228070175 0.013847429657 -0.277979382768 1.704291459798 -0.267724917527 0.474122807018 0.024186518735 -0.411835131259 1.720790327262 0.015361061520 0.474122807018 0.024186518735 -0.411835131259 1.720790327262 0.015361061520 
Arquivo CSV criado com sucesso em: dataset\pareto_based\adaptative_walk\l5_r0.5\fv_800
800. Dominance: 0.374361702128 0.029502629725 -0.200129331158 1.882172662916 0.280876997875 0.144707446809 0.035838187836 0.227447876311 4.091545928504 -1.446948834742 0.480930851064 0.033544214435 -0.202067705598 2.716932296944 0.802715052051 0.480930851064 0.033544214435 -0.202067705598 2.716932296944 0.802715052051 
Arquivo CSV criado com sucesso em: dataset\pareto_based\adaptative_walk\l5_r0.5\fv_1000
1000. Dominance: 0.366978723404 0.029369687474 -0.140037762700 2.091785751284 0.506960725863 0.141702127660 0.033013708279 0.156451272305 4.082794138134 -1.261296697714 0.491319148936 0.038827519607 -0.093640575490 1.773129142827 0.310323956261 0.491319148936 0.038827519607 -0.093640575490 1.773129142827 0.310323956261 
Arquivo CSV criado com sucesso em: dataset\pareto_based\adaptative_walk\l5_r0.5\fv_1200
1200. Dominance: 0.384113475177 0.047396319966 0.255785143862 2.712042254355 0.851923964270 0.127819148936 0.042545489108 0.500780977754 1.889200518303 -0.596752562888 0.488067375887 0.038536437651 -0.052471511960 2.089710296115 0.516690166522 0.488067375887 0.038536437651 -0.052471511960 2.089710296115 0.516690166522 
Arquivo CSV criado com sucesso em: dataset\pareto_based\adaptative_walk\l5_r0.5\fv_1400
1400. Dominance: 0.391770186335 0.047780459400 0.401858943444 2.078302460295 0.441347096637 0.118944099379 0.045028185816 0.612866280450 1.424044358683 -0.214745434130 0.489285714286 0.035549620395 -0.051635561490 2.364634084526 0.487966424777 0.489285714286 0.035549620395 -0.051635561490 2.364634084526 0.487966424777 
Arquivo CSV criado com sucesso em: dataset\pareto_based\adaptative_walk\l5_r0.5\fv_1600
1600. Dominance: 0.407608695652 0.060256814908 0.673101262836 1.911299317631 0.408823644808 0.112826086957 0.045261527373 0.647186016434 1.349002664007 0.045114400870 0.479565217391 0.039274794103 0.148316829835 2.543469939656 0.484897501501 0.479565217391 0.039274794103 0.148316829835 2.543469939656 0.484897501501 
Arquivo CSV criado com sucesso em: dataset\pareto_based\adaptative_walk\l5_r0.5\fv_1800
1800. Dominance: 0.413550724638 0.060766691882 0.627039205752 1.884508155388 0.285438315494 0.108067632850 0.044869111666 0.664003318100 1.401907028217 0.248094285240 0.478381642512 0.039795160649 0.180573521258 2.425489243765 0.386013259272 0.478381642512 0.039795160649 0.180573521258 2.425489243765 0.386013259272 
Arquivo CSV criado com sucesso em: dataset\pareto_based\adaptative_walk\l5_r0.5\fv_2000
2000. Dominance: 0.418369565217 0.059326541015 0.655319713143 1.841982246024 0.081614929985 0.100130434783 0.048601053300 0.736079105317 1.567729879912 0.261523263931 0.481500000000 0.039783790669 0.251742501058 2.330999957811 0.279893080092 0.481500000000 0.039783790669 0.251742501058 2.330999957811 0.279893080092 
Arquivo CSV criado com sucesso em: dataset\pareto_based\adaptative_walk\l5_r0.5\fv_2200
2200. Dominance: 0.429011857708 0.067825856620 0.617830598501 2.509036979968 0.345757272105 0.095158102767 0.048887133314 0.747109338801 1.625318721587 0.419646066937 0.475830039526 0.044272131613 0.139132078538 3.029537148009 -0.158183555638 0.475830039526 0.044272131613 0.139132078538 3.029537148009 -0.158183555638 
Arquivo CSV criado com sucesso em: dataset\pareto_based\adaptative_walk\l5_r0.5\fv_2400
2400. Dominance: 0.439692028986 0.072850902020 0.730649030900 1.999235670822 0.148279197391 0.090108695652 0.049704744182 0.772885685894 1.726392603866 0.521732146355 0.470199275362 0.044925545626 0.291509165099 2.723075863177 0.106316803150 0.470199275362 0.044925545626 0.291509165099 2.723075863177 0.106316803150 
Arquivo CSV criado com sucesso em: dataset\pareto_based\adaptative_walk\l5_r0.5\fv_2600
2600. Dominance: 0.450334448161 0.079585803183 0.798780529186 2.015039709273 0.167126273802 0.086220735786 0.049918469114 0.772185071286 1.868664214228 0.593945019245 0.463444816054 0.048938703500 0.429483537134 2.511158403041 0.059655799244 0.463444816054 0.048938703500 0.429483537134 2.511158403041 0.059655799244 
Arquivo CSV criado com sucesso em: dataset\pareto_based\adaptative_walk\l5_r0.5\fv_2800
2800. Dominance: 0.457360248447 0.080795391798 0.779606418879 1.848094916325 0.013774078563 0.082624223602 0.049871625931 0.770338988706 1.997606482462 0.689733043982 0.460015527950 0.049110159360 0.427964590027 2.429674640561 0.162570951515 0.460015527950 0.049110159360 0.427964590027 2.429674640561 0.162570951515 
Arquivo CSV criado com sucesso em: dataset\pareto_based\adaptative_walk\l5_r0.5\fv_3000
3000. Dominance: 0.472000000000 0.097173384559 0.886891007592 3.248489175217 0.574051707226 0.077666666667 0.051619333157 0.807905391488 2.121576265043 0.669111039158 0.450333333333 0.062208431011 0.581069201617 4.706767307006 -0.835909404417 0.450333333333 0.062208431011 0.581069201617 4.706767307006 -0.835909404417 
Dominance adaptive walk: 30
Arquivo CSV criado com sucesso em: dataset\decomposition_based\adaptative_walk\l5_r0.5\mo_features_random_walk_decomposition.csv
