
Multi Random walk:
Arquivo CSV criado com sucesso em: dataset\decomposition_based\random_walk\l50\fv_300
300. Decomposition 0.532466471484 0.000000000000 0.131414502671 0.000000000000 0.557612978978 0.000000000000 1.694330428577 0.000000000000 0.013373986236 0.000000000000 0.018362246366 0.000000000000 0.033171028263 0.000000000000 -0.281889345216 0.000000000000 2.158021571654 0.000000000000 0.516461085212 0.000000000000 0.526296296296 0.000000000000 0.115531811426 0.000000000000 -0.124724342693 0.000000000000 1.845906238116 0.000000000000 0.157196103138 0.000000000000 
Arquivo CSV criado com sucesso em: dataset\decomposition_based\random_walk\l50\fv_600
600. Decomposition 0.571411872276 0.000000000000 0.162149776313 0.000000000000 0.914142548879 0.000000000000 2.267983820210 0.000000000000 -0.405227052626 0.000000000000 0.008341822962 0.000000000000 0.023637255393 0.000000000000 0.103075589185 0.000000000000 2.886964617839 0.000000000000 -0.241467414090 0.000000000000 0.519074074074 0.000000000000 0.119547185213 0.000000000000 0.125279218849 0.000000000000 2.755166038294 0.000000000000 -0.405819944770 0.000000000000 
Arquivo CSV criado com sucesso em: dataset\decomposition_based\random_walk\l50\fv_900
900. Decomposition 0.486159278420 0.000000000000 0.214048954896 0.000000000000 0.931668326218 0.000000000000 1.728934642586 0.000000000000 -0.055689065436 0.000000000000 -0.000375273042 0.000000000000 0.023882663903 0.000000000000 0.363696844524 0.000000000000 2.334061269971 0.000000000000 -0.015866568942 0.000000000000 0.477530864198 0.000000000000 0.134133174797 0.000000000000 0.352431985524 0.000000000000 2.322181556765 0.000000000000 -0.265073644002 0.000000000000 
Arquivo CSV criado com sucesso em: dataset\decomposition_based\random_walk\l50\fv_1200
1200. Decomposition 0.486746927607 0.486712524488 0.003825035687 0.003808117194 0.614358417295 0.328680812328 1.709360615574 0.048808913474 -0.077074828910 0.163923096168 -0.000500200401 0.000500038822 0.001088368176 0.001086602025 0.154431800412 0.241138054423 3.006608966152 0.640430419221 -0.396942962276 0.545254429277 0.433500000000 0.038500000000 0.102862626828 0.027198897076 -0.051871824606 0.397560300868 2.385573178390 0.006194448007 -0.268526507229 0.081216786986 
Arquivo CSV criado com sucesso em: dataset\decomposition_based\random_walk\l50\fv_1500
1500. Decomposition 0.484921293449 0.484886890330 0.003979099352 0.003962180859 0.755598353589 0.187440876034 1.783496505288 0.122944803187 0.061229693796 0.025618573463 -0.000477854993 0.000477693413 0.000951192674 0.000949426523 0.094821670592 0.300748184243 2.927716158312 0.561537611381 -0.143169426043 0.291480893044 0.436000000000 0.036000000000 0.108619751387 0.021441772516 0.006177571464 0.339510904798 2.503016777187 0.111249150791 -0.184213702439 0.003096017804 
Arquivo CSV criado com sucesso em: dataset\decomposition_based\random_walk\l50\fv_1800
1800. Decomposition 0.481334085237 0.481299903574 0.004105632944 0.004088823357 0.783747511273 0.159291718350 1.761090313909 0.100538611808 0.178560033795 0.091711766536 -0.000305412799 0.000305252260 0.001003166860 0.001001412077 0.180266920388 0.215302934447 2.870154095915 0.503975548983 0.058730878248 0.089580588753 0.449125000000 0.022875000000 0.117467479765 0.012594044139 0.231749897300 0.113938578962 3.113031565151 0.721263938755 0.128575342919 0.315885063162 
Arquivo CSV criado com sucesso em: dataset\decomposition_based\random_walk\l50\fv_2100
2100. Decomposition 0.484354197999 0.399264128904 0.002630784035 0.001858098738 0.481061200225 0.457680527452 1.830113738327 0.220915510423 0.305897494485 0.155936047417 -0.000672925621 0.000721459538 0.000967553243 0.000803438419 0.042504212072 0.266045727286 2.781357762499 0.549596355449 -0.268562057012 0.509832429767 0.427952380952 0.036399957639 0.128410322885 0.021302961940 0.143269117240 0.154624829638 2.446098816499 0.998268277329 0.035059626537 0.246374862909 
Arquivo CSV criado com sucesso em: dataset\decomposition_based\random_walk\l50\fv_2400
2400. Decomposition 0.471838682113 0.390605035427 0.005626908414 0.005562467055 0.789108344907 0.122736556315 1.914933297490 0.197545599480 0.287662981264 0.147620180791 0.000107221898 0.000410592570 0.001005771688 0.000866033951 0.173618901651 0.171298200221 2.826300814534 0.523074325165 -0.101700567233 0.275742341951 0.473428571429 0.036872827966 0.121512763333 0.014176560863 0.211418956382 0.098171030725 2.935774115837 0.553369241705 -0.215973624952 0.497539447692 
Arquivo CSV criado com sucesso em: dataset\decomposition_based\random_walk\l50\fv_2700
2700. Decomposition 0.467529711564 0.385269135615 0.007369258623 0.007963497661 0.833128429644 0.135201472797 1.965530164071 0.216550030154 0.306206367544 0.156109786621 0.000076574105 0.000369977579 0.000961296848 0.000809534525 0.114272387978 0.198948382775 2.699411670581 0.612147852873 -0.067464729057 0.228194135669 0.476115646259 0.040255301926 0.121714464996 0.014341110501 0.173471417661 0.123660646503 2.889050942550 0.575059537022 -0.084572289156 0.343952671414 
Arquivo CSV criado com sucesso em: dataset\decomposition_based\random_walk\l50\fv_3000
3000. Decomposition 0.466047980139 0.383439492768 0.006954759677 0.007388539974 0.836855543549 0.137504839275 2.189698980565 0.452711950217 0.453111774648 0.305628563402 -0.000017431751 0.000251152796 0.000930009561 0.000770382473 0.155706899028 0.175922077962 2.722161438795 0.593175656120 0.037260082990 0.088781242591 0.473714285714 0.037228655484 0.118634189133 0.012318226030 0.170218484603 0.126667699958 2.899613593583 0.569558004154 -0.032174769560 0.293305573845 
Arquivo CSV criado com sucesso em: dataset\decomposition_based\random_walk\l50\fv_3300
3300. Decomposition 0.491590056328 0.364185427527 0.006622155825 0.005397439977 0.846195919532 0.120176592931 2.122088967148 0.409175297574 0.193986339775 0.521051424593 0.000070676899 0.000208038001 0.000976713270 0.000733125926 0.109802466111 0.169088009967 2.497901857149 0.637227205653 0.063063818494 0.050068956461 0.487673076923 0.040212099470 0.126547379128 0.018060685222 0.034080778684 0.261108704160 3.113813908717 0.569039280035 -0.144422834572 0.317804271961 
Arquivo CSV criado com sucesso em: dataset\decomposition_based\random_walk\l50\fv_3600
3600. Decomposition 0.488350264465 0.361134838139 0.006974696345 0.005755733225 0.842060223929 0.119423413582 2.026051225651 0.483790084093 0.316128464461 0.355457305291 -0.000003117350 0.000164759246 0.000981474295 0.000742146645 0.131035774593 0.157720971497 2.567588434154 0.577425938917 0.096538058378 0.070001639055 0.484211538462 0.037093172907 0.124257176909 0.015002946536 0.069321841012 0.207216507620 2.986042277992 0.486639149472 -0.014941513512 0.260615408304 
Arquivo CSV criado com sucesso em: dataset\decomposition_based\random_walk\l50\fv_3900
3900. Decomposition 0.486556394683 0.358783072635 0.007469559072 0.006320104436 0.846086193615 0.120151156132 2.069830137856 0.443640283066 0.425994738437 0.268817066113 -0.000055703119 0.000189091644 0.000937093934 0.000683157405 0.117631501805 0.164031116396 2.639575733867 0.537569455634 0.124015689987 0.109037857769 0.481369658120 0.035095530572 0.120888075063 0.011556869637 0.079070951572 0.193060533202 3.059453042358 0.524236904558 0.004755800767 0.267775067312 
Arquivo CSV criado com sucesso em: dataset\decomposition_based\random_walk\l50\fv_4200
4200. Decomposition 0.467616179789 0.335896984468 0.007339558242 0.005807018006 0.850988160282 0.107908912720 2.006188952845 0.416779043218 0.277620798274 0.336614944044 0.000223612227 0.000524844067 0.001019203376 0.000841417134 0.024617823719 0.232796450959 2.992916694777 0.878896613100 0.394146611847 0.566308217167 0.503200000000 0.052051512946 0.117777634363 0.012199542777 -0.011562838529 0.258039869280 2.713692985882 0.732082872355 0.017209392962 0.241378187750 
Arquivo CSV criado com sucesso em: dataset\decomposition_based\random_walk\l50\fv_4500
4500. Decomposition 0.466815471984 0.335494962936 0.007049173916 0.005400427878 0.820752092677 0.118578241390 2.040777762683 0.401345094933 0.326405528901 0.284455733925 0.000159916686 0.000401281681 0.000910787514 0.000665020934 0.100739170325 0.151005012874 2.496003649878 0.551349601864 0.072400924995 0.118540125145 0.496418181818 0.042235373526 0.123726352114 0.011762513966 0.087023494402 0.158979660072 2.803595757472 0.598588230417 -0.069770883875 0.259181645264 
Arquivo CSV criado com sucesso em: dataset\decomposition_based\random_walk\l50\fv_4800
4800. Decomposition 0.465624897978 0.333740863163 0.007194027570 0.005605207121 0.833038767981 0.110438648483 2.138299313283 0.420727219942 0.356760159701 0.265269003053 0.000149877474 0.000382078328 0.000885028635 0.000626204545 0.092539370239 0.154778086779 2.532890514185 0.520467465720 0.049308005538 0.154581387799 0.497177272727 0.043233491571 0.120422202432 0.010450892660 0.086046423731 0.159067481938 2.903391485679 0.486669775738 -0.095355510470 0.285159886581 
Arquivo CSV criado com sucesso em: dataset\decomposition_based\random_walk\l50\fv_5100
5100. Decomposition 0.469552576141 0.329512496304 0.006043051026 0.004034793879 0.736935197868 0.238221695948 2.277295164171 0.467384884081 0.160372108943 0.607130889875 0.000598628808 0.001104066521 0.000773364870 0.000481091748 -0.012521595856 0.283092730194 2.544677885080 0.460244022309 0.182982742053 0.261126335063 0.540333333333 0.102333876220 0.116340312288 0.013512897665 0.003425384764 0.247337272390 2.712278188044 0.615930232354 0.001621225655 0.282680864017 
Arquivo CSV criado com sucesso em: dataset\decomposition_based\random_walk\l50\fv_5400
5400. Decomposition 0.467327807032 0.326146237992 0.006998240984 0.005018457603 0.870291899029 0.129973551802 2.513695820919 0.826249216406 0.181920628144 0.563223966195 0.000515841188 0.000926218325 0.000863355231 0.000578789335 0.119023620870 0.146799083233 2.429153746733 0.546619740153 0.030847693713 0.144617899642 0.522000000000 0.066820655489 0.118127850722 0.011036796804 0.116945408853 0.154678111116 2.902816895492 0.444658359395 0.029482091290 0.321368780710 
Arquivo CSV criado com sucesso em: dataset\decomposition_based\random_walk\l50\fv_5700
5700. Decomposition 0.466977633352 0.325620149433 0.007306608686 0.005477962132 0.844419510105 0.103543476788 2.288055951097 0.476906853448 0.289854479937 0.360151908990 0.000414601522 0.000713773519 0.000880191646 0.000602795896 0.136827022120 0.164057090882 2.455532748747 0.516891449181 0.065367512067 0.106490988599 0.514142857143 0.054031358997 0.119124756549 0.010089052271 0.119747570475 0.156957274000 2.930299611330 0.448864867908 0.024395431481 0.313738791666 
Arquivo CSV criado com sucesso em: dataset\decomposition_based\random_walk\l50\fv_6000
6000. Decomposition 0.467678644860 0.326674356859 0.007158069886 0.005250341198 0.839151855141 0.101414124437 2.368334977360 0.575380545899 0.209926819126 0.507320569206 0.000407432259 0.000699061003 0.000875699042 0.000596252066 0.136466430915 0.163629527592 2.471751804820 0.501190616855 0.072548793186 0.104143902973 0.514833333333 0.055049724997 0.118511168317 0.010627150021 0.107154746065 0.148526514918 2.897576152882 0.444816584765 0.015685435336 0.301222836892 
Arquivo CSV criado com sucesso em: dataset\decomposition_based\random_walk\l50\fv_6300
6300. Decomposition 0.478392395474 0.321678047234 0.007450024203 0.005270938497 0.872643470248 0.124682371120 2.397046490079 0.537321315951 0.323060143507 0.545345135963 0.000228539394 0.000642856717 0.000936372950 0.000658903178 0.159466321097 0.161448309751 2.636822710867 0.596373718261 -0.059131010764 0.319014542055 0.512433862434 0.051581520230 0.118305277453 0.009947563383 0.116933672817 0.139630723281 3.018527807520 0.497008002419 -0.082186147727 0.364936703283 
Arquivo CSV criado com sucesso em: dataset\decomposition_based\random_walk\l50\fv_6600
6600. Decomposition 0.479751596454 0.323663602653 0.007594473167 0.005495092382 0.846051278382 0.095400085008 2.252944343164 0.603040696437 0.174874857991 0.477470693008 0.000338238871 0.000565697514 0.000928596402 0.000645693339 0.165531179572 0.167521810759 2.684731866409 0.677751153319 -0.059127004539 0.319005212457 0.514365079365 0.051220714583 0.119211568062 0.010142229877 0.123123615848 0.143374106317 2.903230278367 0.411713251924 -0.030259708562 0.298421617557 
Arquivo CSV criado com sucesso em: dataset\decomposition_based\random_walk\l50\fv_6900
6900. Decomposition 0.479382820574 0.323368355588 0.007690554957 0.005656131974 0.851592954095 0.098712965878 2.285272823760 0.570231548551 0.215525962976 0.469887779450 0.000317922040 0.000570856431 0.000910823344 0.000617186954 0.149427515856 0.154040101723 2.643736555002 0.607391097213 -0.035735237446 0.265127004857 0.512239858907 0.051641583344 0.118045543620 0.009982502406 0.106421427338 0.136934493984 2.900336129271 0.411842914660 -0.013702781203 0.285989206403 
Arquivo CSV criado com sucesso em: dataset\decomposition_based\random_walk\l50\fv_7200
7200. Decomposition 0.499753479929 0.325347722355 0.008182339689 0.006059851137 0.871536936502 0.104507880819 2.272393749498 0.577532628163 0.198851221416 0.486922705795 0.000180801884 0.000581993787 0.000927751989 0.000591145817 0.159814456176 0.155970195616 2.492668617692 0.727586694181 -0.041216624397 0.262151677138 0.503000000000 0.056271662495 0.116464764600 0.011088670194 0.062390300293 0.208152159819 2.739284862100 0.538826843365 -0.081288776774 0.321452121637 
Arquivo CSV criado com sucesso em: dataset\decomposition_based\random_walk\l50\fv_7500
7500. Decomposition 0.498060513389 0.322953395093 0.008412263262 0.006251639627 0.855142857160 0.095403312980 2.389867187223 0.499714133002 0.327055045407 0.486242710444 0.000069004151 0.000789500050 0.000968767026 0.000649830084 0.147400165520 0.161841838404 2.580316506405 0.619135473534 -0.002583140137 0.282464653059 0.499750000000 0.061216317269 0.120621950198 0.010593400328 0.107214431124 0.139900176250 2.801948355093 0.440773624076 0.030147976523 0.292102212343 
Arquivo CSV criado com sucesso em: dataset\decomposition_based\random_walk\l50\fv_7800
7800. Decomposition 0.496493149878 0.322278747862 0.008641211014 0.006508704561 0.859985958327 0.096165926771 2.403758298965 0.502568437939 0.325751284990 0.485057287445 0.000073400390 0.000776479456 0.000942795732 0.000613985586 0.172370877617 0.156952406817 2.581014551996 0.618544436542 -0.039497944432 0.262243276862 0.501359375000 0.058662416015 0.118742757209 0.009333208578 0.121487510928 0.133836869669 2.813117333133 0.427707361562 -0.002892218241 0.269316193092 
Arquivo CSV criado com sucesso em: dataset\decomposition_based\random_walk\l50\fv_8100
8100. Decomposition 0.497896584638 0.317853999664 0.007771658910 0.005648677187 0.737142497077 0.367233389728 2.231737534748 0.549884665968 0.200279529981 0.473381739282 0.000208906336 0.000696217822 0.001072121267 0.000858101289 0.132423032706 0.173594023229 2.567948146071 0.647165143853 -0.071399086756 0.312389972627 0.507634920635 0.054894006757 0.113067345593 0.017535964600 0.109169620825 0.129162369726 2.795561516740 0.399769566598 -0.038983624963 0.265856756970 
Arquivo CSV criado com sucesso em: dataset\decomposition_based\random_walk\l50\fv_8400
8400. Decomposition 0.493721557955 0.314685261460 0.007904355379 0.005623220520 0.806739774381 0.183370053969 2.244798404372 0.536415883388 0.238369224159 0.439531146241 0.000159763053 0.000634716116 0.001003077646 0.000719144590 0.205351765191 0.185341064891 2.606324075282 0.599343601445 0.001794741423 0.262069523026 0.506206349206 0.054045169280 0.118198165864 0.008855014032 0.164590716723 0.182521196313 2.950820726297 0.517465434162 0.089623945571 0.377798983304 
Arquivo CSV criado com sucesso em: dataset\decomposition_based\random_walk\l50\fv_8700
8700. Decomposition 0.490570291376 0.312483281386 0.007948737171 0.005615451367 0.818780458137 0.154835669825 2.311733549842 0.505564798539 0.244794268526 0.436191452781 0.000044318302 0.000606171565 0.000974159863 0.000669909055 0.195826040581 0.170202518184 2.597681479423 0.608754183066 0.021558417640 0.274904446263 0.500265306122 0.053726913547 0.116884363140 0.009846626889 0.156192150624 0.166235749115 2.825614235821 0.388084509686 0.012852840626 0.260547114375 
Arquivo CSV criado com sucesso em: dataset\decomposition_based\random_walk\l50\fv_9000
9000. Decomposition 0.490105935475 0.311787077333 0.008597529809 0.006116569560 0.862328113147 0.091853105830 2.597341710673 0.961219910964 0.110409166122 0.623700048674 0.000028223191 0.000616400688 0.000971843244 0.000665556647 0.171935020372 0.147839108151 2.655961428112 0.563080984702 0.003015998765 0.262536003479 0.498984126984 0.054343429822 0.118111915730 0.008875906257 0.142097319272 0.143662094419 2.870293905299 0.404518116252 -0.036390911119 0.263663832809 
Arquivo CSV criado com sucesso em: dataset\decomposition_based\random_walk\l50\fv_9300
9300. Decomposition 0.473536795711 0.300330156279 0.008513035168 0.006048914118 0.867106674353 0.088310846278 2.499912205503 0.957591730232 0.068844537992 0.604690119357 0.000095878442 0.000537837847 0.000946528740 0.000640600801 0.131276806358 0.184009241981 2.577386743141 0.594074204661 0.006088733210 0.248978525301 0.503144444444 0.052267144981 0.117915684115 0.009539461005 0.101793490397 0.169993033571 2.749873660031 0.421864371387 -0.012976618266 0.244246993958 
Arquivo CSV criado com sucesso em: dataset\decomposition_based\random_walk\l50\fv_9600
9600. Decomposition 0.472171680993 0.298150648807 0.008609508597 0.006218440715 0.863990083332 0.087282031654 2.540658563224 0.927613151239 0.165382462739 0.614247625728 0.000062738374 0.000508740326 0.000936485324 0.000624528888 0.131943183930 0.182717994235 2.656405415085 0.531795840547 0.018732800743 0.253728487663 0.500755555556 0.051319305443 0.117262565250 0.009192827364 0.111162756522 0.153669759752 2.759025165680 0.409310722617 0.039238811662 0.268191112761 
Arquivo CSV criado com sucesso em: dataset\decomposition_based\random_walk\l50\fv_9900
9900. Decomposition 0.471260179836 0.296717927884 0.008797908877 0.006573683469 0.869277729285 0.089598929825 2.605908307777 0.912255350647 0.166049210330 0.614787692068 0.000023358597 0.000498329690 0.000938116959 0.000627069436 0.158714674263 0.144819556628 2.708755848297 0.546121453230 -0.000543474452 0.248773809289 0.499885185185 0.051219427497 0.118056296411 0.009664561277 0.118755297208 0.143150569053 2.823973734821 0.369860845823 0.046317564536 0.278150028590 

Multi adaptive decomposition walk:
Arquivo CSV criado com sucesso em: dataset\decomposition_based\adaptative_walk\l50_r0.1\fv_300
300. Decomposition 0.000005465658 0.000000000000 0.000003712969 0.000000000000 0.895184659799 0.000000000000 1.958324764965 0.000000000000 0.422797514930 0.000000000000 -0.000000156507 0.000000000000 0.000000233951 0.000000000000 0.590525799973 0.000000000000 3.420119139788 0.000000000000 1.072478939309 0.000000000000 0.384814814815 0.000000000000 0.146206723634 0.000000000000 0.550221490319 0.000000000000 1.973555909202 0.000000000000 0.190186892102 0.000000000000 
Arquivo CSV criado com sucesso em: dataset\decomposition_based\adaptative_walk\l50_r0.1\fv_600
600. Decomposition 0.047988440930 0.047983148488 0.001764240578 0.001759935760 0.882558129691 0.026155972648 1.944512721819 0.258542342599 0.338508553938 0.287253207022 -0.000175751188 0.000175495756 0.000093239606 0.000092989280 0.211013693775 0.501357831865 3.326986120964 0.598257129047 0.972504042507 0.031048350764 0.312984625668 0.017530080214 0.140112781828 0.043233072991 0.054586916450 0.691746511913 1.726395090684 0.324000262168 0.246700840199 0.002846542706 
Arquivo CSV criado com sucesso em: dataset\decomposition_based\adaptative_walk\l50_r0.1\fv_900
900. Decomposition 0.044806780089 0.044801487647 0.002679715583 0.002675410766 0.908298686539 0.000415415800 2.337755005079 0.134699940661 0.701033210069 0.075271449109 -0.000246579824 0.000246324392 0.000122841018 0.000122590692 0.447981300917 0.264390224723 4.424636761401 0.499393511390 0.136988134289 0.804467557454 0.272727272727 0.022727272727 0.156781532331 0.026564322488 0.522021676014 0.224311752350 2.233037913112 0.182642560260 0.183846587436 0.065700795469 
Arquivo CSV criado com sucesso em: dataset\decomposition_based\adaptative_walk\l50_r0.1\fv_1200
1200. Decomposition 0.092870017257 0.077189798965 0.005025174118 0.003971678905 0.908690621448 0.000649825210 2.191543493946 0.234204315328 0.564429928005 0.202726681459 -0.000401689453 0.000298233002 0.000233392946 0.000188484949 0.453805690373 0.214739023598 3.503777791051 1.021172006718 0.198031548002 0.584082642059 0.292929292929 0.034067519099 0.151530345557 0.022925795033 0.507849213942 0.184243205728 2.165090930871 0.177404776346 0.230400767337 0.084925337891 
Arquivo CSV criado com sucesso em: dataset\decomposition_based\adaptative_walk\l50_r0.1\fv_1500
1500. Decomposition 0.089181329697 0.072638260139 0.006228393045 0.005473399793 0.917027382139 0.012348898760 2.296122070537 0.124750357995 0.670975163080 0.074727280237 -0.000477306262 0.000384288619 0.000233443041 0.000188545677 0.452062667125 0.214682906742 3.642457840714 0.831277069237 0.303962806330 0.592370037953 0.261447811448 0.024470494694 0.153677137462 0.022129543327 0.556998277145 0.189711799180 2.409590970712 0.290827842846 0.398874861804 0.308791268074 
Arquivo CSV criado com sucesso em: dataset\decomposition_based\adaptative_walk\l50_r0.1\fv_1800
1800. Decomposition 0.139002951818 0.107346375494 0.008060795531 0.005709535499 0.909809313993 0.016876263378 2.232099842076 0.198238481553 0.571801077752 0.222516176859 -0.000526920881 0.000356557365 0.000315569944 0.000215796549 0.229894166761 0.448835987496 3.301789088202 0.934744951468 0.157979652664 0.594904112185 0.292971734148 0.070413579609 0.146427391243 0.023335704214 0.372776651171 0.382367114943 2.467622425168 0.328649774237 0.386273968651 0.287743819314 
Arquivo CSV criado com sucesso em: dataset\decomposition_based\adaptative_walk\l50_r0.1\fv_2100
2100. Decomposition 0.133596948535 0.099859806279 0.010115934035 0.008119011449 0.920981175128 0.012725759372 2.268512818181 0.146156416107 0.655530073564 0.088878618616 -0.000678739488 0.000473805123 0.000348874692 0.000256584978 0.458832044294 0.187280256161 3.298044312236 0.939057914268 0.369684796034 0.524080543572 0.263007947934 0.029789048658 0.151608055741 0.019572451575 0.574133715639 0.169543308429 2.556085626705 0.354004629651 0.484275476745 0.309972434697 
Arquivo CSV criado com sucesso em: dataset\decomposition_based\adaptative_walk\l50_r0.1\fv_2400
2400. Decomposition 0.187403854875 0.141655444311 0.010171442715 0.007879637434 0.866379777059 0.111026808888 2.199749874134 0.309096836099 0.586379793779 0.259287917277 -0.000455707743 0.000778149448 0.000501234804 0.000367111907 0.204760387291 0.617220010523 3.149978597662 0.886225452822 0.453879679634 0.491984817377 0.326798299739 0.155979514842 0.155498705924 0.017740826828 0.254810271219 0.717294660382 2.578145026212 0.425558205024 0.562063846834 0.319959209857 
Arquivo CSV criado com sucesso em: dataset\decomposition_based\adaptative_walk\l50_r0.1\fv_2700
2700. Decomposition 0.179684819051 0.129785965744 0.013811151722 0.010166366503 0.923531528174 0.012506376539 2.267078496249 0.184193693217 0.655020750611 0.128327456218 -0.000806096350 0.000517620251 0.000516838822 0.000390294759 0.506085097944 0.176154271814 3.188912733100 0.850914126849 0.422932943178 0.478773604275 0.276375222816 0.058799546750 0.157780156871 0.019448743395 0.572420890185 0.172574313776 2.695273989634 0.407113129238 0.448219405535 0.356234717721 
Arquivo CSV criado com sucesso em: dataset\decomposition_based\adaptative_walk\l50_r0.1\fv_3000
3000. Decomposition 0.227650260432 0.159813689197 0.015008978748 0.009659354075 0.923162560215 0.011446479745 2.201912348783 0.222499208378 0.577985362838 0.208315949613 -0.000972192268 0.000598900183 0.000633133318 0.000440524471 0.491055427119 0.164837588218 3.110656531428 0.794093949572 0.234426015545 0.580292225886 0.291794167162 0.063795570421 0.152707980773 0.021067657714 0.595741850116 0.165944510826 2.731664200659 0.380445555400 0.256640262012 0.537834069446 
Arquivo CSV criado com sucesso em: dataset\decomposition_based\adaptative_walk\l50_r0.1\fv_3300
3300. Decomposition 0.223686025518 0.154004961845 0.016248594050 0.010762657606 0.924581818887 0.011655761009 2.247487884290 0.173757659502 0.655415233484 0.117149725137 -0.001103178495 0.000812057483 0.000641536195 0.000451546731 0.525508106139 0.166144317640 3.017413146117 0.870259360474 0.392285191770 0.434813998419 0.272442315310 0.054392043435 0.158358454090 0.017801221533 0.595816596490 0.165997108951 2.531750974459 0.521360207334 0.412266077513 0.334986349081 
Arquivo CSV criado com sucesso em: dataset\decomposition_based\adaptative_walk\l50_r0.1\fv_3600
3600. Decomposition 0.277319855553 0.195261027692 0.016096969575 0.010474712889 0.849103462478 0.189236380221 2.228977231269 0.271919014690 0.606859700932 0.221156809327 -0.000981520397 0.000910094336 0.000659016745 0.000415948196 0.397160249754 0.325134376399 2.772988408733 1.046595388556 0.363323291889 0.426637042797 0.299188668816 0.096954752691 0.147565481036 0.029323637294 0.484181374373 0.320991430736 2.505111923317 0.458267108424 0.490828273133 0.309069308922 
Arquivo CSV criado com sucesso em: dataset\decomposition_based\adaptative_walk\l50_r0.1\fv_3900
3900. Decomposition 0.269017844691 0.181685574892 0.019553996314 0.012614636836 0.922986508881 0.014300917963 2.287372423663 0.190720282242 0.665613744541 0.128649689158 -0.001264591556 0.000872460164 0.000790650791 0.000558422726 0.555276808985 0.179508161541 2.981761947476 0.791208213921 0.327660204032 0.463001299739 0.277358525275 0.060340008208 0.153080676814 0.019659235769 0.604422253270 0.156334014310 2.470754507234 0.504227746361 0.407272523749 0.337413749015 
Arquivo CSV criado com sucesso em: dataset\decomposition_based\adaptative_walk\l50_r0.1\fv_4200
4200. Decomposition 0.319073397489 0.216215122119 0.020916112269 0.012680444470 0.909890727032 0.041517853779 2.303546170938 0.170152048793 0.672644486401 0.118971080696 -0.001383032174 0.000889965914 0.000965628891 0.000688937138 0.558114353717 0.178456833976 2.824634143865 0.827616151439 0.404552889246 0.414610779797 0.285239936992 0.064108032512 0.159469612204 0.016616853550 0.612333727495 0.159961856056 2.602743737753 0.494932275713 0.476114043569 0.404705089326 
Arquivo CSV criado com sucesso em: dataset\decomposition_based\adaptative_walk\l50_r0.1\fv_4500
4500. Decomposition 0.370212646754 0.250102867639 0.023613659786 0.014041890448 0.912220142510 0.034560108692 2.267804432626 0.206941650587 0.634224550499 0.154811444696 -0.001417953316 0.000855370715 0.001110022421 0.000765511999 0.558843085890 0.168946611172 2.760700235859 0.806017461878 0.351476227387 0.382329154799 0.290577635191 0.061042284206 0.157600359226 0.022203644544 0.579919310285 0.183116154400 2.615045308227 0.484045054922 0.439598529080 0.332200682620 
Arquivo CSV criado com sucesso em: dataset\decomposition_based\adaptative_walk\l50_r0.1\fv_4800
4800. Decomposition 0.363556573801 0.239616384045 0.026170265665 0.018827540140 0.914756771943 0.035525361637 2.285713275448 0.179753710938 0.656862254828 0.119932324021 -0.001674005795 0.001125870624 0.001168514888 0.000854941126 0.585452380834 0.177354079502 2.831702168895 0.757696798343 0.408330493542 0.390691960353 0.278002375202 0.057594338497 0.160061771830 0.019356469092 0.622979207769 0.149540803148 2.674188272256 0.511421441080 0.457704851649 0.350544710628 
Arquivo CSV criado com sucesso em: dataset\decomposition_based\adaptative_walk\l50_r0.1\fv_5100
5100. Decomposition 0.411315509264 0.269455925808 0.027348761002 0.018626841004 0.911034981793 0.035454272520 2.253323165741 0.224213700838 0.621538106967 0.195939880389 -0.001848232351 0.001211634538 0.001179023073 0.000801104040 0.518664686391 0.261519646403 2.755826642811 0.800677928654 0.430627910158 0.390158334936 0.280377014529 0.057801719526 0.151911377680 0.030198808755 0.599612512200 0.165707397886 2.750164220071 0.539023057703 0.318963809890 0.550475367408 
Arquivo CSV criado com sucesso em: dataset\decomposition_based\adaptative_walk\l50_r0.1\fv_5400
5400. Decomposition 0.405589619185 0.260396071801 0.028942679074 0.019896313848 0.914238462236 0.033713752499 2.325512719930 0.163367387856 0.686849864487 0.111505026153 -0.002005449616 0.001436590610 0.001260132648 0.000852609829 0.535921079346 0.224366199288 2.880959221505 0.715028186450 0.356051179912 0.449499435227 0.271984157386 0.057322940733 0.155977104682 0.021876802420 0.579734119876 0.202247898796 2.618377168275 0.596827659211 0.397023039672 0.393519725526 

Single Random walk:
200. Dominance: Arquivo CSV criado com sucesso em: dataset\pareto_based\random_walk\l50\fv_200
0.246666666667 0.102143689640 -0.714885409576 2.221209430194 -0.296518953278 0.216111111111 0.096335640111 -0.551389030415 3.908166888112 1.162716530901 0.537222222222 0.082478953544 -0.192191451868 2.981860265648 0.844218210472 0.537222222222 0.082478953544 -0.192191451868 2.981860265648 0.844218210472 
400. Dominance: Arquivo CSV criado com sucesso em: dataset\pareto_based\random_walk\l50\fv_400
0.265277777778 0.125238969106 -0.221668250111 2.584434699772 0.415631439272 0.200000000000 0.097467943448 -0.216666666667 3.628808864266 0.526488891202 0.534722222222 0.081078284834 -0.022164521124 2.059480007064 0.274033258725 0.534722222222 0.081078284834 -0.022164521124 2.059480007064 0.274033258725 
600. Dominance: Arquivo CSV criado com sucesso em: dataset\pareto_based\random_walk\l50\fv_600
0.281481481481 0.113369033351 -0.037835514376 2.598802393692 0.163000303132 0.190370370370 0.092217016066 -0.040782812135 3.658986679596 0.709611771880 0.528148148148 0.082526131705 -0.177365172547 2.361715416974 -0.094532697021 0.528148148148 0.082526131705 -0.177365172547 2.361715416974 -0.094532697021 
800. Dominance: Arquivo CSV criado com sucesso em: dataset\pareto_based\random_walk\l50\fv_800
0.276666666667 0.105000000000 -0.070049998705 2.758484071661 0.210728383064 0.195555555556 0.098069325442 -0.014085276851 3.433320923445 0.798986476007 0.527777777778 0.083887049281 -0.217313097246 2.371179593721 -0.294011327154 0.527777777778 0.083887049281 -0.217313097246 2.371179593721 -0.294011327154 
1000. Dominance: Arquivo CSV criado com sucesso em: dataset\pareto_based\random_walk\l50\fv_1000
0.292235294118 0.109952427587 -0.012909605674 2.479388877291 0.203122221338 0.189529411765 0.100007196973 0.043012741695 3.296417801474 0.514939065537 0.518235294118 0.085575600442 -0.189017581738 2.370555459267 -0.303858763662 0.518235294118 0.085575600442 -0.189017581738 2.370555459267 -0.303858763662 

Single adaptive dominance walk:
Arquivo CSV criado com sucesso em: dataset\pareto_based\adaptative_walk\l50_r0.1\fv_200
200. Dominance: 0.367222222222 0.076394444242 -0.287685274740 2.273316230452 -0.651043475657 0.126666666667 0.065064070986 -0.156573922531 2.054043441420 0.352166494954 0.506111111111 0.109303349547 -0.030825143937 2.525057453444 -0.187297476998 0.506111111111 0.109303349547 -0.030825143937 2.525057453444 -0.187297476998 
Dominance adaptive walk: 11
Arquivo CSV criado com sucesso em: dataset\decomposition_based\adaptative_walk\l50_r0.1\mo_features_random_walk_decomposition.csv
