
Multi Random walk:
Arquivo CSV criado com sucesso em: dataset\decomposition_based\random_walk\l5\fv_300
300. Decomposition 0.474555661350 0.397179302259 0.003210851644 0.003701989239 -0.008845431565 0.454914230979 1.937138320257 0.628396943221 0.300495652420 0.599449096270 0.000762930518 0.000883065235 0.000555291238 0.000481089647 -0.413603040173 0.423796209654 1.988850732197 0.139431727415 -0.238381667730 0.315756351431 0.550000000000 0.045460605657 0.082799487061 0.020270954816 -0.272924944158 0.516821533203 1.738616512299 0.375779529063 0.033084874291 0.343451886341 
Arquivo CSV criado com sucesso em: dataset\decomposition_based\random_walk\l5\fv_600
600. Decomposition 0.496338499937 0.331995189914 0.004784256315 0.004393092991 0.185997936906 0.428705358812 1.780203664086 0.609867130613 0.008596666850 0.627417229385 0.000228765935 0.000414399655 0.000942616720 0.000778344792 -0.400411676667 0.419167989428 1.901701548706 0.235685364189 -0.115966057109 0.504445573075 0.533717948718 0.052083639052 0.098613827198 0.023629442665 -0.355061553979 0.506045678985 1.865794812945 0.342057628837 -0.163881203617 0.406853151566 
Arquivo CSV criado com sucesso em: dataset\decomposition_based\random_walk\l5\fv_900
900. Decomposition 0.509831407435 0.320339828708 0.004002929756 0.002873859314 0.191588124199 0.429900015069 1.871341773584 0.571199476898 0.005786117170 0.654058853832 -0.000228657822 0.000672219810 0.000959264620 0.000662286193 -0.322764255869 0.370215392394 2.149671019456 0.391078101894 0.005476316207 0.658481499201 0.501111111111 0.061724197388 0.105494316733 0.023660896559 -0.281905540681 0.444850734602 1.822819711628 0.349748203693 -0.134579615166 0.429059524368 

Multi adaptive decomposition walk:
Arquivo CSV criado com sucesso em: dataset\decomposition_based\adaptative_walk\l5_r0.1\fv_300
300. Decomposition 0.054115185396 0.054030624107 0.001185729064 0.001121198902 0.605932254661 0.170677421390 2.056940115091 0.364608506383 0.331482239635 0.336104533372 -0.000080088115 0.000065487488 0.000117571255 0.000112533611 -0.089998112408 0.223742269256 2.305322253727 0.149821838589 0.069153267728 0.924154420003 0.292479946524 0.128843582888 0.119585396166 0.010258757080 0.327799505828 0.092122369172 2.063356279647 0.167793275033 -0.250276519076 0.790568411792 
Arquivo CSV criado com sucesso em: dataset\decomposition_based\adaptative_walk\l5_r0.1\fv_600
600. Decomposition 0.049355587580 0.049271026291 0.003268601431 0.003204071270 0.845716037495 0.069106361444 2.177235941094 0.244312680380 0.512442335800 0.155144437207 -0.000150176096 0.000135575468 0.000108668602 0.000103630958 0.257845376621 0.124101219773 2.475304174423 0.020160082108 0.404289985529 0.589017702202 0.266338305657 0.102701942021 0.116467507440 0.013376645807 0.330162392446 0.089759482554 1.864469323483 0.031093681130 0.049657414264 0.490634478452 
Arquivo CSV criado com sucesso em: dataset\decomposition_based\adaptative_walk\l5_r0.1\fv_900
900. Decomposition 0.046762978657 0.046678417368 0.003877763395 0.003813233234 0.855644814663 0.079035138612 2.425891031212 0.004342409738 0.703911437398 0.036324664391 -0.000225975285 0.000211374658 0.000124253148 0.000119215504 0.345274134937 0.211529978089 2.402394707882 0.052749384434 0.695979491719 0.297328196013 0.224119219880 0.060482856244 0.127770999677 0.002073153570 0.495758994483 0.075837119483 1.848291092388 0.047271912225 0.416791188150 0.123500704566 
Arquivo CSV criado com sucesso em: dataset\decomposition_based\adaptative_walk\l5_r0.1\fv_1200
1200. Decomposition 0.098309690814 0.083138602921 0.004493521956 0.003377866238 0.845238211017 0.069510408880 2.319603439789 0.253123555607 0.520376115927 0.270045202629 -0.000325089938 0.000219590597 0.000218784465 0.000162587778 0.195508565497 0.320611249344 2.200387137171 0.382881246440 0.397549117465 0.522315624282 0.262662832594 0.080549605862 0.119898771844 0.013330419853 0.277795947749 0.353727738693 1.839286579339 0.307802539747 0.110984029766 0.454132236422 
Arquivo CSV criado com sucesso em: dataset\decomposition_based\adaptative_walk\l5_r0.1\fv_1500
1500. Decomposition 0.094038120924 0.077787150254 0.006360762726 0.004567724686 0.884979026620 0.076636521400 2.328856951194 0.240415521757 0.609349097890 0.146129724416 -0.000476590806 0.000373604379 0.000261556636 0.000213341036 0.435784890294 0.214847184870 2.328514103456 0.201878236319 0.586509802718 0.297870093812 0.237459028246 0.052961415506 0.127710271138 0.002316307191 0.519793546925 0.082559565209 1.973887895056 0.150898398369 0.333143259303 0.160525266051 
Arquivo CSV criado com sucesso em: dataset\decomposition_based\adaptative_walk\l5_r0.1\fv_1800
1800. Decomposition 0.091115048425 0.074186145646 0.007380819741 0.005649710768 0.888992645061 0.079558567616 2.382765507029 0.167544165214 0.660722004825 0.077440863454 -0.000559916370 0.000478500246 0.000265990569 0.000218885549 0.462450606812 0.232617070632 2.558551412063 0.124529958103 0.705222884492 0.214767679942 0.216034543121 0.040888561769 0.129747172556 0.000740439141 0.576898969938 0.114277393992 2.143642935403 0.187971826313 0.489018708319 0.130376079481 
Arquivo CSV criado com sucesso em: dataset\decomposition_based\adaptative_walk\l5_r0.1\fv_2100
2100. Decomposition 0.145290327031 0.113721460554 0.010068571000 0.006753624533 0.895963934017 0.069949773909 2.255747648601 0.263541068056 0.555644464818 0.193963098916 -0.000498622281 0.000424871826 0.000461416125 0.000391198919 0.419304732918 0.211866255358 2.800443301643 0.454092023668 0.799436396169 0.210783166339 0.268692574007 0.097839207444 0.141295856819 0.020013183459 0.580362975234 0.099148827937 2.205608066880 0.194984840879 0.489380313814 0.112910733995 
Arquivo CSV criado com sucesso em: dataset\decomposition_based\adaptative_walk\l5_r0.1\fv_2400
2400. Decomposition 0.139520985502 0.105627138498 0.012312712293 0.009844293589 0.902127179066 0.072558405519 2.288252485874 0.218749671947 0.617276722924 0.100798279042 -0.000700403226 0.000480397489 0.000491864273 0.000438310571 0.491384662572 0.207116629064 2.856883958841 0.550272851628 0.796443014216 0.208227503622 0.236748129563 0.050408965994 0.144511355030 0.025580352615 0.609232421047 0.113713887740 2.372174083831 0.427994758170 0.595656350536 0.216479102430 
Arquivo CSV criado com sucesso em: dataset\decomposition_based\adaptative_walk\l5_r0.1\fv_2700
2700. Decomposition 0.190773550493 0.139577761121 0.012536777133 0.008885967609 0.893077260662 0.067194762123 2.324145511192 0.198727289355 0.598022991663 0.097874603591 -0.000895932779 0.000571366383 0.000613134578 0.000461901049 0.374466090756 0.309003372728 2.608219867675 0.657477405545 0.660408236252 0.311981844784 0.249828099144 0.052513936215 0.144817111413 0.024113905168 0.461750475228 0.322442913721 2.308857250707 0.410617738549 0.495275002257 0.256166204172 
Arquivo CSV criado com sucesso em: dataset\decomposition_based\adaptative_walk\l5_r0.1\fv_3000
3000. Decomposition 0.186122247366 0.132857829526 0.014926014553 0.010247846344 0.911167179362 0.067383583073 2.199100790016 0.267814239274 0.557467534009 0.158003915247 -0.000967375466 0.000671276948 0.000612323031 0.000461086960 0.449358692190 0.210733350525 2.671899966817 0.574838435040 0.697466755624 0.255082490572 0.241281301115 0.044823438558 0.142694589790 0.024650182243 0.503900901359 0.244356917828 2.392529928274 0.389549542143 0.553683466288 0.192103448304 
Arquivo CSV criado com sucesso em: dataset\decomposition_based\adaptative_walk\l5_r0.1\fv_3300
3300. Decomposition 0.241219318502 0.174300101546 0.015855490760 0.009956076773 0.894021192098 0.073495665104 2.164314261244 0.252965972351 0.471190224673 0.297394027292 -0.000869404086 0.000784921192 0.000620315437 0.000428118039 0.332599291947 0.381429088029 2.717466435644 0.475573862613 0.605638787559 0.352585204353 0.270956774992 0.091948489720 0.141729322902 0.022647262140 0.490256943780 0.200950393543 2.390514970129 0.380678765188 0.589417963628 0.166311987253 
Arquivo CSV criado com sucesso em: dataset\decomposition_based\adaptative_walk\l5_r0.1\fv_3600
3600. Decomposition 0.232279538388 0.160254637054 0.019327436777 0.013098012215 0.911424177183 0.061837857137 2.209787302460 0.216693361819 0.610140474602 0.093324021767 -0.001131504085 0.000737331617 0.000727739165 0.000491222576 0.472495671483 0.175073169844 2.541838347691 0.626163188477 0.620279815084 0.325271653801 0.249604516140 0.052792455719 0.139178311305 0.024468824155 0.477120452064 0.220648856277 2.453597509446 0.372049802753 0.498453544222 0.248737450201 
Arquivo CSV criado com sucesso em: dataset\decomposition_based\adaptative_walk\l5_r0.1\fv_3900
3900. Decomposition 0.228190744092 0.154268369453 0.019827653249 0.013853827545 0.912780583159 0.061872291253 2.356293617092 0.364280980172 0.676580171014 0.197013970234 -0.001292603778 0.000916524589 0.000771162736 0.000545437728 0.515542867709 0.186253211358 2.602173072712 0.547999291482 0.701611206387 0.204889861539 0.234827857613 0.039169273368 0.144366937609 0.022194322826 0.526460287845 0.162556859631 2.393011601394 0.379345428783 0.533890000113 0.196734633801 
Arquivo CSV criado com sucesso em: dataset\decomposition_based\adaptative_walk\l5_r0.1\fv_4200
4200. Decomposition 0.277743749893 0.187549105004 0.020161661818 0.012859388409 0.904772651881 0.060517575516 2.350539208744 0.356090061817 0.656198662978 0.198369793411 -0.001386404793 0.000883347781 0.000947834822 0.000665529602 0.492121300031 0.184928649894 2.599143868977 0.501908695010 0.623962774335 0.278280451586 0.253947718121 0.060866017642 0.147759279661 0.022005686812 0.505082197256 0.161555240556 2.322397578907 0.389578049738 0.455221401827 0.270999764028 
Arquivo CSV criado com sucesso em: dataset\decomposition_based\adaptative_walk\l5_r0.1\fv_4500
4500. Decomposition 0.273611038930 0.181135370871 0.021700506777 0.013624872318 0.914845650351 0.057510627940 2.351875816935 0.355752652337 0.661762613144 0.194743300721 -0.001534384081 0.001033061279 0.000921602529 0.000625458804 0.518982160296 0.174102843019 2.729818226627 0.583482423123 0.733949686893 0.193363955174 0.240612039022 0.039684215652 0.146482936451 0.021100694209 0.530027102531 0.147871130921 2.424935326996 0.363055079426 0.566361893674 0.188559198042 
Arquivo CSV criado com sucesso em: dataset\decomposition_based\adaptative_walk\l5_r0.1\fv_4800
4800. Decomposition 0.270946700065 0.177184101168 0.022336357842 0.014223598845 0.916353702042 0.057957981983 2.390061333879 0.358821990234 0.693139080705 0.191937188699 -0.001626031660 0.001173318157 0.000920191926 0.000623418737 0.531938260278 0.177573276470 2.813488319160 0.710456446509 0.754604217259 0.214612558228 0.231715188746 0.036615871507 0.146666437197 0.021204827369 0.546000052903 0.151908022354 2.519973891251 0.475364156484 0.607069929637 0.242417987048 
Arquivo CSV criado com sucesso em: dataset\decomposition_based\adaptative_walk\l5_r0.1\fv_5100
5100. Decomposition 0.325576127808 0.220314640238 0.023843413478 0.013911219987 0.913433516203 0.055001397889 2.314577509868 0.415230074138 0.644887774250 0.235282012293 -0.001598942580 0.001136983245 0.001015400178 0.000635216862 0.486266464662 0.209325192756 2.757251928820 0.719879015837 0.681889077173 0.292972010766 0.255494850070 0.075992555757 0.142665128413 0.022107378136 0.494410276266 0.201278327061 2.625375312469 0.532819227675 0.637473097600 0.254438699952 
Arquivo CSV criado com sucesso em: dataset\decomposition_based\adaptative_walk\l5_r0.1\fv_5400
5400. Decomposition 0.320069281570 0.210941504113 0.025282218488 0.015377270632 0.916608987188 0.054330589202 2.413752695739 0.343112280555 0.708795398330 0.184419517952 -0.001822540425 0.001222287320 0.001054324556 0.000682669652 0.536035015934 0.167160873543 2.810802583055 0.695131673802 0.766355357125 0.208162241256 0.237710361831 0.040543243871 0.147705763548 0.019998882904 0.545155652969 0.143338862772 2.598218710230 0.510678279054 0.619101364162 0.251108682177 
Arquivo CSV criado com sucesso em: dataset\decomposition_based\adaptative_walk\l5_r0.1\fv_5700
5700. Decomposition 0.374021464172 0.251086554522 0.026360457939 0.014953879948 0.913217604637 0.052395896826 2.372634523773 0.360540737464 0.668308606133 0.214532647786 -0.001940951605 0.001210235284 0.001127319197 0.000679064671 0.491497176071 0.215734349474 2.731570873061 0.710542575774 0.671748152127 0.330825367813 0.244318622943 0.044909548209 0.141791277081 0.028714070386 0.505686925719 0.198311980248 2.588158357399 0.472243436783 0.576352455414 0.260356765697 
Arquivo CSV criado com sucesso em: dataset\decomposition_based\adaptative_walk\l5_r0.1\fv_6000
6000. Decomposition 0.368918827698 0.242451146831 0.028026285685 0.016410969518 0.917920471013 0.051287082010 2.411653520397 0.329867680541 0.703613498899 0.176706596329 -0.002085682708 0.001353323724 0.001148516530 0.000697918212 0.533386939759 0.161434149739 2.772119303575 0.673821563806 0.726573833915 0.225556009550 0.235368005659 0.034835034986 0.144516133902 0.023728487580 0.531025879299 0.154486543994 2.561421978193 0.472761382088 0.586790627107 0.249694590130 
Arquivo CSV criado com sucesso em: dataset\decomposition_based\adaptative_walk\l5_r0.1\fv_6300
6300. Decomposition 0.365332327125 0.236719871316 0.029171226087 0.018068653842 0.920210330890 0.051985442993 2.432876015359 0.327905954164 0.705856421491 0.175951050112 -0.002177985791 0.001496815208 0.001164585524 0.000715234692 0.540396889885 0.159298544709 2.820603223729 0.654052509422 0.734933878780 0.214873025985 0.230297458922 0.036429633570 0.144911268939 0.023129839791 0.547218724367 0.139160127728 2.600296152602 0.475989949533 0.618875879955 0.237794162077 
Arquivo CSV criado com sucesso em: dataset\decomposition_based\adaptative_walk\l5_r0.1\fv_6600
6600. Decomposition 0.418325858530 0.275254597755 0.030835892035 0.017886129120 0.922200469358 0.049676285838 2.364870681059 0.373924745125 0.652292424201 0.234113810841 -0.002236614731 0.001439443055 0.001267188644 0.000744973648 0.525907761148 0.159876966294 2.722908590130 0.686300716217 0.632443312129 0.379503297713 0.245104553192 0.058539453942 0.143356940863 0.022194701958 0.551548163485 0.130056993119 2.504288349908 0.527618571847 0.525506791935 0.352228002965 
Arquivo CSV criado com sucesso em: dataset\decomposition_based\adaptative_walk\l5_r0.1\fv_6900
6900. Decomposition 0.413243075308 0.266704485525 0.032231142461 0.019443310885 0.921532280329 0.049473312751 2.415021716572 0.316392743316 0.708603563550 0.166673484673 -0.002390354052 0.001558380533 0.001294153897 0.000781730954 0.537571976764 0.151993674671 2.760609253605 0.646111708852 0.683900836836 0.260723592296 0.234369742026 0.038127090667 0.146138796913 0.021550193427 0.559590254967 0.131438827391 2.521573977518 0.502505439178 0.592170076057 0.236132094873 

Single Random walk:

Single adaptive dominance walk:
Arquivo CSV criado com sucesso em: dataset\pareto_based\adaptative_walk\l5_r0.1\fv_200
200. Dominance: 0.366111111111 0.145114897007 -0.027553817170 1.838535513049 0.141768883802 0.140555555556 0.079390035759 0.078047134695 1.567125559204 0.340101076181 0.493333333333 0.103601801786 -0.153480152257 1.760779548114 -0.133094402202 0.493333333333 0.103601801786 -0.153480152257 1.760779548114 -0.133094402202 
Dominance adaptive walk: 11
Arquivo CSV criado com sucesso em: dataset\decomposition_based\adaptative_walk\l5_r0.1\mo_features_random_walk_decomposition.csv
