
Multi Random walk:
Arquivo CSV criado com sucesso em: dataset\decomposition_based\random_walk\l10\fv_300
300. Decomposition 0.400495702750 0.000000000000 0.160852085437 0.000000000000 -0.217487402382 0.000000000000 1.715767656549 0.000000000000 0.673395411503 0.000000000000 -0.031751231153 0.000000000000 0.024899763497 0.000000000000 -0.707043671582 0.000000000000 2.353344207590 0.000000000000 0.295980116754 0.000000000000 0.445319148936 0.000000000000 0.058706313681 0.000000000000 -0.155508842794 0.000000000000 1.809591091876 0.000000000000 -0.166686591945 0.000000000000 
Arquivo CSV criado com sucesso em: dataset\decomposition_based\random_walk\l10\fv_600
600. Decomposition 0.490041760268 0.489672656950 0.000238638556 0.000131911266 -0.378382460046 0.621617539955 1.123644658355 0.123644658355 -0.001096190708 0.001096190708 0.000208689390 0.000231192124 0.000088114716 0.000075639994 -0.786147496567 0.213852503433 2.043729550866 1.043729550866 0.150954434442 0.150954434442 0.494869565217 0.086869565217 0.050499209065 0.012238339500 -0.430319369556 0.569680630444 1.390690065437 0.390690065437 0.202936002573 0.202936002573 
Arquivo CSV criado com sucesso em: dataset\decomposition_based\random_walk\l10\fv_900
900. Decomposition 0.486186814303 0.485820555870 0.002165135362 0.002059230680 0.176131663274 0.067103416635 2.381861248604 1.134571931894 0.105312591208 0.107504972623 0.000098974891 0.000121304184 0.000410554194 0.000398175622 -0.030083292745 0.542211700389 3.082245353326 0.005213748407 0.489624186829 0.187715317945 0.482478260870 0.074478260870 0.064500806653 0.001763258088 -0.167278554929 0.306639815817 2.301355206244 0.519975075369 0.670602206525 0.264730201380 
Arquivo CSV criado com sucesso em: dataset\decomposition_based\random_walk\l10\fv_1200
1200. Decomposition 0.491018847042 0.397819696446 0.003048888946 0.002753836421 0.319692247683 0.105115627533 2.042590395635 0.702917251656 0.103883232156 0.121394479422 -0.000367204688 0.000479499352 0.000362333901 0.000281894838 -0.286989298754 0.300200215141 2.135469427462 0.723384329083 0.089280626315 0.244147994641 0.468888888889 0.050647169738 0.043678566629 0.025134406155 -0.249714164722 0.329649413305 1.985993235992 0.161651363016 0.543731867360 0.192877551395 
Arquivo CSV criado com sucesso em: dataset\decomposition_based\random_walk\l10\fv_1500
1500. Decomposition 0.485666558319 0.393587516258 0.003406516898 0.003248758953 0.385226337131 0.100888340252 2.253658269260 0.730086222160 0.136643840432 0.112688615004 -0.000422134669 0.000557607642 0.000525186444 0.000493471252 -0.002222672792 0.422472680858 2.660618311655 0.483972244783 -0.045114835488 0.433167615949 0.465407407407 0.051037735844 0.060644596299 0.001543077405 0.111605462433 0.261660536840 2.305219929330 0.488758828628 0.373486158982 0.047905203376 
Arquivo CSV criado com sucesso em: dataset\decomposition_based\random_walk\l10\fv_1800
1800. Decomposition 0.471144676960 0.358307799542 0.003547289081 0.003009205317 0.341069409802 0.116117809110 2.023063523545 0.747857759936 0.164231141379 0.108661034803 0.000212973878 0.000883588332 0.000564012979 0.000485941528 0.056851675876 0.379619909853 2.577059384695 0.440453154882 0.086594558906 0.434491604611 0.499295454545 0.074579658866 0.063986042718 0.004940748217 0.106332445465 0.216983763423 2.074337632402 0.447789620452 0.226555521137 0.270195170939 
Arquivo CSV criado com sucesso em: dataset\decomposition_based\random_walk\l10\fv_2100
2100. Decomposition 0.499412368077 0.351699725474 0.002347529732 0.002064790146 0.089175932192 0.551396054874 1.884515171146 0.753649169087 0.075075399083 0.115864771833 -0.000260604164 0.000949169769 0.000371758959 0.000360051434 -0.185539945919 0.523070598091 2.336402861978 0.765853605102 0.067423171901 0.388249780015 0.479934883721 0.069444160151 0.059526207725 0.022061661560 -0.180090458626 0.468933428859 2.018825731294 0.598879156893 0.115088543567 0.373658830852 
Arquivo CSV criado com sucesso em: dataset\decomposition_based\random_walk\l10\fv_2400
2400. Decomposition 0.494152220416 0.349569624222 0.003831227749 0.003060091221 0.395403413330 0.109852108237 1.971209549192 0.666847617928 -0.001424170446 0.219817773004 -0.000024237702 0.000625295978 0.000593991391 0.000457747897 -0.024300384336 0.339041695624 2.436722386972 0.598876591795 -0.001074215571 0.422778999365 0.494597674419 0.062101986811 0.071015795956 0.012645936293 0.008551695419 0.230006534295 2.254933548905 0.317077925479 0.128621002079 0.370457244126 
Arquivo CSV criado com sucesso em: dataset\decomposition_based\random_walk\l10\fv_2700
2700. Decomposition 0.481807948593 0.331461029962 0.003265298384 0.002208290649 0.410918114256 0.107145694391 1.880949209585 0.643279292270 0.087066687669 0.149325540776 0.000006094086 0.000469125022 0.000508082167 0.000335654961 -0.012999004956 0.308195530071 2.359742896180 0.560223557117 -0.072253992293 0.417354049722 0.490523809524 0.057136765548 0.072456539774 0.012578820084 0.029239705747 0.211373708579 2.116501917890 0.466020338165 0.084603012566 0.364760103155 
Arquivo CSV criado com sucesso em: dataset\decomposition_based\random_walk\l10\fv_3000
3000. Decomposition 0.481621927057 0.331184261547 0.003338549789 0.002279775400 0.394197298123 0.091944111405 2.086405224805 0.636081424190 -0.035701135669 0.232433408951 -0.000041115073 0.000459134185 0.000515046478 0.000343464854 -0.043858909641 0.312233279873 2.329008345823 0.591640255268 0.018458492773 0.389132190636 0.494730158730 0.056925450624 0.071701130417 0.011837143447 -0.038447818268 0.239784157080 2.309201674542 0.294827070535 0.152150263160 0.337281454243 
Arquivo CSV criado com sucesso em: dataset\decomposition_based\random_walk\l10\fv_3300
3300. Decomposition 0.506170539923 0.332730380838 0.003314094990 0.002058503576 0.293557662267 0.260798894212 2.008641590681 0.618936778039 0.063145392216 0.323930868447 -0.000218128962 0.000604259311 0.000647955450 0.000543492517 -0.023462114621 0.299222544506 2.333157080676 0.552892886409 0.002380518603 0.363481783454 0.482910569106 0.060934374908 0.073713705419 0.011970802195 -0.022318047596 0.232690544022 2.403894016795 0.408245775902 0.276313365455 0.468784309925 
Arquivo CSV criado com sucesso em: dataset\decomposition_based\random_walk\l10\fv_3600
3600. Decomposition 0.500456071182 0.321882608328 0.003288155075 0.002155545658 0.217629210371 0.467096715649 2.115530404748 0.817153712494 0.102430053603 0.405630752606 -0.000529697619 0.000992627374 0.000463185286 0.000413363310 -0.181369687320 0.413784222638 2.216045270024 0.707595020058 0.025553949712 0.354331240859 0.464250000000 0.074682243539 0.068757946016 0.015226452631 -0.153860895344 0.384596295504 2.266616627639 0.665528798565 0.185145414855 0.349882550249 
Arquivo CSV criado com sucesso em: dataset\decomposition_based\random_walk\l10\fv_3900
3900. Decomposition 0.486547644523 0.314495361871 0.003978524899 0.003116462831 0.416667164973 0.103842372770 2.229440757230 0.710231121145 0.042264572403 0.449667666487 -0.000449203587 0.000823691547 0.000575590557 0.000409485608 -0.105122751278 0.295087179507 2.357992505179 0.544523009230 0.040676387376 0.355497635818 0.468312500000 0.068435616412 0.068589078776 0.015548537637 -0.071923430241 0.237169899245 2.492514283493 0.477373422032 0.161396144374 0.367641307498 
Arquivo CSV criado com sucesso em: dataset\decomposition_based\random_walk\l10\fv_4200
4200. Decomposition 0.504479434717 0.318189640419 0.003548856162 0.002570826092 0.357839386873 0.179406328652 2.262897388697 0.663543341358 -0.086376518861 0.538594594719 -0.000474935429 0.000701830665 0.000592659343 0.000405098883 -0.022608152284 0.271042271708 2.339596052517 0.518285549034 -0.009622357314 0.443131774963 0.472643874644 0.060776647875 0.072055244433 0.011125748120 0.006076534214 0.224020403212 2.425220911540 0.462618392475 0.159589849033 0.389793341206 
Arquivo CSV criado com sucesso em: dataset\decomposition_based\random_walk\l10\fv_4500
4500. Decomposition 0.504620154529 0.318396397926 0.003596800602 0.002569942249 0.393718774268 0.105644416666 2.291756675209 0.660710674147 0.017002964835 0.469785485041 -0.000453537772 0.000679532210 0.000603470015 0.000413550754 -0.075117014760 0.276817099513 2.354488512480 0.511844664165 -0.005661574339 0.436663001080 0.471002849003 0.060706759148 0.069852338590 0.011527455059 0.026052070539 0.230856069824 2.488621461899 0.442843078407 0.210871662425 0.334501420639 
Arquivo CSV criado com sucesso em: dataset\decomposition_based\random_walk\l10\fv_4800
4800. Decomposition 0.488795786432 0.305423896830 0.003496949274 0.002409373805 0.407044500782 0.107902008227 2.267056826538 0.631169928116 0.024942673679 0.446313692988 -0.000461866597 0.000595152782 0.000612250153 0.000435225782 -0.144648962812 0.334928014540 2.285544841964 0.527101814318 -0.019848747205 0.414966066374 0.468771929825 0.058011505848 0.072903556166 0.014517334477 -0.029595060619 0.272081021611 2.477641319737 0.429852914519 0.113594402307 0.429515061453 

Multi adaptive decomposition walk:
Arquivo CSV criado com sucesso em: dataset\decomposition_based\adaptative_walk\l10_r0.25\fv_300
300. Decomposition 0.000078762456 0.000000000000 0.000040837083 0.000000000000 0.815197280478 0.000000000000 1.521598608531 0.000000000000 -0.051998894980 0.000000000000 -0.000002261814 0.000000000000 0.000001460286 0.000000000000 0.859709149479 0.000000000000 1.490371658957 0.000000000000 -0.427347142031 0.000000000000 0.405277777778 0.000000000000 0.073901941203 0.000000000000 0.625718226142 0.000000000000 1.700599147561 0.000000000000 -0.458826563595 0.000000000000 
Arquivo CSV criado com sucesso em: dataset\decomposition_based\adaptative_walk\l10_r0.25\fv_600
600. Decomposition 0.000083451192 0.000000000000 0.000059989402 0.000000000000 0.874470139871 0.000000000000 1.847732522588 0.000000000000 0.501404214491 0.000000000000 -0.000005440802 0.000000000000 0.000003408383 0.000000000000 0.825729759605 0.000000000000 1.319286077198 0.000000000000 0.172546821120 0.000000000000 0.282013888889 0.000000000000 0.137255446804 0.000000000000 0.869867525844 0.000000000000 1.499174605186 0.000000000000 0.239702518502 0.000000000000 
Arquivo CSV criado com sucesso em: dataset\decomposition_based\adaptative_walk\l10_r0.25\fv_900
900. Decomposition 0.000070970369 0.000000000000 0.000065903895 0.000000000000 0.877237061533 0.000000000000 2.371007411559 0.000000000000 0.813333050542 0.000000000000 -0.000007077820 0.000000000000 0.000003653560 0.000000000000 0.835479684195 0.000000000000 1.840146274683 0.000000000000 0.651655552277 0.000000000000 0.205626477541 0.000000000000 0.156235617069 0.000000000000 0.876020636744 0.000000000000 1.933741979882 0.000000000000 0.606821891260 0.000000000000 
Arquivo CSV criado com sucesso em: dataset\decomposition_based\adaptative_walk\l10_r0.25\fv_1200
1200. Decomposition 0.000064345131 0.000000000000 0.000065136829 0.000000000000 0.873586440448 0.000000000000 3.049060561510 0.000000000000 1.143044909939 0.000000000000 -0.000008112707 0.000000000000 0.000003649486 0.000000000000 0.851390161416 0.000000000000 2.469901163251 0.000000000000 0.975638198510 0.000000000000 0.163492907801 0.000000000000 0.153915006322 0.000000000000 0.863707634700 0.000000000000 2.535856225277 0.000000000000 0.981744815698 0.000000000000 
Arquivo CSV criado com sucesso em: dataset\decomposition_based\adaptative_walk\l10_r0.25\fv_1500
1500. Decomposition 0.053133645984 0.053073951678 0.001331986040 0.001267087326 0.657679340398 0.218532616764 2.427413927525 0.841990630197 0.677818634510 0.543238175986 0.000039656251 0.000048087492 0.000025001478 0.000021324850 0.046328928606 0.811667388881 2.196725303143 0.455326959211 0.625718839878 0.404327357878 0.326047008547 0.174508547009 0.099748492140 0.053791588012 0.016179505485 0.857322210064 2.500840408568 0.238949471209 0.012879132608 1.054959523989 
Arquivo CSV criado com sucesso em: dataset\decomposition_based\adaptative_walk\l10_r0.25\fv_1800
1800. Decomposition 0.050070641618 0.050010947312 0.002890883359 0.002825984645 0.876061289822 0.000150667341 2.538244415084 0.731160142638 0.725292245107 0.495764565388 -0.000086336676 0.000077905436 0.000125185512 0.000121508883 0.859418742376 0.001422424889 2.187758122415 0.464294139939 0.344957512266 0.685088685489 0.275102564103 0.123564102564 0.131760948415 0.021779131736 0.853988447706 0.019513267843 2.233880371738 0.505909508038 0.376421752685 0.691416903913 
Arquivo CSV criado com sucesso em: dataset\decomposition_based\adaptative_walk\l10_r0.25\fv_2100
2100. Decomposition 0.047940300281 0.047880605975 0.003619380265 0.003554481551 0.885958530992 0.009746573830 2.631962976248 0.637441581473 0.861700577995 0.359356232500 -0.000175152066 0.000166720826 0.000153421243 0.000149744615 0.862017252771 0.004020935284 2.101913912339 0.550138350015 0.689212211515 0.340833986240 0.230826048951 0.079287587413 0.148569497323 0.004970582829 0.873416339829 0.000085375720 2.141976084834 0.597813794943 0.691994121114 0.375844535484 
Arquivo CSV criado com sucesso em: dataset\decomposition_based\adaptative_walk\l10_r0.25\fv_2400
2400. Decomposition 0.046478762766 0.046419068460 0.003917480597 0.003852581883 0.888264912548 0.012052955386 2.794828185522 0.474576372199 0.981785663839 0.239271146656 -0.000229223489 0.000220792248 0.000161848132 0.000158171504 0.851855423516 0.006140893971 2.380865685937 0.271186576418 0.803364978151 0.226681219604 0.205536672630 0.053998211091 0.151343346509 0.002196733643 0.886055676375 0.012553960827 2.367823504887 0.371966374889 0.867106765151 0.200731891447 
Arquivo CSV criado com sucesso em: dataset\decomposition_based\adaptative_walk\l10_r0.25\fv_2700
2700. Decomposition 0.045384855554 0.045325161248 0.004066203602 0.004001304888 0.890838989626 0.014627032464 2.973844341753 0.295560215969 1.067892288666 0.153164521830 -0.000264484945 0.000256053704 0.000159596812 0.000155920184 0.852807941962 0.005188375525 2.600423016220 0.051629246135 0.957992020849 0.072054176906 0.188917071301 0.037378609762 0.150742056658 0.002798023494 0.871655147563 0.001846567986 2.624041011346 0.115748868430 0.996568733993 0.071269922605 
Arquivo CSV criado com sucesso em: dataset\decomposition_based\adaptative_walk\l10_r0.25\fv_3000
3000. Decomposition 0.044492003771 0.044432309466 0.004171583907 0.004106685193 0.893484362578 0.017272405416 3.133087848147 0.136316709575 1.125244521549 0.095812288946 -0.000292549691 0.000284118451 0.000158299206 0.000154622578 0.848470122618 0.009526194870 2.830359373119 0.178307110764 1.049233398984 0.019187201228 0.174052404504 0.022513942965 0.151447663325 0.002092416826 0.878615516824 0.005113801275 2.839529237595 0.099739357818 1.068313638826 0.000474982228 
Arquivo CSV criado com sucesso em: dataset\decomposition_based\adaptative_walk\l10_r0.25\fv_3300
3300. Decomposition 0.043801748340 0.043742054034 0.004187424749 0.004122526035 0.894013850857 0.017801893695 3.305709201700 0.036304643979 1.192520287458 0.028536523037 -0.000312803520 0.000304372279 0.000155005975 0.000151329347 0.846174233122 0.011822084366 3.067904587366 0.415852325011 1.129052709556 0.099006511801 0.164141323792 0.012602862254 0.149748084886 0.003791995266 0.873449177769 0.000052537780 3.088102539503 0.348312659727 1.163062427096 0.095223770498 
Arquivo CSV criado com sucesso em: dataset\decomposition_based\adaptative_walk\l10_r0.25\fv_3600
3600. Decomposition 0.043254567437 0.043194873131 0.004156605700 0.004091706987 0.894555968763 0.018344011601 3.493068146607 0.223663588885 1.259529436527 0.038472626032 -0.000331238685 0.000322807444 0.000152774262 0.000149097634 0.848299393832 0.009696923655 3.284738063025 0.632685800670 1.196217896487 0.166171698731 0.155440616007 0.003902154468 0.148507864555 0.005032215597 0.874729578510 0.001227862961 3.321280075745 0.581490195968 1.237364139323 0.169525482726 
Arquivo CSV criado com sucesso em: dataset\decomposition_based\adaptative_walk\l10_r0.25\fv_3900
3900. Decomposition 0.101197868165 0.089289998041 0.004478110820 0.003366732356 0.828695455231 0.094517491237 2.866814889654 0.954711381361 0.824324843333 0.632271300111 -0.000275623920 0.000280612387 0.000181995234 0.000129156592 0.641402389738 0.300128041921 2.999650947986 0.651419214357 0.883177713786 0.423074581504 0.269029340146 0.163191982526 0.120298197835 0.040401984618 0.439704266998 0.620251370599 3.154301144707 0.558054846437 1.201846701160 0.148215218754 
Arquivo CSV criado com sucesso em: dataset\decomposition_based\adaptative_walk\l10_r0.25\fv_4200
4200. Decomposition 0.097951516012 0.085090084352 0.006159134518 0.004382037181 0.900343525023 0.017073906943 2.945142058218 0.846977221880 0.898696993617 0.527350528715 -0.000348274167 0.000267934662 0.000201979627 0.000140265078 0.802699928513 0.072086531505 3.276603129844 0.514555187563 0.812107693644 0.520508988185 0.245369325364 0.129733998949 0.127747134491 0.029934966066 0.695429379734 0.258618604051 3.198395427371 0.531318949539 1.019357968708 0.339206705039 
Arquivo CSV criado com sucesso em: dataset\decomposition_based\adaptative_walk\l10_r0.25\fv_4500
4500. Decomposition 0.095089507243 0.081422440983 0.007564335226 0.005869604975 0.911024297372 0.027602490587 2.958200434183 0.829094086725 0.917540382401 0.500784294398 -0.000410923810 0.000287654177 0.000229194067 0.000162231043 0.822025671248 0.044810136638 2.946244507722 0.700290196933 0.826740591854 0.500348417676 0.230739526660 0.109046495529 0.133918567686 0.021313397585 0.752513844224 0.177902332960 3.034199919058 0.655892722166 0.939284269897 0.444924799149 
Arquivo CSV criado com sucesso em: dataset\decomposition_based\adaptative_walk\l10_r0.25\fv_4800
4800. Decomposition 0.092878614551 0.078614723513 0.008329845515 0.006788475927 0.909663656932 0.026011775083 2.978828477631 0.800898499123 0.986984945402 0.402972199775 -0.000479528750 0.000335785251 0.000263838278 0.000197645280 0.864757050520 0.016166244188 2.869764410990 0.777736079349 0.822526694330 0.506149727744 0.212311065137 0.082988961630 0.143106518851 0.008871065108 0.840275352911 0.053887431281 2.977497859419 0.711561009984 0.888860903796 0.513146608350 
Arquivo CSV criado com sucesso em: dataset\decomposition_based\adaptative_walk\l10_r0.25\fv_5100
5100. Decomposition 0.091204393327 0.076505013871 0.008711720394 0.007263739894 0.909425894908 0.025738484425 3.044031386441 0.712293013075 1.051018105747 0.313002611984 -0.000537130225 0.000390493455 0.000287100600 0.000224310873 0.866840671666 0.019050893908 2.848714781979 0.800302519116 0.858656424814 0.456541815259 0.196142320241 0.060129660339 0.149787883232 0.004200815119 0.868134538116 0.014868108198 2.918769050415 0.773771329902 0.917799428890 0.473882216809 
Arquivo CSV criado com sucesso em: dataset\decomposition_based\adaptative_walk\l10_r0.25\fv_5400
5400. Decomposition 0.089871826401 0.074836860617 0.008921186141 0.007528143276 0.909206176218 0.025487271894 3.125037440300 0.603718313945 1.103723342047 0.239281779072 -0.000571152114 0.000426834607 0.000287728569 0.000225053580 0.861037111581 0.011097556157 2.888332573941 0.758242689346 0.946077790794 0.338344271585 0.185797677500 0.045508010931 0.151083624412 0.005145865568 0.860344880638 0.025661695213 2.951225244538 0.738884685719 0.985244818474 0.383720420750 
Arquivo CSV criado com sucesso em: dataset\decomposition_based\adaptative_walk\l10_r0.25\fv_5700
5700. Decomposition 0.088824076830 0.073532593346 0.008990929877 0.007616698914 0.908979865202 0.025229908012 3.218230769159 0.482246547116 1.154421945963 0.169044051513 -0.000610168823 0.000471116313 0.000299283142 0.000238896499 0.865559656129 0.017274924561 2.926355912759 0.719668245821 0.961808233593 0.317515755888 0.175487192093 0.030942059052 0.153091110365 0.007309401815 0.872563029760 0.008976383005 2.980767935300 0.708222751833 1.035907918183 0.318003088504 
Arquivo CSV criado com sucesso em: dataset\decomposition_based\adaptative_walk\l10_r0.25\fv_6000
6000. Decomposition 0.087975756877 0.072481579258 0.008988949372 0.007614180792 0.908969690372 0.025218370777 3.319566334340 0.358535649672 1.200646122359 0.106712321426 -0.000630790182 0.000495404787 0.000294688300 0.000233352974 0.862867583087 0.013573450258 3.010555304775 0.642076115051 1.027354096401 0.233558849025 0.168779171971 0.021476559966 0.152550178461 0.006676792742 0.873949429286 0.007260728457 3.061252260671 0.631195994045 1.098343037476 0.241697844989 
Arquivo CSV criado com sucesso em: dataset\decomposition_based\adaptative_walk\l10_r0.25\fv_6300
6300. Decomposition 0.087260497460 0.071599050646 0.008958795515 0.007575866055 0.909102686996 0.025369405532 3.423038257626 0.254410530847 1.241087080860 0.057959197073 -0.000651009928 0.000519707248 0.000293380354 0.000231784049 0.861939020732 0.012311680879 3.088668278370 0.582748878950 1.067806171410 0.185934698185 0.162728203298 0.012964662720 0.152297243231 0.006390931156 0.876738980090 0.004468230469 3.144057049481 0.565070783051 1.143997939449 0.192503895944 
Arquivo CSV criado com sucesso em: dataset\decomposition_based\adaptative_walk\l10_r0.25\fv_6600
6600. Decomposition 0.140089086491 0.110713470301 0.008473873618 0.006597486170 0.785182642700 0.215773931127 3.014231280952 0.793002824147 0.969046516169 0.494114654181 -0.000706189599 0.000465986670 0.000315959722 0.000205517248 0.644064274104 0.380942883857 2.880574366691 0.628920457351 0.567184357573 0.890245124101 0.220814292091 0.104636893869 0.132125970464 0.035656400528 0.646438728094 0.402249483588 2.905849933632 0.656739961871 0.682910674510 0.830833419580 
Arquivo CSV criado com sucesso em: dataset\decomposition_based\adaptative_walk\l10_r0.25\fv_6900
6900. Decomposition 0.136732449601 0.105938513073 0.009862247644 0.006736319074 0.888603904129 0.041771008348 3.096827564456 0.655525982437 1.046199534387 0.361106088525 -0.000813663914 0.000531035869 0.000366858850 0.000237622284 0.895218179033 0.055811461797 2.957081669867 0.557447330165 0.660773581720 0.731198573750 0.198745028022 0.066618228417 0.139968597019 0.022351278702 0.842535727809 0.062677983150 2.809359872675 0.781309782876 0.891212078031 0.481640384969 
Arquivo CSV criado com sucesso em: dataset\decomposition_based\adaptative_walk\l10_r0.25\fv_7200
7200. Decomposition 0.134421587542 0.102713481257 0.010633692027 0.007169737066 0.900968091596 0.026116229658 3.148422861943 0.571042302435 1.082096600669 0.299410654431 -0.000881890323 0.000599276815 0.000383734169 0.000254189657 0.871456473529 0.018442389231 2.950521112668 0.562709476052 0.746631533509 0.586762935778 0.187180634082 0.046830658827 0.142427089642 0.018265078250 0.842715331923 0.062367363264 3.042057513002 0.522989662990 0.887109831742 0.488354620808 
Arquivo CSV criado com sucesso em: dataset\decomposition_based\adaptative_walk\l10_r0.25\fv_7500
7500. Decomposition 0.132687916238 0.100330753556 0.011101186838 0.007536256532 0.905606046041 0.022802830399 3.197200238533 0.492759193915 1.114301249151 0.244268569572 -0.000923503621 0.000647990075 0.000377046724 0.000247343974 0.843263390316 0.037975551845 2.888802050335 0.620271561978 0.892665210276 0.349432434073 0.181724366865 0.037583892466 0.140189561109 0.021981348827 0.828403694278 0.087129278134 3.047593808840 0.519094300957 1.029394093521 0.267547041677 
Arquivo CSV criado com sucesso em: dataset\decomposition_based\adaptative_walk\l10_r0.25\fv_7800
7800. Decomposition 0.194434920396 0.153491592897 0.010081857215 0.007288196974 0.525463055818 0.762993034774 2.788770209850 0.974358457933 0.910654533833 0.490317463333 -0.000800213210 0.000685190965 0.000333613980 0.000247154071 0.481777971444 0.741199353442 2.540336634319 0.930817638016 0.733287322876 0.461230529250 0.240933027079 0.133837508469 0.121543842531 0.045657014393 0.482167228227 0.742180349616 2.648719030246 0.942301988186 0.791865581915 0.491326483190 
Arquivo CSV criado com sucesso em: dataset\decomposition_based\adaptative_walk\l10_r0.25\fv_8100
8100. Decomposition 0.189740942358 0.145927584781 0.012553570231 0.007338348857 0.892309196234 0.035245784403 2.952719871578 0.685824926085 0.931099063889 0.452600620978 -0.000847375302 0.000648564473 0.000341166131 0.000241522469 0.608141140221 0.488633567660 2.922735883192 0.522772487270 0.939700619602 0.283617506246 0.236558027079 0.125235473848 0.125270109738 0.038727123592 0.686845905290 0.334169208355 2.839699056481 0.635674217915 0.878150963577 0.366782678866 
Arquivo CSV criado com sucesso em: dataset\decomposition_based\adaptative_walk\l10_r0.25\fv_8400
8400. Decomposition 0.185943653390 0.139970253334 0.014287515780 0.009139775258 0.908140618726 0.020146233231 2.963688487099 0.667819445962 0.963319443424 0.394444556650 -0.000916385644 0.000617432539 0.000421721685 0.000239517484 0.738414457005 0.228624238612 2.825031457630 0.559977064734 0.549517662960 0.785703937004 0.226200884222 0.104969010886 0.131862044821 0.027154523782 0.686886784326 0.334088048123 3.012298059364 0.466703921118 0.700537893461 0.647613469689 
Arquivo CSV criado com sucesso em: dataset\decomposition_based\adaptative_walk\l10_r0.25\fv_8700
8700. Decomposition 0.183001773870 0.135467566254 0.015342319342 0.010647038944 0.910174369785 0.021065570653 2.983421591978 0.636048629814 0.999422992098 0.332047848387 -0.001017512716 0.000626330271 0.000500489447 0.000326532871 0.851620974173 0.021481143843 2.784738157482 0.593657017239 0.608217243758 0.677294844843 0.215195527079 0.083674839360 0.138350708709 0.018066349633 0.811812402600 0.091196965454 2.970137741798 0.491237922657 0.709846236665 0.631036447580 
Arquivo CSV criado com sucesso em: dataset\decomposition_based\adaptative_walk\l10_r0.25\fv_9000
9000. Decomposition 0.180754940870 0.132101836284 0.015923707826 0.011558672348 0.910270952931 0.021127720420 3.020453163261 0.578988115392 1.034482322936 0.276072137571 -0.001100999970 0.000680498101 0.000536594942 0.000381826456 0.857438443364 0.023849908375 2.642531638837 0.770303402841 0.709890933152 0.499235132268 0.203529180925 0.061653738332 0.144587465345 0.015774484876 0.846788187884 0.042035389664 2.820458763396 0.663030955629 0.767666109228 0.531102278323 
Arquivo CSV criado com sucesso em: dataset\decomposition_based\adaptative_walk\l10_r0.25\fv_9300
9300. Decomposition 0.179030289297 0.129564752584 0.016207463799 0.012019360022 0.910638075909 0.021378240729 3.070044637837 0.509475205237 1.067421685913 0.230637245774 -0.001143778912 0.000721772585 0.000532206953 0.000374799399 0.850679481786 0.021668307721 2.640908557127 0.772690809897 0.790102149142 0.377256034202 0.197034589579 0.049913805370 0.144802866356 0.015865525822 0.844113122373 0.043844123022 2.793539478298 0.703056490113 0.847684340069 0.406771116620 
Arquivo CSV criado com sucesso em: dataset\decomposition_based\adaptative_walk\l10_r0.25\fv_9600
9600. Decomposition 0.177636924705 0.127546287627 0.016360745950 0.012271942755 0.911071690364 0.021702424999 3.124179778631 0.446577462929 1.094694672410 0.201743233031 -0.001182952555 0.000766027011 0.000535387759 0.000379885983 0.849324189202 0.022216938889 2.691371088545 0.701697438300 0.825436758915 0.333999474320 0.191873816553 0.041124114592 0.144926697657 0.015922905630 0.846637450879 0.042121310488 2.829643478918 0.649831130621 0.893683213153 0.348736688044 
Arquivo CSV criado com sucesso em: dataset\decomposition_based\adaptative_walk\l10_r0.25\fv_9900
9900. Decomposition 0.235780488445 0.174849217645 0.015553606995 0.011394938599 0.823977385041 0.195801842643 2.912627771597 0.647160474278 0.929740018836 0.427170486724 -0.000978991426 0.000863241399 0.000600631529 0.000376504191 0.575862741960 0.618996740489 2.601682261792 0.666361771203 0.553390864686 0.709057547479 0.245782226867 0.130641059129 0.129150451017 0.040648198531 0.584808911456 0.601536014607 2.740341753105 0.620801545137 0.567740072920 0.790104193792 
Arquivo CSV criado com sucesso em: dataset\decomposition_based\adaptative_walk\l10_r0.25\fv_10200
10200. Decomposition 0.231424213715 0.167680442340 0.017787932033 0.011670283752 0.905582187436 0.023343292902 2.919127730305 0.635648899361 0.949735468517 0.386966743812 -0.001153933119 0.000720061010 0.000679617775 0.000473320253 0.830465725898 0.053120468087 2.521788973602 0.746154606033 0.662458066953 0.496322821508 0.228841366652 0.094569050122 0.140738282931 0.019201807562 0.813046242237 0.097295403435 2.636544156871 0.737525707719 0.707755321126 0.519988157476 
Arquivo CSV criado com sucesso em: dataset\decomposition_based\adaptative_walk\l10_r0.25\fv_10500
10500. Decomposition 0.228121947182 0.162424696895 0.019072629169 0.012745648836 0.910305339292 0.019904436741 2.936828153248 0.604961147172 0.988240329431 0.313010896482 -0.001284769929 0.000740930935 0.000709986166 0.000521795134 0.830092235813 0.053897645605 2.538859871428 0.726155574625 0.747183735912 0.359493042496 0.215809108588 0.068168418543 0.145975220086 0.015138463927 0.829614007974 0.064548668294 2.652580248353 0.715829917128 0.758182659201 0.436983207188 
Arquivo CSV criado com sucesso em: dataset\decomposition_based\adaptative_walk\l10_r0.25\fv_10800
10800. Decomposition 0.225764286089 0.158776044873 0.019676036379 0.013434291887 0.910776764137 0.019839017805 2.977254822151 0.539235004333 1.025564642906 0.248891372484 -0.001361135524 0.000803673381 0.000706432303 0.000515895939 0.830486512622 0.053077265726 2.609818527232 0.660409729771 0.818374330439 0.293836885399 0.206747525010 0.051581080963 0.147483831024 0.015487373167 0.835104897555 0.054915000942 2.694822221207 0.664575923885 0.818174079769 0.359967317599 
Arquivo CSV criado com sucesso em: dataset\decomposition_based\adaptative_walk\l10_r0.25\fv_11100
11100. Decomposition 0.223978049258 0.156073498838 0.019998156164 0.013841790498 0.911683380567 0.019870412283 3.026742921555 0.470066850553 1.053427118417 0.210078041902 -0.001424801006 0.000878215079 0.000709183846 0.000520458572 0.835460804717 0.042936208153 2.687041366878 0.627811641872 0.854025415726 0.289661947360 0.199372856667 0.040621654081 0.148843045788 0.016400491845 0.844138085995 0.042170167251 2.739360433192 0.621601990673 0.847368681997 0.335746805357 
Arquivo CSV criado com sucesso em: dataset\decomposition_based\adaptative_walk\l10_r0.25\fv_11400
11400. Decomposition 0.222565188245 0.153975657544 0.020172385461 0.014072649331 0.912396430511 0.020039667903 3.076883239315 0.418578825864 1.076397435176 0.187842289599 -0.001484949143 0.000962778242 0.000717980347 0.000535258586 0.841783563935 0.031032736782 2.741155906221 0.632658232259 0.869011280720 0.294404888382 0.193936875824 0.035404293539 0.149083979392 0.016615207321 0.847546939768 0.039031471156 2.789475393187 0.589842217022 0.881341894288 0.322253491264 
Arquivo CSV criado com sucesso em: dataset\decomposition_based\adaptative_walk\l10_r0.25\fv_11700
11700. Decomposition 0.221420060036 0.152302234203 0.020253413279 0.014182379386 0.912657765365 0.020132988404 3.127225616562 0.393143645525 1.096906323883 0.178447048917 -0.001527582142 0.001029173173 0.000716989726 0.000533576159 0.845646506808 0.024936391360 2.803967259395 0.666384700838 0.894512036368 0.310725518387 0.189932764502 0.033915871468 0.148760210537 0.016330124655 0.849024611778 0.038066772059 2.851645945418 0.578867311267 0.912506430058 0.325350072424 
Arquivo CSV criado com sucesso em: dataset\decomposition_based\adaptative_walk\l10_r0.25\fv_12000
12000. Decomposition 0.276821379029 0.196057330768 0.018607498531 0.013744875054 0.778011444154 0.330621370969 2.917638649180 0.683271732825 0.997748865159 0.315140461993 -0.001638358148 0.001002432171 0.000682280922 0.000492365077 0.644571952919 0.492453463170 2.654402383398 0.804824607327 0.750767893816 0.498348979097 0.207784341971 0.057072237346 0.129814387138 0.048228459195 0.626275702104 0.547380018225 2.686411444859 0.727497342099 0.702055704641 0.624226225685 
Arquivo CSV criado com sucesso em: dataset\decomposition_based\adaptative_walk\l10_r0.25\fv_12300
12300. Decomposition 0.272975251794 0.189599593449 0.020599914993 0.013163189397 0.904334986119 0.027857684664 2.973546303857 0.571927051185 0.972787544335 0.368639428957 -0.001663419120 0.001018682468 0.000699860841 0.000487776594 0.654969409522 0.467015393462 2.834158749191 0.653141945225 0.669490816529 0.667435126440 0.206620320807 0.054715448374 0.135195281045 0.035930224910 0.772444378136 0.191461185738 3.340427482215 1.242501517824 0.489200332739 1.108583800728 
Arquivo CSV criado com sucesso em: dataset\decomposition_based\adaptative_walk\l10_r0.25\fv_12600
12600. Decomposition 0.269951280806 0.184701253199 0.021906411865 0.013742855970 0.911889894931 0.018806226374 2.974381460925 0.570348257647 0.996559510631 0.317626988033 -0.001722808429 0.001070345471 0.000716265209 0.000486902785 0.781776627229 0.157565261312 2.681805473947 0.767450219039 0.792260626128 0.422238584037 0.203657357844 0.048954299926 0.136360928669 0.033355015304 0.756901367603 0.228994396784 2.802732255500 0.578296538682 0.688777428441 0.652774897636 
Arquivo CSV criado com sucesso em: dataset\decomposition_based\adaptative_walk\l10_r0.25\fv_12900
12900. Decomposition 0.267799156146 0.181318900394 0.022502710788 0.014240516967 0.912286574633 0.018719566304 2.999937556956 0.523601659000 1.031896994938 0.247748520065 -0.001777343390 0.001132263412 0.000736919430 0.000490504323 0.818495482107 0.069912380889 2.697792286873 0.747569351248 0.821799053554 0.375492406603 0.197988423603 0.039337192255 0.139327279427 0.027056306348 0.802826921400 0.119086319816 2.689800650956 0.721996757101 0.768748077434 0.488414930564 
Arquivo CSV criado com sucesso em: dataset\decomposition_based\adaptative_walk\l10_r0.25\fv_13200
13200. Decomposition 0.266174911045 0.178826730275 0.022825776945 0.014564321141 0.913260794144 0.018720278655 3.039998264741 0.458004447318 1.056762589754 0.206303947204 -0.001826273238 0.001197814376 0.000761632334 0.000501530972 0.824106169601 0.057149040141 2.773113822014 0.676916203941 0.789614734830 0.426774732547 0.193921908108 0.034290768457 0.140674045168 0.024374941109 0.815835501449 0.089134993195 2.701630804763 0.703227780104 0.805266362488 0.422399992627 
Arquivo CSV criado com sucesso em: dataset\decomposition_based\adaptative_walk\l10_r0.25\fv_13500
13500. Decomposition 0.327109454605 0.233248435550 0.020124539220 0.015757605538 0.799531890428 0.302707824131 3.073226552571 0.413486377749 1.072638499538 0.185546366769 -0.001589391018 0.001373339940 0.000677295443 0.000541161458 0.725811084916 0.277602010851 2.752204583532 0.692335240177 0.805897647468 0.399710191681 0.227225571255 0.101110099501 0.124360640182 0.051190321643 0.722595986033 0.280285499325 2.746750624338 0.638688575151 0.800403782768 0.430702246919 
Arquivo CSV criado com sucesso em: dataset\decomposition_based\adaptative_walk\l10_r0.25\fv_13800
13800. Decomposition 0.322264813374 0.224413476653 0.023387150844 0.013838260851 0.904403288931 0.030365166949 2.904288639497 0.591083531176 0.934266984429 0.405155224327 -0.001889895436 0.001171782026 0.000845439279 0.000512831417 0.812109314595 0.062627023955 2.682639319553 0.673266184997 0.641574436853 0.573421337670 0.215575324950 0.072244750424 0.136287266387 0.025490276150 0.798267638775 0.096349827591 2.700094499533 0.610057593099 0.618199348814 0.628255968997 
Arquivo CSV criado com sucesso em: dataset\decomposition_based\adaptative_walk\l10_r0.25\fv_14100
14100. Decomposition 0.318129927333 0.217187163398 0.025324832802 0.015109483160 0.913381179020 0.017645864005 2.907872752990 0.583945857732 0.971731373948 0.318433287217 -0.001935950824 0.001185824117 0.000819722647 0.000491857388 0.768506244838 0.166870526178 2.655828768905 0.696010170693 0.740073275229 0.412464717923 0.211018674703 0.061474395455 0.134981245869 0.027721097404 0.787997598686 0.118252577683 2.664475248531 0.635859553104 0.727183645654 0.447039921781 
Arquivo CSV criado com sucesso em: dataset\decomposition_based\adaptative_walk\l10_r0.25\fv_14400
14400. Decomposition 0.315123205530 0.212132276077 0.026346271691 0.016396731948 0.915362089206 0.018127212617 2.937378380640 0.527998761580 0.996381305350 0.266139324607 -0.002047732764 0.001268871120 0.000881643926 0.000555297441 0.815261559522 0.056782886852 2.656483100367 0.695377804195 0.717678974984 0.440766317782 0.202597622072 0.043387711114 0.139833202716 0.021163525356 0.819088346202 0.065463011287 2.669223625913 0.631669025217 0.698762084229 0.484389942594 
Arquivo CSV criado com sucesso em: dataset\decomposition_based\adaptative_walk\l10_r0.25\fv_14700
14700. Decomposition 0.312800067567 0.208350678954 0.026950049198 0.017311694053 0.915177307951 0.018018500641 2.962778671066 0.484758448316 1.017948778521 0.225966328329 -0.002099754552 0.001328365473 0.000884489544 0.000559194287 0.816042277631 0.055434228096 2.676121665009 0.678183122490 0.752114115380 0.400057353306 0.197997985048 0.035577890991 0.140373315007 0.020798950231 0.818606639867 0.065821383497 2.662015826840 0.638116455182 0.745496874623 0.428275322949 
Arquivo CSV criado com sucesso em: dataset\decomposition_based\adaptative_walk\l10_r0.25\fv_15000
15000. Decomposition 0.311030045048 0.205546124006 0.027242730515 0.017789941644 0.915275789773 0.018074875969 2.995171599560 0.438460535667 1.038453809648 0.195714520677 -0.002150227906 0.001396670800 0.000893559375 0.000572098934 0.816914325215 0.053981439570 2.696119064629 0.664402868903 0.770747643368 0.385286733725 0.195053713635 0.032039123162 0.140128505904 0.020952909222 0.818315811399 0.066048714764 2.694639276556 0.613140976447 0.779652705289 0.406608685137 
Arquivo CSV criado com sucesso em: dataset\decomposition_based\adaptative_walk\l10_r0.25\fv_15300
15300. Decomposition 0.309603265208 0.203335786976 0.027403542271 0.018061455241 0.915453743690 0.018185771217 3.029743954616 0.403527899637 1.055357875691 0.179483598603 -0.002180156111 0.001441492908 0.000888521400 0.000564841395 0.817665918081 0.052778185177 2.733746275549 0.649459034988 0.798057441054 0.374469610947 0.191862104340 0.030070029733 0.140418431906 0.020772656013 0.824515979422 0.063085658115 2.726011900317 0.599952807930 0.803967387801 0.402995368806 
Arquivo CSV criado com sucesso em: dataset\decomposition_based\adaptative_walk\l10_r0.25\fv_15600
15600. Decomposition 0.308481591508 0.201630724122 0.027428801101 0.018104640683 0.915453967499 0.018185917936 3.068505845376 0.386982696055 1.072789046964 0.173563190496 -0.002215613245 0.001498280387 0.000893040961 0.000571342026 0.822067787642 0.046818612692 2.756775233705 0.647733209040 0.810079925856 0.374058348168 0.189248426107 0.030170609528 0.140668977837 0.020638593634 0.826065062939 0.062993896217 2.756666035466 0.598014144205 0.816597214286 0.405156713980 
Arquivo CSV criado com sucesso em: dataset\decomposition_based\adaptative_walk\l10_r0.25\fv_15900
15900. Decomposition 0.362372351393 0.243770866055 0.026579200340 0.017227518120 0.882848559732 0.093819714848 2.920781737912 0.569431109835 0.973513918863 0.332196514751 -0.002107782180 0.001458128067 0.000887830484 0.000540581648 0.787756743218 0.107868724577 2.715572420210 0.622975008697 0.659590574327 0.555766871471 0.214176822655 0.077550361569 0.137151416704 0.022041672960 0.823231565446 0.060647158978 2.635755584366 0.661410666409 0.673832286687 0.550207531386 
Arquivo CSV criado com sucesso em: dataset\decomposition_based\adaptative_walk\l10_r0.25\fv_16200
16200. Decomposition 0.358587783593 0.237203945108 0.028268509622 0.017227585680 0.908504875558 0.026097776623 2.938899677218 0.531090518022 1.001935708599 0.265240378866 -0.002220100967 0.001422104462 0.000935235186 0.000552599837 0.823700854259 0.043655786431 2.647659106161 0.687067588108 0.720778160286 0.436101842197 0.207544788023 0.060517806507 0.136158381297 0.023511725946 0.798759055205 0.100430356992 2.700423849420 0.586947122738 0.773482112890 0.398253769515 
Arquivo CSV criado com sucesso em: dataset\decomposition_based\adaptative_walk\l10_r0.25\fv_16500
16500. Decomposition 0.356064344699 0.232995801650 0.029051179363 0.017671127080 0.912679919199 0.018866288823 2.976732316385 0.459220236114 1.021565458478 0.224211084774 -0.002345928821 0.001464878618 0.001001523649 0.000619702008 0.827798947448 0.045926836784 2.644564586604 0.691119116233 0.734451767133 0.414547540067 0.200897644317 0.044850223582 0.137825955509 0.021197787273 0.808366607898 0.080174632221 2.729668055620 0.569597331828 0.800264261663 0.383354075430 
Arquivo CSV criado com sucesso em: dataset\decomposition_based\adaptative_walk\l10_r0.25\fv_16800
16800. Decomposition 0.354063656198 0.229762232172 0.029631862598 0.018168281051 0.914357520229 0.017430737857 2.998800605453 0.424195484531 1.030961573920 0.206978099389 -0.002405297225 0.001513965768 0.001007791592 0.000628575320 0.819397784666 0.044513048105 2.692184814303 0.639282502455 0.755583804150 0.386519723264 0.196227892358 0.035700915447 0.138977566325 0.020096614968 0.814412276340 0.069878646162 2.767780907329 0.564648106310 0.797198432994 0.384332907986 
Arquivo CSV criado com sucesso em: dataset\decomposition_based\adaptative_walk\l10_r0.25\fv_17100
17100. Decomposition 0.352552677827 0.227383017835 0.029915077916 0.018458980991 0.914843670727 0.017237925488 3.023299733277 0.393343439377 1.047060349638 0.182735114370 -0.002459151087 0.001572740536 0.001012988537 0.000636213281 0.819816610433 0.044283633232 2.708801980522 0.627022104832 0.786290882240 0.359870467087 0.192127561571 0.030250900644 0.139835191494 0.019590694338 0.821046666617 0.062133959122 2.772115983411 0.565385789701 0.811699910413 0.381423820814 
Arquivo CSV criado com sucesso em: dataset\decomposition_based\adaptative_walk\l10_r0.25\fv_17400
17400. Decomposition 0.406531724236 0.279100895537 0.028473114289 0.017539857303 0.823512993833 0.275496428840 2.883605010531 0.585526439581 0.956351196472 0.337714073157 -0.002186050334 0.001685646022 0.000989634915 0.000603552771 0.681168769436 0.425068876871 2.592543734313 0.694949682599 0.745895232629 0.367524101945 0.221607288538 0.097292703949 0.134475947544 0.025039818639 0.663013123215 0.487013789133 2.655542369462 0.662932648898 0.803619134762 0.363269368732 
Arquivo CSV criado com sucesso em: dataset\decomposition_based\adaptative_walk\l10_r0.25\fv_17700
17700. Decomposition 0.401649656891 0.269737196558 0.030550791662 0.017591171245 0.903585530977 0.038419715523 2.936156975895 0.471459720272 0.988277393653 0.258522082519 -0.002269398868 0.001586919460 0.001013777541 0.000603604402 0.765634730514 0.174619612640 2.634197305001 0.638399205490 0.731616597621 0.386386778204 0.220010580719 0.092709551288 0.134741859287 0.024509008054 0.721034126072 0.314812080724 2.697773710532 0.598273235772 0.791372782318 0.368394827756 
Arquivo CSV criado com sucesso em: dataset\decomposition_based\adaptative_walk\l10_r0.25\fv_18000
18000. Decomposition 0.397734726768 0.262577652143 0.032374920520 0.019367204245 0.914145901872 0.016581669389 2.937896375198 0.468117051153 0.977812865773 0.283352897957 -0.002448779686 0.001499041604 0.001128468158 0.000712699227 0.808566485122 0.058123954039 2.637297776248 0.634972348664 0.695646124949 0.448761425770 0.209130935261 0.062315216065 0.139302249903 0.018647160865 0.804125296640 0.083045650141 2.684202664624 0.616957080259 0.742123592291 0.421963784045 
Arquivo CSV criado com sucesso em: dataset\decomposition_based\adaptative_walk\l10_r0.25\fv_18300
18300. Decomposition 0.394730824394 0.257312682035 0.033394714126 0.020925742290 0.914932853971 0.016303774211 2.938555390988 0.466859579315 0.996796454159 0.239448189275 -0.002542221676 0.001528168260 0.001147639748 0.000745011227 0.818097339097 0.043119483142 2.621838127349 0.653198058318 0.743485692324 0.370427254142 0.203239360170 0.047126204159 0.140795348248 0.018607451685 0.818258273892 0.059826163367 2.694284895935 0.602869210952 0.776775177143 0.379093114033 
Arquivo CSV criado com sucesso em: dataset\decomposition_based\adaptative_walk\l10_r0.25\fv_18600
18600. Decomposition 0.392447737841 0.253452292975 0.033939143663 0.021887821217 0.915429941736 0.016302913982 2.956638604458 0.434450309052 1.014450713606 0.204476527443 -0.002631691963 0.001602189105 0.001173983812 0.000794075879 0.825654893189 0.042626577978 2.634750965039 0.637778663276 0.765073224691 0.348924580004 0.198644325575 0.036851971458 0.141711674723 0.019110200076 0.823146809251 0.057171479801 2.721158902582 0.571475365549 0.797401420962 0.365419323685 
Arquivo CSV criado com sucesso em: dataset\decomposition_based\adaptative_walk\l10_r0.25\fv_18900
18900. Decomposition 0.390751809412 0.250667381651 0.034135214294 0.022253484900 0.915541183699 0.016321390057 2.983919612303 0.394736385609 1.032908901880 0.177702111142 -0.002694522165 0.001678049555 0.001183130966 0.000812218222 0.826088866385 0.042962904778 2.661526716828 0.612412506071 0.782689352874 0.339619687014 0.195034897965 0.030770846206 0.142249947861 0.019580233275 0.825380905431 0.057182595471 2.749410671898 0.549402784455 0.811324050506 0.361923634710 
Arquivo CSV criado com sucesso em: dataset\decomposition_based\adaptative_walk\l10_r0.25\fv_19200
19200. Decomposition 0.389417027579 0.248526821755 0.034192689133 0.022362472369 0.915668043540 0.016350749787 3.015558974640 0.366610852872 1.048853183987 0.166360335186 -0.002723627041 0.001719070282 0.001171240696 0.000788739975 0.824867894028 0.042112593782 2.702494705387 0.592879006753 0.804448037356 0.339321067659 0.192330935261 0.028150000019 0.142283325006 0.019613386162 0.826648791454 0.057537219571 2.781290276642 0.539609537704 0.828487163430 0.364219885793 

Single Random walk:
200. Dominance: Arquivo CSV criado com sucesso em: dataset\pareto_based\random_walk\l10\fv_200
0.206666666667 0.068799224802 -0.202564102564 1.518614031607 0.103724282582 0.222708333333 0.045151654178 0.406227931283 1.385108638421 -0.257963512252 0.570625000000 0.099441801447 0.021831814899 2.017225847468 0.280270271434 0.570625000000 0.099441801447 0.021831814899 2.017225847468 0.280270271434 
400. Dominance: Arquivo CSV criado com sucesso em: dataset\pareto_based\random_walk\l10\fv_400
0.188229166667 0.055930322320 -0.030181094038 2.440786463538 0.790058552700 0.213645833333 0.048167707421 -0.480730379304 1.571899792988 -0.111133261035 0.598125000000 0.078578682701 0.024581283555 2.847120759410 -0.497344910489 0.598125000000 0.078578682701 0.024581283555 2.847120759410 -0.497344910489 

Single adaptive dominance walk:
Arquivo CSV criado com sucesso em: dataset\pareto_based\adaptative_walk\l10_r0.25\fv_200
200. Dominance: 0.292916666667 0.077892153007 -0.007218537835 1.997091609012 -0.111855856733 0.176875000000 0.041283130635 -0.044339567675 1.686018621050 0.541706481595 0.530208333333 0.114437596714 0.018882080573 1.958479781154 -0.257646711269 0.530208333333 0.114437596714 0.018882080573 1.958479781154 -0.257646711269 
Arquivo CSV criado com sucesso em: dataset\pareto_based\adaptative_walk\l10_r0.25\fv_400
400. Dominance: 0.309270833333 0.060256162519 -0.055511912327 3.344661511994 -0.753789129331 0.145208333333 0.065050394460 -0.274788864267 1.962660333755 -0.189319544390 0.545520833333 0.097643179681 -0.136572483251 2.375097622481 -0.547885879628 0.545520833333 0.097643179681 -0.136572483251 2.375097622481 -0.547885879628 
Arquivo CSV criado com sucesso em: dataset\pareto_based\adaptative_walk\l10_r0.25\fv_600
600. Dominance: 0.319444444444 0.053986166495 0.005741363552 4.312710408603 -1.039839318757 0.126875000000 0.073902561131 -0.081802622621 1.583601954441 0.098740083690 0.553680555556 0.086347876787 -0.141389376272 2.915283861896 -0.769199929958 0.553680555556 0.086347876787 -0.141389376272 2.915283861896 -0.769199929958 
Arquivo CSV criado com sucesso em: dataset\pareto_based\adaptative_walk\l10_r0.25\fv_800
800. Dominance: 0.347656250000 0.086951264861 0.500357511278 3.673239096063 0.641684932014 0.103750000000 0.076229505442 0.208438658177 1.810448095400 0.485533329481 0.548593750000 0.087936272868 0.010924241365 2.412196277813 -0.371035347783 0.548593750000 0.087936272868 0.010924241365 2.412196277813 -0.371035347783 
Dominance adaptive walk: 16
Arquivo CSV criado com sucesso em: dataset\decomposition_based\adaptative_walk\l10_r0.25\mo_features_random_walk_decomposition.csv
