
Multi Random walk:
Arquivo CSV criado com sucesso em: dataset\decomposition_based\random_walk\l100\fv_300
300. Decomposition 0.425557316871 0.000000000000 0.180855292338 0.000000000000 0.538750403001 0.000000000000 1.398253938072 0.000000000000 0.197161202699 0.000000000000 -0.040721560655 0.000000000000 0.032584297673 0.000000000000 0.383882764881 0.000000000000 1.982111484728 0.000000000000 0.356370181704 0.000000000000 0.398611111111 0.000000000000 0.118970960768 0.000000000000 0.247635177347 0.000000000000 2.428103014847 0.000000000000 0.706529251230 0.000000000000 
Arquivo CSV criado com sucesso em: dataset\decomposition_based\random_walk\l100\fv_600
600. Decomposition 0.383096016601 0.000000000000 0.142307977114 0.000000000000 0.463146797931 0.000000000000 2.581172999248 0.000000000000 0.832650943447 0.000000000000 -0.025461438573 0.000000000000 0.032521212636 0.000000000000 -0.001415142888 0.000000000000 2.097827400560 0.000000000000 -0.176518027724 0.000000000000 0.388368794326 0.000000000000 0.101129330522 0.000000000000 -0.006635669690 0.000000000000 3.073495299338 0.000000000000 0.543525737022 0.000000000000 
Arquivo CSV criado com sucesso em: dataset\decomposition_based\random_walk\l100\fv_900
900. Decomposition 0.411212546613 0.000000000000 0.136537213853 0.000000000000 0.469319754926 0.000000000000 2.205940277975 0.000000000000 0.466378198440 0.000000000000 -0.018754885755 0.000000000000 0.028623903944 0.000000000000 -0.044071320018 0.000000000000 2.451628914872 0.000000000000 -0.453212877489 0.000000000000 0.400165484634 0.000000000000 0.092101764648 0.000000000000 -0.055685184201 0.000000000000 3.141245217114 0.000000000000 0.353216510626 0.000000000000 
Arquivo CSV criado com sucesso em: dataset\decomposition_based\random_walk\l100\fv_1200
1200. Decomposition 0.349910752385 0.000000000000 0.158414034015 0.000000000000 0.925031319086 0.000000000000 3.323359222263 0.000000000000 1.027989003675 0.000000000000 -0.010789907220 0.000000000000 0.019820142511 0.000000000000 0.056436218236 0.000000000000 2.810371405492 0.000000000000 -0.295060352995 0.000000000000 0.415362318841 0.000000000000 0.096499105150 0.000000000000 -0.026685187200 0.000000000000 2.728081223380 0.000000000000 0.314492492663 0.000000000000 
Arquivo CSV criado com sucesso em: dataset\decomposition_based\random_walk\l100\fv_1500
1500. Decomposition 0.414457890456 0.000000000000 0.201619924256 0.000000000000 0.920650812115 0.000000000000 1.864418630957 0.000000000000 0.499254178567 0.000000000000 -0.008474419799 0.000000000000 0.019588064288 0.000000000000 0.122822510491 0.000000000000 2.910819012705 0.000000000000 -0.147434778684 0.000000000000 0.414753623188 0.000000000000 0.096479814196 0.000000000000 -0.109876301081 0.000000000000 2.738998600791 0.000000000000 0.394552208460 0.000000000000 
Arquivo CSV criado com sucesso em: dataset\decomposition_based\random_walk\l100\fv_1800
1800. Decomposition 0.456801640408 0.000000000000 0.207170640963 0.000000000000 0.939077272933 0.000000000000 1.473520409518 0.000000000000 0.076107741251 0.000000000000 -0.007118299351 0.000000000000 0.018650597157 0.000000000000 0.110204138796 0.000000000000 3.203545316282 0.000000000000 -0.225328625256 0.000000000000 0.410410628019 0.000000000000 0.093824319807 0.000000000000 -0.156919704798 0.000000000000 2.770006159787 0.000000000000 0.406267279631 0.000000000000 
Arquivo CSV criado com sucesso em: dataset\decomposition_based\random_walk\l100\fv_2100
2100. Decomposition 0.475551500183 0.000000000000 0.198233954429 0.000000000000 0.919679556288 0.000000000000 1.568598469597 0.000000000000 -0.146813156105 0.000000000000 -0.005582086022 0.000000000000 0.018337953103 0.000000000000 0.150102100061 0.000000000000 3.234722870921 0.000000000000 -0.301171179177 0.000000000000 0.412857142857 0.000000000000 0.090797674459 0.000000000000 -0.162385127603 0.000000000000 2.762557828203 0.000000000000 0.344126209163 0.000000000000 
Arquivo CSV criado com sucesso em: dataset\decomposition_based\random_walk\l100\fv_2400
2400. Decomposition 0.478187422279 0.000000000000 0.186495375624 0.000000000000 0.912500283611 0.000000000000 1.763872620295 0.000000000000 -0.196163431467 0.000000000000 -0.005402966995 0.000000000000 0.017106165589 0.000000000000 0.144128563964 0.000000000000 3.644013241372 0.000000000000 -0.405370598844 0.000000000000 0.414675925926 0.000000000000 0.084955494986 0.000000000000 -0.149344548192 0.000000000000 3.109401517409 0.000000000000 0.292582885686 0.000000000000 
Arquivo CSV criado com sucesso em: dataset\decomposition_based\random_walk\l100\fv_2700
2700. Decomposition 0.471698526927 0.000000000000 0.179642086078 0.000000000000 0.915684957774 0.000000000000 1.839567101800 0.000000000000 -0.123884468594 0.000000000000 -0.006227638248 0.000000000000 0.016514819441 0.000000000000 0.153640050731 0.000000000000 3.701060185725 0.000000000000 -0.295604553906 0.000000000000 0.414403292181 0.000000000000 0.082067188663 0.000000000000 -0.115864786123 0.000000000000 3.220452156755 0.000000000000 0.280918816974 0.000000000000 
Arquivo CSV criado com sucesso em: dataset\decomposition_based\random_walk\l100\fv_3000
3000. Decomposition 0.473251694363 0.000000000000 0.181492303607 0.000000000000 0.912820985444 0.000000000000 1.834015621930 0.000000000000 -0.059954797708 0.000000000000 -0.006939371927 0.000000000000 0.015809535701 0.000000000000 0.195273554073 0.000000000000 3.419446826196 0.000000000000 -0.221791716356 0.000000000000 0.413111111111 0.000000000000 0.079721428567 0.000000000000 -0.114659077105 0.000000000000 3.314318325157 0.000000000000 0.298224097076 0.000000000000 
Arquivo CSV criado com sucesso em: dataset\decomposition_based\random_walk\l100\fv_3300
3300. Decomposition 0.474398894098 0.000000000000 0.177154014282 0.000000000000 0.915289246079 0.000000000000 1.840380017442 0.000000000000 -0.007245180354 0.000000000000 -0.007279686499 0.000000000000 0.016424519664 0.000000000000 0.280136664656 0.000000000000 3.337120849191 0.000000000000 -0.246006066247 0.000000000000 0.415690235690 0.000000000000 0.078944475876 0.000000000000 -0.082972187585 0.000000000000 3.225615169244 0.000000000000 0.262373957182 0.000000000000 
Arquivo CSV criado com sucesso em: dataset\decomposition_based\random_walk\l100\fv_3600
3600. Decomposition 0.509046881638 0.000000000000 0.171432904452 0.000000000000 0.934744365116 0.000000000000 1.859778173158 0.000000000000 -0.017179014845 0.000000000000 -0.007377293422 0.000000000000 0.014669251613 0.000000000000 0.298264879134 0.000000000000 2.956666119525 0.000000000000 -0.102401908257 0.000000000000 0.409506172840 0.000000000000 0.082753722764 0.000000000000 -0.030711066531 0.000000000000 3.107230782286 0.000000000000 0.126959061545 0.000000000000 
Arquivo CSV criado com sucesso em: dataset\decomposition_based\random_walk\l100\fv_3900
3900. Decomposition 0.499704921108 0.000000000000 0.172894256671 0.000000000000 0.910766618427 0.000000000000 1.850218239390 0.000000000000 0.015850004265 0.000000000000 -0.007614801364 0.000000000000 0.014910150937 0.000000000000 0.317179414377 0.000000000000 2.845048543226 0.000000000000 -0.040978372341 0.000000000000 0.406125356125 0.000000000000 0.083969413549 0.000000000000 -0.010798961521 0.000000000000 3.212069630851 0.000000000000 0.031200743586 0.000000000000 
Arquivo CSV criado com sucesso em: dataset\decomposition_based\random_walk\l100\fv_4200
4200. Decomposition 0.485186976774 0.000000000000 0.177267324811 0.000000000000 0.933234228593 0.000000000000 1.888542368172 0.000000000000 0.068832740957 0.000000000000 -0.007692304868 0.000000000000 0.014549209476 0.000000000000 0.304048582373 0.000000000000 2.920850060936 0.000000000000 -0.026423066460 0.000000000000 0.410608465608 0.000000000000 0.084859292321 0.000000000000 0.015303302273 0.000000000000 3.099988430754 0.000000000000 0.010218391364 0.000000000000 
Arquivo CSV criado com sucesso em: dataset\decomposition_based\random_walk\l100\fv_4500
4500. Decomposition 0.493154527251 0.000000000000 0.178357233910 0.000000000000 0.919289140156 0.000000000000 2.128747154736 0.000000000000 -0.005630390693 0.000000000000 -0.008407809645 0.000000000000 0.014328957100 0.000000000000 0.329523687137 0.000000000000 3.060146449898 0.000000000000 -0.093424418667 0.000000000000 0.402518518519 0.000000000000 0.087914536377 0.000000000000 0.112098645756 0.000000000000 2.870371449534 0.000000000000 0.045597950627 0.000000000000 
Arquivo CSV criado com sucesso em: dataset\decomposition_based\random_walk\l100\fv_4800
4800. Decomposition 0.488809220526 0.000000000000 0.173685462698 0.000000000000 0.916027155329 0.000000000000 2.225320776247 0.000000000000 0.063019854603 0.000000000000 -0.007773453217 0.000000000000 0.014123255976 0.000000000000 0.339493743314 0.000000000000 3.093429030350 0.000000000000 -0.191435047673 0.000000000000 0.404814814815 0.000000000000 0.086450148976 0.000000000000 0.096778870477 0.000000000000 2.919721077774 0.000000000000 0.020714587491 0.000000000000 
Arquivo CSV criado com sucesso em: dataset\decomposition_based\random_walk\l100\fv_5100
5100. Decomposition 0.487460944112 0.486837663140 0.000306565571 0.000082926987 -0.039459223081 0.960540776919 1.608874375594 0.608874375594 0.063366516828 0.063366516827 0.000378816039 0.000389598202 0.000264082733 0.000245740243 -0.322644240220 0.677355759780 2.003077722733 1.003077722733 -0.073163885038 0.073163885038 0.488006976744 0.087806976744 0.076421230980 0.012235184468 -0.427560347626 0.572439652374 1.978419167900 0.978419167900 -0.007459420727 0.007459420727 
Arquivo CSV criado com sucesso em: dataset\decomposition_based\random_walk\l100\fv_5400
5400. Decomposition 0.486589949083 0.485968424484 0.004046851539 0.003823843157 0.618924709940 0.302156843898 2.097465754769 0.120282996419 -0.052827845760 0.179560879415 0.000567684760 0.000578436539 0.000705358733 0.000687067931 0.255851213679 0.098860305881 2.563754182582 0.442401262885 0.185714919436 0.332042689512 0.482861627907 0.082661627907 0.094228248083 0.005571832635 0.100910029784 0.043969274964 2.655543419549 0.301294916251 0.081497100964 0.096415942417 
Arquivo CSV criado com sucesso em: dataset\decomposition_based\random_walk\l100\fv_5700
5700. Decomposition 0.481372776817 0.480764092934 0.006913807315 0.006695406293 0.836510222282 0.084571331556 2.050248405962 0.167500345225 0.111438119240 0.015294914415 0.000761428621 0.000771958268 0.000619786476 0.000601873563 0.319521325782 0.035190193778 2.576157648862 0.429997796605 -0.117761800873 0.028565969202 0.491664625850 0.091464625850 0.087633659085 0.001022756362 0.128447718229 0.016431586520 2.745352914618 0.211485421182 -0.095617137439 0.080698295986 
Arquivo CSV criado com sucesso em: dataset\decomposition_based\random_walk\l100\fv_6000
6000. Decomposition 0.482253176533 0.481645857379 0.006651144188 0.006433232841 0.839852737823 0.081228816015 2.123793669358 0.093955081829 -0.158614199614 0.285347233269 0.000698360507 0.000708866545 0.000662813848 0.000644941097 0.233031141538 0.121680378022 2.588195053983 0.417960391484 -0.154208635883 0.007880865808 0.488909523810 0.088709523810 0.088284612637 0.000371802811 0.062167798869 0.082711505879 2.557485229098 0.399353106702 -0.077447022067 0.062528180614 
Arquivo CSV criado com sucesso em: dataset\decomposition_based\random_walk\l100\fv_6300
6300. Decomposition 0.483027767500 0.482420448346 0.006119475013 0.005901563666 0.824801054262 0.096280499576 2.386407051015 0.168658299828 -0.305026428201 0.431759461856 0.000702211837 0.000712717875 0.000619894361 0.000602021610 0.247734673021 0.106976846539 2.588468339599 0.417687105867 0.027591904457 0.173919674532 0.490456472795 0.090256472795 0.084729414349 0.003927001099 0.090847021415 0.054032283333 2.660218828916 0.296619506885 -0.100145460643 0.085226619190 
Arquivo CSV criado com sucesso em: dataset\decomposition_based\random_walk\l100\fv_6600
6600. Decomposition 0.484035246071 0.483427926917 0.005979220584 0.005761309238 0.834269452190 0.086812101648 2.607885954288 0.390137203100 -0.418590959453 0.545323993109 0.000794828613 0.000805334651 0.000601343547 0.000583470796 0.288219713017 0.066491806543 2.559814646440 0.446340799026 -0.132211423037 0.014116347039 0.496395731707 0.096195731707 0.085891459010 0.002764956438 0.104691192581 0.040188112167 2.847844883073 0.108993452727 -0.048104003673 0.033185162220 
Arquivo CSV criado com sucesso em: dataset\decomposition_based\random_walk\l100\fv_6900
6900. Decomposition 0.482945777731 0.482338458577 0.006769453196 0.006551541849 0.858731684188 0.062349869650 2.228129245817 0.010380494629 -0.285289095664 0.412022129319 0.000842157710 0.000852663748 0.000625365855 0.000607493104 0.322227022977 0.032484496582 2.858988420228 0.147167025239 0.009607354645 0.155935124720 0.501338767651 0.101138767651 0.086547304313 0.002109111135 0.157977551498 0.013098246750 2.893472543533 0.063365792267 -0.039598596928 0.024679755475 
Arquivo CSV criado com sucesso em: dataset\decomposition_based\random_walk\l100\fv_7200
7200. Decomposition 0.481429241721 0.480821922567 0.007585392943 0.007367481596 0.899351428242 0.021730125595 2.230919449385 0.013170698198 -0.207654063234 0.334387096889 0.000830425108 0.000840931146 0.000604567204 0.000586694454 0.308245075799 0.046466443761 2.904799808281 0.101355637185 0.004784292455 0.151112062530 0.501119955654 0.100919955654 0.084605096467 0.004051318981 0.135330116192 0.009549188556 2.975854007482 0.019015671682 -0.033258345075 0.018339503622 
Arquivo CSV criado com sucesso em: dataset\decomposition_based\random_walk\l100\fv_7500
7500. Decomposition 0.480500173569 0.479892854415 0.007693395134 0.007475483788 0.872157126809 0.048924427029 2.122467490144 0.095281261043 -0.102366230975 0.229099264630 0.000762523304 0.000773029342 0.000623591966 0.000605719215 0.313692271037 0.041019248523 2.855102570947 0.151052874520 0.001628434213 0.147956204289 0.497334146341 0.097134146341 0.085311470946 0.003344944501 0.127713457850 0.017165846898 2.870851302796 0.085987033005 0.000441759797 0.015360601250 
Arquivo CSV criado com sucesso em: dataset\decomposition_based\random_walk\l100\fv_7800
7800. Decomposition 0.479809585336 0.479202266182 0.007570096976 0.007352185630 0.873577754522 0.047503799316 2.069176855340 0.148571895848 0.005625771171 0.121107262484 0.000710808819 0.000721314857 0.000654040955 0.000636168205 0.279114932269 0.075596587291 2.816263204020 0.189892241446 -0.063679762742 0.082648007334 0.491358710801 0.091158710801 0.090658111306 0.002001695859 0.160217853904 0.015338549156 3.080798612928 0.123960277127 -0.199495221194 0.184576379741 
Arquivo CSV criado com sucesso em: dataset\decomposition_based\random_walk\l100\fv_8100
8100. Decomposition 0.479240761537 0.478633442383 0.007438475077 0.007220563730 0.880639478422 0.040442075416 2.069320923823 0.148427827364 0.089692360876 0.037040672779 0.000646246034 0.000656752072 0.000702619713 0.000684746963 0.270623974094 0.084087545465 2.914575521970 0.091579923497 -0.166829297433 0.020501527357 0.486830920535 0.086630920535 0.092349352226 0.003692936778 0.182360928807 0.037481624058 2.908893970206 0.047944365595 -0.163517247021 0.148598405568 
Arquivo CSV criado com sucesso em: dataset\decomposition_based\random_walk\l100\fv_8400
8400. Decomposition 0.478375602858 0.477768283704 0.007704739647 0.007486828301 0.897127218274 0.023954335564 2.080338956354 0.137409794834 0.126449788931 0.000283244724 0.000598471139 0.000608977177 0.000695415585 0.000677542835 0.296870865292 0.057840654268 2.848074509697 0.158080935770 -0.095432299185 0.050895470890 0.483737015782 0.083537015782 0.091945448755 0.003289033308 0.203056341574 0.058177036826 2.867718243313 0.089120092488 -0.109447088106 0.094528246653 
Arquivo CSV criado com sucesso em: dataset\decomposition_based\random_walk\l100\fv_8700
8700. Decomposition 0.477013473461 0.476406154307 0.008765525457 0.008547614110 0.907662270607 0.013419283231 2.224567690111 0.006818938923 0.011960282233 0.114772751422 0.000506921256 0.000517427294 0.000740701759 0.000722829008 0.359888684519 0.005177164959 2.717337933469 0.288817511998 -0.078153253518 0.068174516557 0.477901582070 0.077701582070 0.094385629182 0.005729213735 0.257091628254 0.112212323505 2.740147964992 0.216690370808 -0.067428662647 0.052509821194 
Arquivo CSV criado com sucesso em: dataset\decomposition_based\random_walk\l100\fv_9000
9000. Decomposition 0.476714088505 0.476106769351 0.008518917791 0.008301006445 0.904678335998 0.016403217840 2.267332531454 0.049583780267 0.058131280021 0.068601753634 0.000451501470 0.000462007508 0.000743466172 0.000725593422 0.380340251709 0.025628732149 2.692929291753 0.313226153714 -0.022256198349 0.124071571726 0.474898780488 0.074698780488 0.093868446313 0.005212030865 0.267978423059 0.123099118311 2.727910096168 0.228928239632 -0.007674082967 0.007244758486 
Arquivo CSV criado com sucesso em: dataset\decomposition_based\random_walk\l100\fv_9300
9300. Decomposition 0.475906949534 0.475299630380 0.008776524481 0.008558613135 0.906750893170 0.014330660668 2.200664009661 0.017084741527 0.100581608266 0.026151425389 0.000411665470 0.000422171508 0.000742085008 0.000724212257 0.388211839864 0.033500320304 2.701873663630 0.304281781837 0.006056769723 0.152384539798 0.473219682360 0.073019682360 0.092968549744 0.004312134297 0.267674262134 0.122794957386 2.752886734510 0.203951601290 0.025184784558 0.040103626011 
Arquivo CSV criado com sucesso em: dataset\decomposition_based\random_walk\l100\fv_9600
9600. Decomposition 0.475417833868 0.474810514714 0.008762701427 0.008544790081 0.906028559601 0.015052994237 2.204867870434 0.012880880754 0.139868000817 0.013134967162 0.000366603990 0.000377110029 0.000755632627 0.000737759877 0.393342049989 0.038630530429 2.782199639782 0.223955805685 -0.016106096083 0.130221673992 0.469625450689 0.069425450689 0.094357624673 0.005701209225 0.279611317620 0.134732012872 2.792918403206 0.163919932594 0.011243112596 0.026161954049 
Arquivo CSV criado com sucesso em: dataset\decomposition_based\random_walk\l100\fv_9900
9900. Decomposition 0.475914176947 0.475306857793 0.008806563705 0.008588652358 0.908338531295 0.012743022543 2.180292057109 0.037456694079 0.102301196640 0.024431837015 0.000375937216 0.000386443254 0.000746134295 0.000728261545 0.381825542422 0.027114022862 2.676938994302 0.329216451164 0.004081458454 0.150409228530 0.470353857641 0.070153857641 0.093412699934 0.004756284487 0.255187479213 0.110308174465 2.707058539340 0.249779796460 0.026434277034 0.041353118487 
Arquivo CSV criado com sucesso em: dataset\decomposition_based\random_walk\l100\fv_10200
10200. Decomposition 0.494173538554 0.398799602291 0.003575014357 0.004062165521 0.403661243387 0.713256397768 2.069504825359 0.137439700030 0.218798221461 0.193704351163 -0.000311075637 0.000732729045 0.000422117648 0.000315787219 0.105171197630 0.386139539457 2.473783319754 0.402391968353 0.155548695279 0.241063714740 0.449050000000 0.063135132850 0.078261391203 0.021539664505 0.119019639785 0.211892571084 2.447381974529 0.424600653701 0.008030948566 0.078297277533 
Arquivo CSV criado com sucesso em: dataset\decomposition_based\random_walk\l100\fv_10500
10500. Decomposition 0.484191144750 0.392621272230 0.007214674109 0.005224441495 0.839348356990 0.097611612971 1.894685339158 0.379465295203 0.072400202517 0.038546979871 -0.000340527694 0.000764458733 0.000669340091 0.000508155102 0.291389839610 0.123777487110 3.160455188584 0.707304443288 -0.416003607951 0.618140330893 0.446835087719 0.064609431221 0.082935364584 0.015075201500 0.135661498297 0.190831423751 3.409582990979 1.005998456986 -0.535985461163 0.829230700383 
Arquivo CSV criado com sucesso em: dataset\decomposition_based\random_walk\l100\fv_10800
10800. Decomposition 0.486378777653 0.395286571996 0.007419039569 0.005436037263 0.866840274497 0.059121709767 2.038243755538 0.179680616604 -0.158618147188 0.344965932048 -0.000155489259 0.000511314063 0.000695311865 0.000538044678 0.383852303980 0.020717742744 3.377113482978 0.999233081851 -0.274240696014 0.424125501061 0.458644594595 0.058282357249 0.088314563285 0.007937811014 0.229517524945 0.096555509071 3.055452683382 0.524635619818 -0.128526095221 0.256736278785 
Arquivo CSV criado com sucesso em: dataset\decomposition_based\random_walk\l100\fv_11100
11100. Decomposition 0.482914851827 0.393143355062 0.007590705861 0.005646645587 0.878996763384 0.042329720918 2.236863212157 0.116864939755 -0.235205573218 0.452855227021 -0.000097769600 0.000431214285 0.000646937591 0.000485566945 0.390600252604 0.026102879056 3.737773826719 1.498067479806 -0.359004602794 0.539564081166 0.461899099099 0.057276577306 0.087171121267 0.009393452717 0.229481829684 0.096574182338 3.066535628297 0.539163562370 -0.153306863861 0.291132947764 
Arquivo CSV criado com sucesso em: dataset\decomposition_based\random_walk\l100\fv_11400
11400. Decomposition 0.481410110612 0.392307592316 0.007529103536 0.005592878225 0.866848410835 0.059110394003 2.418858207698 0.367598552559 -0.281165476855 0.517683853129 -0.000048600528 0.000365736927 0.000627579016 0.000465466246 0.383998411057 0.020802763462 3.898867803253 1.723002040371 -0.366655461298 0.550077032990 0.465929251701 0.056527830216 0.087625079174 0.008808810849 0.245078281466 0.090753609748 3.105642372543 0.590894208766 -0.100345988599 0.217872562073 
Arquivo CSV criado com sucesso em: dataset\decomposition_based\random_walk\l100\fv_11700
11700. Decomposition 0.480406328921 0.391080471368 0.008359809246 0.006539884953 0.902386870866 0.013299179843 2.402218448667 0.344266848465 -0.271981330940 0.504725714326 -0.000076345253 0.000401586984 0.000634540623 0.000473051988 0.343553919136 0.052108235330 3.571474555916 1.266947397979 -0.264333535533 0.410798975425 0.465405042017 0.056593315967 0.087123307206 0.009455464439 0.216385335387 0.104850887240 3.047162590966 0.513812682308 -0.058602324461 0.161193115273 
Arquivo CSV criado com sucesso em: dataset\decomposition_based\random_walk\l100\fv_12000
12000. Decomposition 0.478281291298 0.388486943236 0.010145017643 0.008763669260 0.914483494131 0.014149666517 2.169863695444 0.048000845760 -0.186470739810 0.384174635847 -0.000108818339 0.000444274407 0.000670014731 0.000512900460 0.345892237803 0.049041765726 3.092923976005 0.619177409835 -0.191796721921 0.315040956807 0.464204761905 0.056779440005 0.087451377196 0.009031597634 0.221255218333 0.101457700472 2.884203622682 0.314467083394 -0.003852305925 0.091486341752 
Arquivo CSV criado com sucesso em: dataset\decomposition_based\random_walk\l100\fv_12300
12300. Decomposition 0.477214069028 0.387186684602 0.010306083462 0.008972139490 0.913276157213 0.013099197976 2.039232032652 0.178330616425 -0.086372574369 0.243536398332 -0.000081351493 0.000408122112 0.000656762959 0.000497796297 0.338644389682 0.058631687076 3.160086953325 0.706818706405 -0.228478250391 0.362999590135 0.466298964803 0.056487450026 0.086571203736 0.010176682243 0.228980663344 0.096838755821 2.930632452261 0.367575341555 -0.063258966013 0.167435259442 
Arquivo CSV criado com sucesso em: dataset\decomposition_based\random_walk\l100\fv_12600
12600. Decomposition 0.476462706982 0.386272168712 0.010193239154 0.008825983075 0.915076174311 0.014710481092 1.989965894879 0.246276788300 -0.003318771277 0.128393049847 -0.000046566574 0.000363136328 0.000660837913 0.000502414783 0.352248032946 0.040896540037 3.107646075132 0.638208598852 -0.225517289065 0.359087930726 0.469021719457 0.056338828244 0.087057123856 0.009541425644 0.250813788521 0.089888514203 2.923193096200 0.358786292079 -0.062574280837 0.166515792716 
Arquivo CSV criado com sucesso em: dataset\decomposition_based\random_walk\l100\fv_12900
12900. Decomposition 0.476322245788 0.386101291319 0.009840275545 0.008371989924 0.913396847602 0.013198032917 2.038945408188 0.178722074002 0.013555771830 0.105622963907 -0.000000372231 0.000305407507 0.000674024241 0.000517517304 0.359892845625 0.031708852216 3.151303550120 0.695247602690 -0.166809190674 0.283163313006 0.472887897228 0.056579158459 0.089644864966 0.006343472429 0.271034239479 0.092621218427 3.124971243555 0.616691713461 0.071801311613 0.061338882023 
Arquivo CSV criado com sucesso em: dataset\decomposition_based\random_walk\l100\fv_13200
13200. Decomposition 0.476024827902 0.385739556794 0.009621826150 0.008093678783 0.915778788286 0.015407976931 2.063018175044 0.146108905715 0.048013055682 0.061749172648 0.000044594250 0.000252791830 0.000689293925 0.000535285342 0.369190703129 0.022565334344 3.149778038249 0.693240919860 -0.128708387747 0.236457398973 0.475802450980 0.057106783467 0.090142178185 0.005791848936 0.282504146501 0.097921247149 2.828783188385 0.258730746274 -0.005490156234 0.093395284881 
Arquivo CSV criado com sucesso em: dataset\decomposition_based\random_walk\l100\fv_13500
13500. Decomposition 0.474841221295 0.384301182822 0.010464196409 0.009177680663 0.923767048864 0.024801153134 2.139126589874 0.055712107374 0.006030923087 0.115722349497 0.000016311937 0.000285364119 0.000692059023 0.000538532764 0.372639158569 0.020323611367 2.918692893777 0.407462304161 -0.174848428302 0.293332811168 0.474486274510 0.056832115889 0.090264155804 0.005661687281 0.285380923997 0.099621303497 2.774499656143 0.218080887723 -0.054147914843 0.155248609409 
Arquivo CSV criado com sucesso em: dataset\decomposition_based\random_walk\l100\fv_13800
13800. Decomposition 0.474116552581 0.383421475048 0.010600993413 0.009356180438 0.918881496439 0.018809237788 2.093998736618 0.105476438800 0.054455935347 0.054469596818 -0.000026264343 0.000337423530 0.000698325317 0.000545924277 0.393987725739 0.029607420157 2.761521060047 0.272261632344 -0.102183791404 0.206021483027 0.472944478844 0.056586590670 0.090085470275 0.005853107235 0.281182894322 0.097187559295 2.739711911017 0.203310690482 -0.023430924483 0.115287104550 
Arquivo CSV criado com sucesso em: dataset\decomposition_based\random_walk\l100\fv_14100
14100. Decomposition 0.473702739399 0.382919452497 0.010473001784 0.009189152134 0.918738737607 0.018643697767 2.102732995469 0.094535862979 0.097416744024 0.039630029122 -0.000025878268 0.000336939258 0.000683747539 0.000528798543 0.387808052296 0.023557163201 2.815147262903 0.307207387813 -0.102374871678 0.206232403917 0.472599139168 0.056542977408 0.089203964179 0.006855781860 0.276397940281 0.094791557086 2.777516678458 0.219834434725 -0.008924978640 0.097455998902 
Arquivo CSV criado com sucesso em: dataset\decomposition_based\random_walk\l100\fv_14400
14400. Decomposition 0.473719272936 0.382939505830 0.010260120585 0.008912552573 0.916797918215 0.016473801749 2.133887596136 0.060142422067 0.095728082060 0.038549164117 -0.000020727811 0.000330497216 0.000674149067 0.000517661375 0.390967527874 0.026463369705 2.846046040073 0.333568005324 -0.110529081567 0.215356811556 0.473041046832 0.056599534287 0.089389643518 0.006637710389 0.275192337447 0.094254909480 2.764467668584 0.212762086125 -0.000213531237 0.087315854234 
Arquivo CSV criado com sucesso em: dataset\decomposition_based\random_walk\l100\fv_14700
14700. Decomposition 0.473537714432 0.382719316351 0.010121014586 0.008732684292 0.916110919992 0.015748762601 2.153366339448 0.047576194413 0.113661620178 0.054461857513 -0.000025362783 0.000336292958 0.000679251534 0.000523567479 0.397449504645 0.033519281191 2.786822740225 0.286787967954 -0.100333302561 0.203986088086 0.474058865248 0.056755767487 0.089807442304 0.006159741468 0.277851202284 0.095474913838 2.750460216045 0.206740173809 0.013416543590 0.072812122753 
Arquivo CSV criado com sucesso em: dataset\decomposition_based\random_walk\l100\fv_15000
15000. Decomposition 0.473456934285 0.382621362922 0.009937062789 0.008495976498 0.913905098322 0.013629843960 2.188262530630 0.060278061401 0.125285629546 0.067915966183 -0.000045674606 0.000361997181 0.000691692087 0.000538101315 0.376214102716 0.019068140462 2.731542604672 0.260420432164 -0.100665108786 0.204350075090 0.473637500000 0.056686707547 0.089909210272 0.006046340320 0.258611452429 0.089880698132 2.730337019229 0.201211260632 0.016889823827 0.069488101056 
Arquivo CSV criado com sucesso em: dataset\decomposition_based\random_walk\l100\fv_15300
15300. Decomposition 0.480961697389 0.357838478745 0.006684475698 0.004969239312 0.928388829086 0.027724805776 2.402196992861 0.374204417270 0.383692435057 0.451421826288 -0.000239072263 0.000417364030 0.000708477445 0.000523343709 0.129682884916 0.430780579579 2.889007159851 0.353656630830 -0.421037364303 0.586325195171 0.468540860215 0.049805595813 0.085380468087 0.009388040099 0.053747635232 0.369335123307 2.592757995824 0.303794343859 -0.177189100046 0.350046334146 
Arquivo CSV criado com sucesso em: dataset\decomposition_based\random_walk\l100\fv_15600
15600. Decomposition 0.473021988009 0.354585440550 0.009406636048 0.006935600887 0.906894290826 0.016934690726 1.948170697547 0.419114958519 0.067186841334 0.116558317687 0.000053815245 0.000254026736 0.000608975028 0.000406219092 0.246493728796 0.228734361660 2.569809500362 0.359954121355 0.034496409398 0.287924784215 0.484374193548 0.052580691272 0.086809726533 0.007472547197 0.128180891672 0.244864548644 2.675647889016 0.204091740582 0.099264641937 0.144602141888 
Arquivo CSV criado com sucesso em: dataset\decomposition_based\random_walk\l100\fv_15900
15900. Decomposition 0.470036762234 0.353158279772 0.009036026705 0.006528112783 0.903132750884 0.022078493896 2.093170063972 0.172779672300 -0.070499028803 0.344171950022 0.000093352900 0.000297221287 0.000619223580 0.000420966274 0.281117251648 0.168973493097 2.710036370689 0.228698898680 0.052535559836 0.313366434200 0.486883154122 0.054293766434 0.085374477982 0.009396618785 0.194789338543 0.140461258286 2.803552791561 0.210715917563 0.095016135084 0.137848128074 
Arquivo CSV criado com sucesso em: dataset\decomposition_based\random_walk\l100\fv_16200
16200. Decomposition 0.470954516151 0.354497790910 0.008972892550 0.006455561741 0.898792936656 0.028713442417 2.260878334987 0.136177269181 -0.138388722767 0.460469245500 0.000103871379 0.000310594782 0.000601145350 0.000400005798 0.271802569704 0.185037527859 2.713415124401 0.227809452218 0.008811055167 0.253944533795 0.487095967742 0.054452550079 0.084255221727 0.011053747971 0.187892468828 0.150530314676 2.808321843464 0.215410857603 0.075068994075 0.107206825114 
Arquivo CSV criado com sucesso em: dataset\decomposition_based\random_walk\l100\fv_16500
16500. Decomposition 0.471559831274 0.355329612985 0.008840844732 0.006304800273 0.900508391073 0.026033531841 2.409528993082 0.386783693725 -0.170420969525 0.515544966080 0.000114052022 0.000324033311 0.000585704840 0.000383139657 0.284056421324 0.163907454124 2.787208479836 0.245180423621 0.042188499935 0.298638704738 0.488347311828 0.055426595312 0.084554219616 0.010601721741 0.209251212732 0.120466432583 2.965161679433 0.433862903851 0.166114821682 0.255315217895 
Arquivo CSV criado com sucesso em: dataset\decomposition_based\random_walk\l100\fv_16800
16800. Decomposition 0.470810626844 0.355129404116 0.008768420718 0.006233989813 0.890001316715 0.043052314806 2.519985982007 0.576928442785 -0.194622050047 0.557209300205 0.000129242031 0.000344321132 0.000598841408 0.000398195161 0.277575161566 0.175080651339 2.736841404753 0.225755916429 0.063716052657 0.329636234971 0.488988888889 0.055951986692 0.084519266180 0.010654255047 0.193067070980 0.142948603369 2.889704652097 0.318710133084 0.165740724200 0.254683103810 
Arquivo CSV criado com sucesso em: dataset\decomposition_based\random_walk\l100\fv_17100
17100. Decomposition 0.471299581729 0.355803050746 0.008681669941 0.006138719421 0.892509141759 0.038893320204 2.639394755676 0.783125747845 -0.237161994223 0.630526981004 0.000123851598 0.000336861185 0.000588843032 0.000387175255 0.276092694304 0.177637245119 2.787332436839 0.245264611069 0.048600700833 0.307725732758 0.488790476190 0.055787669620 0.085589938102 0.009090405173 0.188143627108 0.150158809931 2.834745880297 0.244866467757 0.162099512242 0.248534794757 
Arquivo CSV criado com sucesso em: dataset\decomposition_based\random_walk\l100\fv_17400
17400. Decomposition 0.471701615211 0.356357497155 0.008610973496 0.006062727053 0.892708987505 0.038563646431 2.747393840687 0.969849755979 -0.266110244260 0.680464270880 0.000123386447 0.000336221845 0.000598258685 0.000397540583 0.262363494598 0.201327423741 2.724579091145 0.225926064750 0.065084421609 0.331650323517 0.488884722222 0.055865516896 0.085258342869 0.009563644539 0.193204676481 0.142749171553 2.821475002792 0.229405428771 0.153815231565 0.234577855309 
Arquivo CSV criado com sucesso em: dataset\decomposition_based\random_walk\l100\fv_17700
17700. Decomposition 0.471223569556 0.356071746703 0.008461487604 0.005910620521 0.884552549083 0.052192393366 2.849701031650 1.146833795895 -0.275858578558 0.697287215525 0.000123338835 0.000335944814 0.000594721525 0.000393936289 0.248733280490 0.224865488691 2.720632950964 0.226404949811 0.063636826027 0.329519767144 0.489050617284 0.056003439334 0.084538170451 0.010625832271 0.191515694981 0.145205130691 2.857140922288 0.273367956833 0.151725987553 0.231065581704 
Arquivo CSV criado com sucesso em: dataset\decomposition_based\random_walk\l100\fv_18000
18000. Decomposition 0.471262580508 0.356125587908 0.008287271885 0.005738135717 0.883251035072 0.054390663407 2.983703359518 1.378732541249 -0.300021836652 0.738998481906 0.000128792530 0.000343486719 0.000602811494 0.000403057434 0.247164739994 0.227575139371 2.690611459754 0.236572274271 0.012969616844 0.259230360332 0.489155555556 0.056091268219 0.084066356480 0.011342177574 0.197958218792 0.135936805159 2.872245726337 0.293924418580 0.151108889411 0.230028795607 
Arquivo CSV criado com sucesso em: dataset\decomposition_based\random_walk\l100\fv_18300
18300. Decomposition 0.471337296740 0.356228721038 0.008164619109 0.005623244595 0.879251343007 0.061171707162 3.091018823084 1.564490924936 -0.320197728215 0.773838290584 0.000130789051 0.000346271064 0.000600111336 0.000399981654 0.245730600472 0.230052760039 2.684784200431 0.239805816959 -0.004395832899 0.237826083840 0.489039393939 0.055994072640 0.083922162101 0.011563773795 0.187384136100 0.151283259274 2.855059265434 0.270610873540 0.134580958107 0.202384370935 
Arquivo CSV criado com sucesso em: dataset\decomposition_based\random_walk\l100\fv_18600
18600. Decomposition 0.471376665060 0.356283069250 0.008053800416 0.005524411306 0.877264797045 0.064551254967 3.185545570558 1.728133521664 -0.334191205569 0.798007719180 0.000123424426 0.000336062434 0.000616382149 0.000418964773 0.260822128768 0.203988400684 2.919041365305 0.395116271787 -0.108669140914 0.175294282311 0.488380651341 0.055453471336 0.084713564532 0.010363341253 0.199567453900 0.133666833312 2.909556914243 0.347943141236 0.079707869119 0.114133689681 
Arquivo CSV criado com sucesso em: dataset\decomposition_based\random_walk\l100\fv_18900
18900. Decomposition 0.470314870328 0.355563656850 0.007968255381 0.005454634352 0.874893461239 0.068593388664 3.271519400726 1.876981998673 -0.348276770037 0.822340241471 0.000162648628 0.000391771555 0.000614848119 0.000417936771 0.289876352286 0.153880871101 2.628248428316 0.288147237644 -0.018205029798 0.222243966099 0.490486825818 0.057243900280 0.084898734308 0.010088736064 0.214076153371 0.114239702820 2.762554722581 0.181194388092 0.125353278506 0.187078901056 
Arquivo CSV criado com sucesso em: dataset\decomposition_based\random_walk\l100\fv_19200
19200. Decomposition 0.470364285273 0.355631901449 0.007931642845 0.005424060008 0.871846567469 0.073797625553 3.271595701108 1.877114103694 -0.338063314202 0.804696318411 0.000164513653 0.000394532936 0.000617139771 0.000420693362 0.288913371288 0.155539415275 2.636487447382 0.279491910893 -0.040227380320 0.200815953449 0.490514614122 0.057268701783 0.085282568565 0.009528694253 0.208885407808 0.120948990735 2.751931994342 0.177422371988 0.085565794563 0.123073441373 
Arquivo CSV criado com sucesso em: dataset\decomposition_based\random_walk\l100\fv_19500
19500. Decomposition 0.470214681676 0.355425314171 0.007920032642 0.005414483628 0.871442876418 0.074487920845 3.140053503258 1.649376624741 -0.299783161972 0.738586397393 0.000162712658 0.000391866239 0.000608050025 0.000409876540 0.294110992900 0.146590068932 2.638504505090 0.277443643174 -0.020053365697 0.220271791132 0.490410344828 0.057175793440 0.084627945066 0.010491199010 0.213817525300 0.114566591941 2.747989383579 0.176490562666 0.116350565837 0.172265174848 
Arquivo CSV criado com sucesso em: dataset\decomposition_based\random_walk\l100\fv_19800
19800. Decomposition 0.470013669414 0.355147845242 0.007937561819 0.005428964289 0.873916904068 0.070260205834 2.958277687689 1.334726604895 -0.246303181798 0.646292633407 0.000159239951 0.000386743395 0.000608210464 0.000410064696 0.286469760817 0.159748928073 2.633674544551 0.282395702212 -0.027466506772 0.212662667652 0.490486904762 0.057243970697 0.084667212195 0.010432493225 0.210716110872 0.118548236205 2.738638385563 0.175327353067 0.108855248194 0.160044834511 
Arquivo CSV criado com sucesso em: dataset\decomposition_based\random_walk\l100\fv_20100
20100. Decomposition 0.491780634135 0.348978094657 0.005153883269 0.004377892461 0.499536249167 0.752333317336 2.528938073520 1.356772077772 -0.178728609613 0.550061398775 -0.000187032816 0.000686112864 0.000525775751 0.000301779090 0.028811279021 0.534069375065 2.321605846675 0.701879042557 -0.017639560984 0.195340601795 0.489540740741 0.051696864028 0.082733319292 0.010284689821 -0.030826343124 0.495866221612 2.395190925719 0.715099379313 0.086584756120 0.148685166120 
Arquivo CSV criado com sucesso em: dataset\decomposition_based\random_walk\l100\fv_20400
20400. Decomposition 0.486109623462 0.345641694470 0.006306767446 0.003771849583 0.804171960162 0.153598512922 2.750797334866 1.165889555289 -0.177807963828 0.550363538272 -0.000029785032 0.000412380868 0.000476398544 0.000279719075 0.153697569387 0.301077384107 2.748489729617 0.305301682516 -0.026058291272 0.195306030054 0.491262962963 0.051617095987 0.076820299639 0.017937517590 0.084151362437 0.275492421176 2.721480083747 0.163567221650 -0.008275739922 0.272998680018 
Arquivo CSV criado com sucesso em: dataset\decomposition_based\random_walk\l100\fv_20700
20700. Decomposition 0.484722218069 0.343703711542 0.006890186859 0.004041260803 0.857274431670 0.070916179447 2.725795820154 1.180625153412 -0.124937415809 0.577381644237 0.000028358469 0.000333650489 0.000516503655 0.000296222538 0.298299099802 0.145672991398 2.521630753144 0.352087874645 -0.002781241748 0.198910074577 0.490778835979 0.051616311899 0.077112250308 0.017450685127 0.126546780785 0.199761703702 2.694102366832 0.186231738268 0.004702210642 0.251208765972 
Arquivo CSV criado com sucesso em: dataset\decomposition_based\random_walk\l100\fv_21000
21000. Decomposition 0.484148247938 0.342905330501 0.006815486365 0.003988767741 0.860378310598 0.068131423625 2.828056954880 1.133159476564 -0.030992772318 0.665342238616 0.000051995046 0.000308508484 0.000564620194 0.000340780336 0.265631638554 0.149260557955 3.282029565856 1.282063128996 0.253159423783 0.583986182821 0.491096296296 0.051614775907 0.078258543119 0.015603775381 0.103047246691 0.240994499389 2.872154130129 0.300721210340 0.184856057616 0.209090124271 
Arquivo CSV criado com sucesso em: dataset\decomposition_based\random_walk\l100\fv_21300
21300. Decomposition 0.483684139832 0.342261218867 0.007015405510 0.004139868174 0.853254709224 0.075133951077 2.946361934911 1.123107618309 -0.133870551309 0.571534216634 0.000035765733 0.000325241749 0.000595556399 0.000379687437 0.172597796685 0.268458499106 2.997049227206 0.729513118440 -0.101085109540 0.251130849000 0.488355555556 0.051884683151 0.082187789239 0.010676536698 0.083468725962 0.276754802792 3.474154806423 1.468774357984 -0.215381313461 0.662670826520 
Arquivo CSV criado com sucesso em: dataset\decomposition_based\random_walk\l100\fv_21600
21600. Decomposition 0.483691151587 0.342270940409 0.006879098797 0.004033162491 0.848039209857 0.081467968057 2.995536081535 1.133528277720 -0.134675895517 0.571031583697 0.000068957021 0.000293846883 0.000566235187 0.000342644377 0.187536169250 0.243738683506 2.742190346936 0.297498922161 0.138344430166 0.375479627860 0.489772222222 0.051672795097 0.079356424545 0.013959327186 0.101447208952 0.243877829464 2.676156587183 0.207683536554 0.074079980797 0.157791641385 
Arquivo CSV criado com sucesso em: dataset\decomposition_based\random_walk\l100\fv_21900
21900. Decomposition 0.483944917761 0.342622978591 0.006841640013 0.004006590755 0.851825676985 0.076780529826 2.971440864816 1.127362684205 -0.181662410269 0.549138655481 0.000098018253 0.000276703469 0.000567695041 0.000344346744 0.216590579444 0.199738417857 2.618544371023 0.245871428973 0.071422731200 0.270237594970 0.491844834308 0.051642065993 0.080200998354 0.012807289262 0.148992909919 0.163312579733 2.718857231638 0.165087996792 0.097842042379 0.143752446342 
Arquivo CSV criado com sucesso em: dataset\decomposition_based\random_walk\l100\fv_22200
22200. Decomposition 0.483380760197 0.341840880262 0.007384715279 0.004499813203 0.864705249192 0.065043904187 2.957840731862 1.124779633531 -0.284887559287 0.556506199301 0.000095902588 0.000277576748 0.000572134594 0.000349622706 0.199906041486 0.224221599190 2.632056461770 0.239928806116 0.031986624147 0.223068939905 0.492493602694 0.051700787190 0.080225891308 0.012775146507 0.162482863080 0.143724479403 2.686181773687 0.195177446429 0.093600697281 0.145221297463 
Arquivo CSV criado com sucesso em: dataset\decomposition_based\random_walk\l100\fv_22500
22500. Decomposition 0.482918808003 0.341201913978 0.007558730063 0.004700192977 0.869919797922 0.062723187267 2.805008891954 1.140833242679 -0.229805567948 0.542904354027 0.000106741161 0.000273765005 0.000580663640 0.000360156199 0.213704423802 0.203793257499 2.638016003128 0.238236675126 0.019835380810 0.212361763982 0.493513846154 0.051858708911 0.080212735616 0.012792119572 0.167229634236 0.137428958811 2.688422139555 0.192557118804 0.080681360492 0.152541689664 
Arquivo CSV criado com sucesso em: dataset\decomposition_based\random_walk\l100\fv_22800
22800. Decomposition 0.482561120366 0.340708062909 0.007797288229 0.005001276424 0.878668432325 0.062652740212 2.886534599642 1.121982925675 -0.262747191346 0.548425913082 0.000136176844 0.000271995905 0.000595570591 0.000379706684 0.225963035291 0.187193633239 2.625951050846 0.242258954649 0.044927184917 0.236693137501 0.494585714286 0.052110242638 0.080674052302 0.012216720705 0.164306761564 0.141263210429 2.676334041415 0.207451875414 0.085518254429 0.149320172466 
Arquivo CSV criado com sucesso em: dataset\decomposition_based\random_walk\l100\fv_23100
23100. Decomposition 0.481441658380 0.339167551604 0.009313077137 0.007362693446 0.895097226382 0.074587659673 3.094042697857 1.179060416377 -0.407465115087 0.655809105600 0.000108393232 0.000273330363 0.000620373417 0.000414950333 0.221594081290 0.192916277265 2.814752103797 0.402389314814 -0.055082537058 0.206021603767 0.492735483871 0.051730992810 0.081761287542 0.011048448264 0.182578793366 0.119987690205 2.841786567861 0.250968957942 0.032732631150 0.207444041355 
Arquivo CSV criado com sucesso em: dataset\decomposition_based\random_walk\l100\fv_23400
23400. Decomposition 0.480413651393 0.337759776637 0.010278979839 0.009077574411 0.896153185895 0.075778961841 2.893090359777 1.121483584958 -0.368170838987 0.615145091005 0.000076773195 0.000288185824 0.000635620716 0.000437999087 0.251178109253 0.159596742092 2.750125201841 0.307379522717 -0.053260779576 0.204882283886 0.491020588235 0.051614433015 0.082484689196 0.010450980227 0.204629879143 0.106046707706 2.768297798112 0.164594744233 0.046948740442 0.187763369914 
Arquivo CSV criado com sucesso em: dataset\decomposition_based\random_walk\l100\fv_23700
23700. Decomposition 0.479457448081 0.336456321873 0.010982836749 0.010375348847 0.896454033634 0.076125681502 2.757517102605 1.162263997730 -0.323132254286 0.578237898734 0.000047709616 0.000312686699 0.000653261867 0.000465735917 0.263531870792 0.150461748371 2.754115626494 0.312534992329 -0.072890354017 0.220043976892 0.489043243243 0.051762569372 0.084057844697 0.009784697948 0.227112621695 0.109718040697 2.812691568056 0.208825411193 0.005692635640 0.249578581403 
Arquivo CSV criado com sucesso em: dataset\decomposition_based\random_walk\l100\fv_24000
24000. Decomposition 0.478686594139 0.335409777962 0.011357052771 0.011076269334 0.895410780495 0.074937166306 2.679588527026 1.212824092468 -0.281648610171 0.555110936012 0.000020588933 0.000342936933 0.000674141766 0.000499795925 0.283485510047 0.143675016847 2.888832347515 0.529450737653 -0.119797052506 0.276221897036 0.487837500000 0.052000515622 0.084426525745 0.009769555739 0.227907201615 0.110181790719 2.826154916106 0.227448607240 0.007098628102 0.247273190686 
Arquivo CSV criado com sucesso em: dataset\decomposition_based\random_walk\l100\fv_24300
24300. Decomposition 0.478046477828 0.334543640422 0.011575824885 0.011488814219 0.894097677651 0.073498127144 2.641162798563 1.244202040205 -0.249376600274 0.545232484795 -0.000007298746 0.000379651969 0.000682612171 0.000513937121 0.297866450796 0.145529544820 2.799789935171 0.378592797152 -0.092585374452 0.240793330557 0.486148837209 0.052518407456 0.085585965048 0.010079687659 0.244320966857 0.124001731064 2.813015907211 0.209252807618 -0.004950873369 0.267345366145 
Arquivo CSV criado com sucesso em: dataset\decomposition_based\random_walk\l100\fv_24600
24600. Decomposition 0.477782961439 0.334187850777 0.011450706109 0.011252642946 0.892428029872 0.071765530880 2.639168823092 1.245938105943 -0.229941576748 0.542910830260 -0.000013365240 0.000388240488 0.000682963170 0.000514526757 0.284383805542 0.143623002497 2.776423695679 0.343353224302 -0.089178017381 0.236865235431 0.486179962193 0.052506942949 0.085621476148 0.010097444262 0.228128766994 0.110314839804 2.792895444673 0.185189600020 0.009467288476 0.243413409952 
Arquivo CSV criado com sucesso em: dataset\decomposition_based\random_walk\l100\fv_24900
24900. Decomposition 0.477603086563 0.333945250641 0.011290306895 0.010950791076 0.891938502529 0.071279224225 2.646388402639 1.239701669915 -0.215090655246 0.543008710939 -0.000012310492 0.000386733611 0.000679251688 0.000508306366 0.279753221279 0.144130946608 2.777342460063 0.344687232014 -0.092335526471 0.240500918237 0.486306654836 0.052461013670 0.085548418212 0.010061424326 0.222713752106 0.107540070556 2.791645661279 0.183881626766 0.006873282833 0.247641982441 
Arquivo CSV criado com sucesso em: dataset\decomposition_based\random_walk\l100\fv_25200
25200. Decomposition 0.466178866767 0.323432939606 0.009368394149 0.007775504685 0.822859417133 0.167722025497 2.401037903504 1.258879596923 -0.178730056954 0.501338346751 0.000062769337 0.000307603967 0.000800636592 0.000722004347 0.188327403518 0.242255084898 2.692503906249 0.399153252690 0.081443153621 0.460876072518 0.503293939394 0.060517459554 0.088278933906 0.011001743875 0.135975269823 0.220815796003 2.642566412143 0.372317692772 0.063437584683 0.268519808162 
Arquivo CSV criado com sucesso em: dataset\decomposition_based\random_walk\l100\fv_25500
25500. Decomposition 0.462941851792 0.318472537100 0.010302129431 0.008477463431 0.871197530810 0.079998741640 2.576545891258 1.140492046941 -0.061183812225 0.599172993234 0.000026390570 0.000276043263 0.000695517044 0.000529556436 0.188757261724 0.241448781550 3.044340554286 0.657372149629 0.153156957015 0.605760233367 0.491384848485 0.048917542828 0.086919532496 0.009674145212 0.221591509275 0.098995286939 2.935699431973 0.363810932470 0.205257920185 0.508382813543 
Arquivo CSV criado com sucesso em: dataset\decomposition_based\random_walk\l100\fv_25800
25800. Decomposition 0.461272718326 0.315949123515 0.010571350417 0.008762202234 0.869751879998 0.081919196235 2.685163734960 1.131031497373 -0.035708048278 0.632898992862 -0.000015246818 0.000267130714 0.000707169375 0.000549257164 0.186579710150 0.245544789629 2.918522185869 0.438625214348 0.070384382428 0.439491316465 0.487328030303 0.047794850312 0.086085800108 0.009268044111 0.222508530254 0.098891565919 3.073811146019 0.653611293182 0.205942383561 0.509745189525 
Arquivo CSV criado com sucesso em: dataset\decomposition_based\random_walk\l100\fv_26100
26100. Decomposition 0.461412132885 0.316158976408 0.010187952915 0.008366865618 0.867369830777 0.085256769102 2.751080739588 1.150528030739 -0.043621868998 0.622059640727 -0.000020071094 0.000268176494 0.000685356186 0.000512840325 0.207707963587 0.207219312751 2.965136099881 0.512595780064 0.074672119472 0.447741802694 0.486165512266 0.047786729205 0.085961041237 0.009238152063 0.238627541571 0.103883499496 3.020417554042 0.539075871286 0.182753314232 0.464172962297 
Arquivo CSV criado com sucesso em: dataset\decomposition_based\random_walk\l100\fv_26400
26400. Decomposition 0.461199378455 0.315838796673 0.009913611325 0.008127798933 0.864701233059 0.089225497341 2.888055213889 1.247037866181 -0.006733996730 0.675061567339 0.000008325455 0.000268272851 0.000686039779 0.000513950481 0.197105406153 0.226030108357 2.848591665110 0.357189088742 0.033739457861 0.371606768269 0.487777551020 0.047835876612 0.085772141226 0.009208806151 0.220470647894 0.099179509955 2.896185450722 0.288262075966 0.115114727274 0.341634763591 
Arquivo CSV criado com sucesso em: dataset\decomposition_based\random_walk\l100\fv_26700
26700. Decomposition 0.461195226400 0.315832552036 0.009826315776 0.008060036930 0.867996055205 0.084359555450 2.871941528512 1.232130389470 -0.017087286076 0.659574509200 -0.000006208885 0.000266339023 0.000667552912 0.000484730537 0.200137922333 0.220553515827 2.948098667040 0.484269950593 0.060315596973 0.420340056025 0.487546125117 0.047812120467 0.085282186547 0.009222855118 0.209262943334 0.104367158579 2.907191950207 0.308623311949 0.096986199236 0.313087093501 
Arquivo CSV criado com sucesso em: dataset\decomposition_based\random_walk\l100\fv_27000
27000. Decomposition 0.461669029826 0.316546108633 0.009881853437 0.008102668700 0.874864610877 0.075529877794 2.697147106864 1.133175804451 -0.091978561024 0.563421635586 0.000000276197 0.000266714768 0.000655594402 0.000466805813 0.197026264325 0.226173981530 2.974532228231 0.528742853826 0.054410582463 0.409267781278 0.488066666667 0.047873397855 0.085014813549 0.009285193083 0.208240592851 0.105125358841 2.877679542254 0.255717926963 0.081665248640 0.291186860840 
Arquivo CSV criado com sucesso em: dataset\decomposition_based\random_walk\l100\fv_27300
27300. Decomposition 0.461531799043 0.316339237130 0.009758543369 0.008010314701 0.870548935155 0.080850016776 2.747402893313 1.148950962112 -0.072606804400 0.585221325557 -0.000003026222 0.000266424886 0.000665322690 0.000481325587 0.184603060275 0.249286974885 2.961321130415 0.506141743320 -0.012215066060 0.296684119305 0.488343173150 0.047917415672 0.084462531879 0.009532124056 0.201382702738 0.111297012268 2.901371627544 0.297776174400 0.079958282019 0.288895648904 
Arquivo CSV criado com sucesso em: dataset\decomposition_based\random_walk\l100\fv_27600
27600. Decomposition 0.460997667668 0.315535599154 0.010047870934 0.008239957305 0.878011553168 0.072218603320 2.714000941552 1.137253688821 -0.111548419463 0.544020423113 -0.000013914640 0.000266918036 0.000651583609 0.000460985307 0.202566963457 0.216220113749 2.981027155238 0.540099872112 0.037694860072 0.378666475787 0.487253576248 0.047790092577 0.084325922748 0.009616718935 0.205924455526 0.107003968489 2.907844389229 0.309849644936 0.094180046358 0.308907869921 
Arquivo CSV criado com sucesso em: dataset\decomposition_based\random_walk\l100\fv_27900
27900. Decomposition 0.460856786590 0.315324046336 0.009935377972 0.008145335835 0.875514502034 0.074803835456 2.758378760439 1.153824625695 -0.088978197639 0.566636239851 -0.000015535604 0.000267181175 0.000657732883 0.000469949692 0.197040610628 0.226147897675 2.940432623134 0.471973442212 0.037923075201 0.379076085175 0.487203085299 0.047787195891 0.086110643609 0.009274986922 0.178479917474 0.142322593932 3.102258268531 0.715282445215 0.131062219153 0.368610295055 
Arquivo CSV criado com sucesso em: dataset\decomposition_based\random_walk\l100\fv_28200
28200. Decomposition 0.460574675472 0.314900936801 0.009969735435 0.008173530119 0.877082370807 0.073141489038 2.750823987208 1.150416096128 -0.077220983238 0.579809633723 -0.000018685379 0.000267832052 0.000654309437 0.000464930157 0.203007084387 0.215440265504 2.910704176024 0.427456156219 0.012862636247 0.335748963710 0.487221759259 0.047788236162 0.085288954765 0.009221774661 0.182308840593 0.136290345334 2.886488768964 0.270909127732 0.054048602790 0.258581489979 
Arquivo CSV criado com sucesso em: dataset\decomposition_based\random_walk\l100\fv_28500
28500. Decomposition 0.460541734594 0.314851577489 0.009864869583 0.008089453059 0.873817534039 0.076743093113 2.792372821039 1.172055522063 -0.069670162903 0.588733794598 -0.000022664718 0.000268915963 0.000652634247 0.000462500275 0.196163046011 0.227746267110 2.922957270721 0.445141974596 -0.002262268053 0.311567053398 0.486503174603 0.047774515551 0.085171094311 0.009244113158 0.177307043691 0.144221610075 2.897702341489 0.291029198692 0.056703244012 0.261258750177 
Arquivo CSV criado com sucesso em: dataset\decomposition_based\random_walk\l100\fv_28800
28800. Decomposition 0.460505685113 0.314797571062 0.009785529556 0.008029807732 0.873250160108 0.077422130880 2.822886641654 1.192316157402 -0.063902305225 0.595783049176 -0.000028626541 0.000271078887 0.000647471519 0.000455124009 0.201819165012 0.217548932684 2.940439810589 0.471984829515 0.009093896133 0.329564807287 0.485937037037 0.047801756974 0.084752767825 0.009382922586 0.183088616608 0.135095348295 2.919652175070 0.332368579829 0.080168198693 0.289175676144 
Arquivo CSV criado com sucesso em: dataset\decomposition_based\random_walk\l100\fv_29100
29100. Decomposition 0.460310816586 0.314505831874 0.009786075538 0.008030206305 0.875407294904 0.074922147879 2.826283290410 1.194791249834 -0.049241618361 0.614555755501 -0.000035145931 0.000274167489 0.000645169668 0.000451891482 0.205578371227 0.210918366051 2.957194215168 0.499230151795 0.006657926717 0.325621161799 0.485494399277 0.047846381737 0.084492177530 0.009514961810 0.187556379600 0.128490683550 2.938397282679 0.369176514991 0.089536134122 0.302150972970 
Arquivo CSV criado com sucesso em: dataset\decomposition_based\random_walk\l100\fv_29400
29400. Decomposition 0.459936931329 0.313947019628 0.010072783407 0.008261801294 0.881545325509 0.069167864103 2.807966870412 1.181961065202 -0.117163850096 0.538980685167 -0.000055969475 0.000288779684 0.000656249633 0.000467766149 0.227739799447 0.174958508784 2.953410744494 0.492960389025 -0.022886380707 0.281808108621 0.484607070707 0.047997220537 0.084614381666 0.009448798087 0.194228378108 0.119505999182 2.928690071191 0.349972016961 0.093241300404 0.307525690402 
Arquivo CSV criado com sucesso em: dataset\decomposition_based\random_walk\l100\fv_29700
29700. Decomposition 0.459709087205 0.313607086405 0.010132087566 0.008315071734 0.882704750527 0.068336525625 2.781147857914 1.165519047198 -0.112210525490 0.543413538718 -0.000058031586 0.000290592950 0.000647712336 0.000455464226 0.228403675337 0.173984392311 2.952796160922 0.491948126294 0.004104598635 0.321534655376 0.484751063830 0.047967196851 0.084360396863 0.009594523867 0.193351767741 0.120619376588 2.928682504432 0.349957161141 0.094511806194 0.309398271651 
Arquivo CSV criado com sucesso em: dataset\decomposition_based\random_walk\l100\fv_30000
30000. Decomposition 0.459341127756 0.313059078722 0.010422130084 0.008600341158 0.889806017312 0.065291984481 2.763928861458 1.156479534856 -0.158289763776 0.510037588479 -0.000068760012 0.000300991767 0.000654570581 0.000465310523 0.229030409462 0.173071427560 2.957269870053 0.499356181866 -0.024517858206 0.279643519714 0.484055555556 0.048131970074 0.084630108633 0.009440823966 0.197263015987 0.115825389120 2.901376598703 0.297785364871 0.092873616516 0.306986540184 
Arquivo CSV criado com sucesso em: dataset\decomposition_based\random_walk\l100\fv_30300
30300. Decomposition 0.484633322837 0.322673267663 0.008650710453 0.007110921648 0.665903802771 0.551767384972 2.697913495334 1.082834025467 -0.067907497555 0.521526073852 -0.000244219302 0.000511396763 0.000534529062 0.000392947700 0.215507122299 0.163014917333 2.789015012150 0.604835951174 0.026355380597 0.287315701734 0.478081232493 0.046962536307 0.078798053710 0.016481694638 0.056476482975 0.358588422935 2.887370972534 0.295390738212 0.226666386396 0.428065857975 
Arquivo CSV criado com sucesso em: dataset\decomposition_based\random_walk\l100\fv_30600
30600. Decomposition 0.484545804369 0.322541777187 0.008669383873 0.007103006862 0.710446605673 0.443478103543 2.731378789448 1.073656555165 -0.024295535473 0.575067335827 -0.000224462921 0.000469525436 0.000556882351 0.000382448164 0.258561055392 0.174115681895 2.835476108138 0.536555073338 0.071947766239 0.350847057673 0.476554621849 0.048279852110 0.078179067234 0.017781394700 0.164757449858 0.132867401685 2.788936816058 0.414562512355 0.082966054201 0.295821271472 
Arquivo CSV criado com sucesso em: dataset\decomposition_based\random_walk\l100\fv_30900
30900. Decomposition 0.483575554876 0.321090025528 0.009465323478 0.007039017815 0.855157361693 0.104197951408 2.736926867872 1.072732958973 -0.203332746738 0.484921584701 -0.000230306717 0.000481783432 0.000630728260 0.000402485606 0.186634743439 0.191113242563 3.385214861687 1.154239444234 0.164117996435 0.530322870494 0.476587301587 0.048248993896 0.077736298787 0.018731063877 0.156136469819 0.146050626445 2.854530722095 0.320246633026 0.120538396567 0.297683170262 
Arquivo CSV criado com sucesso em: dataset\decomposition_based\random_walk\l100\fv_31200
31200. Decomposition 0.483352670058 0.320758089628 0.009312246257 0.007009376985 0.856719960104 0.101104698951 2.762919429384 1.070694853373 -0.150857157073 0.472553894576 -0.000241120630 0.000504752380 0.000608705787 0.000387887261 0.186256122570 0.191627783487 2.919831723998 0.461087358178 0.010317221388 0.272431479458 0.476979166667 0.047887845007 0.080690845216 0.012806201832 0.130629993346 0.193475295591 2.928440065986 0.293822231370 0.143465589831 0.312429339033 
Arquivo CSV criado com sucesso em: dataset\decomposition_based\random_walk\l100\fv_31500
31500. Decomposition 0.482673029751 0.319749548711 0.009784295675 0.007163719363 0.881612404771 0.063693396671 2.695552251400 1.083712840258 -0.172498375120 0.473483927121 -0.000229385345 0.000479843193 0.000629050349 0.000401136816 0.179166193916 0.201808505667 3.106930715917 0.591898354588 0.052431686184 0.320445634409 0.478226190476 0.046851043810 0.081532443962 0.011399240537 0.124944558776 0.205148404327 3.019821293410 0.396100964657 0.118456758901 0.296834589976 
Arquivo CSV criado com sucesso em: dataset\decomposition_based\random_walk\l100\fv_31800
31800. Decomposition 0.481854295983 0.318541915775 0.010408654563 0.007636721198 0.894870268379 0.061708321107 2.662945989856 1.098893351269 -0.184699749549 0.476613727787 -0.000273648576 0.000575667964 0.000677946435 0.000454257607 0.232379856285 0.159342440637 3.464763010484 1.335568625234 -0.171685705354 0.442648309380 0.475248015873 0.049603817936 0.085423014855 0.009108894443 0.167471737157 0.129153574373 3.618375802288 1.759796550423 -0.128006557000 0.629223607325 
Arquivo CSV criado com sucesso em: dataset\decomposition_based\random_walk\l100\fv_32100
32100. Decomposition 0.481568026013 0.318121568768 0.010353526014 0.007583738902 0.888728031265 0.060506275577 2.646896333656 1.108404723332 -0.149654777846 0.472676527147 -0.000282247089 0.000594784761 0.000662723651 0.000434888264 0.229852463753 0.159216224717 3.242080836972 0.843298938703 -0.091243334602 0.305157699229 0.475595238095 0.049235161099 0.082566501862 0.009986778303 0.154285569252 0.149119180715 3.021878467156 0.399547037750 0.067207551024 0.303462081648 
Arquivo CSV criado com sucesso em: dataset\decomposition_based\random_walk\l100\fv_32400
32400. Decomposition 0.481736926822 0.318369456069 0.010266806599 0.007504557189 0.886021507112 0.061155311833 2.666237876057 1.097106433804 -0.168888351293 0.472916167802 -0.000281082716 0.000592188322 0.000656492902 0.000427645560 0.227000125280 0.159362788939 3.267853205688 0.897129619944 -0.084250899020 0.296398768564 0.475595238095 0.049235161099 0.082276982889 0.010339237530 0.159341269457 0.140924521547 3.025201490265 0.405184067566 0.065585621090 0.304515458781 
Arquivo CSV criado com sucesso em: dataset\decomposition_based\random_walk\l100\fv_32700
32700. Decomposition 0.481821426944 0.318493601972 0.010166051344 0.007419139213 0.886768689654 0.060904755286 2.690947249377 1.085513357602 -0.181142578916 0.475509440898 -0.000258818529 0.000543035074 0.000675304168 0.000450734091 0.226771074339 0.159387837658 3.104210366488 0.587649127747 -0.055087098696 0.268706584504 0.475970017637 0.048850743022 0.081964026334 0.010759887316 0.160946410540 0.138453074812 3.041283083091 0.433589229795 0.054519155699 0.312956586403 
Arquivo CSV criado com sucesso em: dataset\decomposition_based\random_walk\l100\fv_33000
33000. Decomposition 0.482054411746 0.318836344231 0.010160898761 0.007414965311 0.888388834036 0.060548224675 2.698651880075 1.082565407314 -0.203757070140 0.485159125558 -0.000234550871 0.000490755808 0.000686714325 0.000466402765 0.244342632219 0.163157530491 3.068080132081 0.535896140960 -0.037152248219 0.260091929957 0.477190476190 0.047699980747 0.082904295952 0.009625409409 0.185301158622 0.111742134252 3.040819820928 0.432746886049 0.104210585086 0.293349263220 
Arquivo CSV criado com sucesso em: dataset\decomposition_based\random_walk\l100\fv_33300
33300. Decomposition 0.482123831363 0.318938593168 0.010069385582 0.007344053239 0.886259184060 0.061069773353 2.731493861540 1.073635660100 -0.217779565952 0.494176022083 -0.000214252614 0.000448400758 0.000691693712 0.000473595185 0.252509652686 0.168661664461 3.031216884666 0.493966419760 -0.044770398630 0.262890171211 0.478308596166 0.046788745462 0.083045268867 0.009491876651 0.198240377801 0.108770898122 2.994592232416 0.356931901519 0.082738830733 0.295897069006 
Arquivo CSV criado com sucesso em: dataset\decomposition_based\random_walk\l100\fv_33600
33600. Decomposition 0.482135189617 0.318955328379 0.009978018715 0.007279454221 0.885920371849 0.061193353435 2.764131664352 1.070692113586 -0.223222903242 0.498270606227 -0.000203437499 0.000426483385 0.000692342156 0.000474546871 0.248632928563 0.165770980186 3.011530609997 0.477097148388 -0.048882574625 0.264935096138 0.479047619048 0.046265674674 0.083081254521 0.009459507921 0.199197018284 0.108914771448 2.976078509143 0.332588065867 0.071403685442 0.300963194046 
Arquivo CSV criado com sucesso em: dataset\decomposition_based\random_walk\l100\fv_33900
33900. Decomposition 0.481809186222 0.318475612811 0.010217044681 0.007461472201 0.893788148711 0.061230558413 2.733206842611 1.073333317276 -0.218334809305 0.494578776718 -0.000215149929 0.000450241307 0.000714112308 0.000508347353 0.247971995574 0.165327539908 3.320785025740 1.011067041905 -0.138935945440 0.380404184341 0.478594976452 0.046578397922 0.084188477506 0.008843226149 0.197981465750 0.108740609538 3.162599345635 0.683919472100 0.013820424036 0.360209747251 
Arquivo CSV criado com sucesso em: dataset\decomposition_based\random_walk\l100\fv_34200
34200. Decomposition 0.481452073793 0.317951591237 0.010498821628 0.007727682110 0.891654557278 0.060617981331 2.725345728165 1.074855015511 -0.219071765188 0.495118603567 -0.000210579783 0.000440901268 0.000688582548 0.000469077054 0.243331766648 0.162634520355 2.998764076564 0.468491617067 -0.030825500420 0.258769806372 0.478506017792 0.046642710427 0.083235377987 0.009329030717 0.193967825314 0.108744114750 2.961868345416 0.317050746025 0.092672936373 0.293552030544 
Arquivo CSV criado com sucesso em: dataset\decomposition_based\random_walk\l100\fv_34500
34500. Decomposition 0.481328037665 0.317769943658 0.010454659777 0.007682472677 0.891729907650 0.060632047507 2.714025333054 1.077647218808 -0.201455163374 0.483895889380 -0.000209098722 0.000437893071 0.000688613235 0.000469121225 0.240316706913 0.161290409077 3.025463899866 0.488604914939 -0.012629139516 0.260127272389 0.478435897436 0.046694058056 0.083393857011 0.009209088152 0.196251317826 0.108633070927 2.953309699203 0.309210429768 0.096400135891 0.293188819773 
Arquivo CSV criado com sucesso em: dataset\decomposition_based\random_walk\l100\fv_34800
34800. Decomposition 0.481258935888 0.317668826949 0.010394981868 0.007623392090 0.890702007268 0.060488460459 2.718470954792 1.076466387302 -0.191983398493 0.479361332970 -0.000203916988 0.000427444118 0.000688548634 0.000469028245 0.237643787233 0.160374040546 3.011621207751 0.477164986456 -0.016195142652 0.259258800547 0.478680555556 0.046517408060 0.083516691366 0.009126402930 0.192223039483 0.109022461960 2.931299526832 0.294992929771 0.088763038135 0.294237171468 
Arquivo CSV criado com sucesso em: dataset\decomposition_based\random_walk\l100\fv_35100
35100. Decomposition 0.499622799999 0.322522170212 0.008173395805 0.007116717303 0.655977858258 0.628481113453 2.516441653391 1.156111894140 -0.163307221169 0.450702026862 -0.000029731763 0.000501545891 0.000656706269 0.000409026495 0.086787118809 0.437833993066 2.746952877436 0.791802223319 -0.018624164381 0.241931283091 0.489500000000 0.050628746775 0.080656828739 0.011530653833 0.049064544028 0.409378216808 2.676840350525 0.689656604096 0.070526401447 0.278777538653 
Arquivo CSV criado com sucesso em: dataset\decomposition_based\random_walk\l100\fv_35400
35400. Decomposition 0.495755235132 0.318993683853 0.009243629866 0.006382098237 0.865308639947 0.091814291082 2.570024541416 1.092786322378 -0.102708883033 0.498627836696 -0.000283324069 0.000449473082 0.000794336696 0.000615346037 0.235943571575 0.152412316398 2.934386294685 0.466899418486 -0.075730529001 0.281481060207 0.473736111111 0.045607707868 0.092353036850 0.024644509154 0.186815843681 0.106763568552 2.908853596729 0.272651628070 -0.037512639591 0.417927226124 
Arquivo CSV criado com sucesso em: dataset\decomposition_based\random_walk\l100\fv_35700
35700. Decomposition 0.492240119754 0.317196091073 0.009293347809 0.006332216830 0.855209295228 0.113995489929 2.623808581720 1.044823883836 -0.138990790360 0.463911021810 -0.000269856325 0.000426619880 0.000698397877 0.000454851849 0.236996670549 0.152142563458 2.919595962167 0.482070053530 0.057864634640 0.319896202384 0.474698412698 0.044831407484 0.085807346053 0.010289026673 0.182450019923 0.110780746321 2.892165581561 0.279372234918 0.033561305622 0.304131344320 
Arquivo CSV criado com sucesso em: dataset\decomposition_based\random_walk\l100\fv_36000
36000. Decomposition 0.491722715355 0.316429209674 0.009579048266 0.006402456428 0.879648180427 0.066341532832 2.744390620591 1.004478579108 -0.203336425265 0.448636335029 -0.000302007330 0.000484741721 0.000709578604 0.000470605206 0.223472985698 0.159320149443 2.965917881497 0.444440529287 -0.000125979414 0.248223794473 0.476468750000 0.043755663473 0.082695555315 0.008821766758 0.178728245338 0.115013343031 2.842304904294 0.335202298272 0.099673567117 0.282050576155 
Arquivo CSV criado com sucesso em: dataset\decomposition_based\random_walk\l100\fv_36300
36300. Decomposition 0.490710559387 0.314940827915 0.010385760929 0.007048827531 0.896976254647 0.058086855738 2.660733369935 1.022113237172 -0.218902280711 0.454543553652 -0.000289761600 0.000461619913 0.000674783881 0.000426439142 0.222899924063 0.159794207821 3.048297511537 0.457975031065 0.051129434403 0.308525367710 0.476903846154 0.043564365595 0.081577292858 0.010042859047 0.190645793869 0.104170715308 2.907770662668 0.272876096272 0.096575543737 0.280700046710 
Arquivo CSV criado com sucesso em: dataset\decomposition_based\random_walk\l100\fv_36600
36600. Decomposition 0.489986093279 0.313885191195 0.010678171144 0.007422078385 0.896174871344 0.057696404174 2.608029366678 1.057136712830 -0.178737580123 0.446944303884 -0.000325157430 0.000531109028 0.000697707555 0.000453924471 0.233270228951 0.153322542151 3.032220226521 0.447097026814 -0.008860523810 0.244052711053 0.474388392857 0.045067261798 0.083322640564 0.008518650713 0.209814833235 0.105831257476 2.848975110646 0.325198152006 0.088922564208 0.278372084390 
Arquivo CSV criado com sucesso em: dataset\decomposition_based\random_walk\l100\fv_36900
36900. Decomposition 0.489724906074 0.313506611459 0.010650544253 0.007384153933 0.891641114748 0.056942371555 2.620824815144 1.047035660417 -0.168205266602 0.449110766497 -0.000337196420 0.000556360829 0.000684857915 0.000437696074 0.243274465966 0.151590791054 3.106165153510 0.524529443629 0.013060666382 0.258337864500 0.473531954887 0.045788916696 0.083130581852 0.008578599551 0.213742422257 0.109117839839 2.863822681222 0.305424199478 0.088798525175 0.278346322644 
Arquivo CSV criado com sucesso em: dataset\decomposition_based\random_walk\l100\fv_37200
37200. Decomposition 0.490144059977 0.314114673537 0.010760951979 0.007538816259 0.897134307496 0.058172677452 2.633156216443 1.038252900999 -0.178480080110 0.446976679140 -0.000309943812 0.000500277196 0.000701069741 0.000458492123 0.249370818232 0.152790968936 3.029622988405 0.445695832216 0.016862897249 0.262045607248 0.476356060606 0.043810005079 0.085119871097 0.009380970320 0.234725654352 0.139067909714 3.375682618670 1.245229301793 0.224988910738 0.472165451527 
Arquivo CSV criado com sucesso em: dataset\decomposition_based\random_walk\l100\fv_37500
37500. Decomposition 0.481030905707 0.308868000874 0.011067561867 0.008221202955 0.900580571042 0.060733572228 2.650495954719 1.027529828766 -0.152647308036 0.455422259927 -0.000280536969 0.000446120666 0.000690281295 0.000453872497 0.262898411155 0.161288401721 2.970969673781 0.442201155842 -0.013720388774 0.242655583678 0.477016666667 0.043519596480 0.083505594097 0.008489482318 0.233351602325 0.136618175298 2.878604666401 0.289715400669 0.076737754194 0.277688411107 
Arquivo CSV criado com sucesso em: dataset\decomposition_based\random_walk\l100\fv_37800
37800. Decomposition 0.481356972135 0.309346653783 0.011049597917 0.008190079963 0.898252772280 0.058861373190 2.643564499747 1.031584935722 -0.177614235297 0.447093138115 -0.000283672769 0.000451852022 0.000702918636 0.000472589377 0.254686952367 0.155204160781 3.044550717313 0.455107982314 -0.072066330056 0.276645205788 0.477267857143 0.043427123889 0.083231090625 0.008543510625 0.223092036100 0.120238750563 2.853061095378 0.319396895493 0.065056186019 0.280531581242 
Arquivo CSV criado com sucesso em: dataset\decomposition_based\random_walk\l100\fv_38100
38100. Decomposition 0.481852995909 0.310077983351 0.011257185577 0.008558930163 0.900864895848 0.061000935872 2.632799364403 1.038493702828 -0.185995916721 0.446458620382 -0.000256341529 0.000404897711 0.000691567334 0.000455700241 0.258393037938 0.157608822734 2.943368198918 0.459071877130 -0.035892067305 0.244897546971 0.478411290323 0.043133262242 0.083283257030 0.008528510889 0.226588217542 0.125401450484 2.847115047201 0.327923121706 0.044470075271 0.293504273963 
Arquivo CSV criado com sucesso em: dataset\decomposition_based\random_walk\l100\fv_38400
38400. Decomposition 0.476894902762 0.307256127433 0.011292071722 0.008762052337 0.901739466568 0.061873445501 2.631647497134 1.039276448530 -0.193525501611 0.446827261380 -0.000234562967 0.000372628272 0.000707366010 0.000487056041 0.268102438893 0.166502294111 3.359163731900 1.054304816224 0.081861871301 0.364631027479 0.480161764706 0.043092891437 0.086109071667 0.010760694757 0.236933821826 0.143110400318 3.808664095626 2.376347135935 0.268822745807 0.570084855251 
Arquivo CSV criado com sucesso em: dataset\decomposition_based\random_walk\l100\fv_38700
38700. Decomposition 0.477244324358 0.307776015146 0.011351994540 0.008875990246 0.901830947091 0.061968992281 2.631995594878 1.039039020132 -0.207794490184 0.449951055324 -0.000234600819 0.000372679150 0.000682198650 0.000448294105 0.260608370168 0.159317304609 2.950647718718 0.453543053320 -0.047655630751 0.251692579174 0.479815315315 0.043061366462 0.083826682133 0.008504912358 0.224684925423 0.122531311368 2.891405170122 0.279840614684 0.067720416099 0.279585090861 
Arquivo CSV criado com sucesso em: dataset\decomposition_based\random_walk\l100\fv_39000
39000. Decomposition 0.476935443052 0.307861722756 0.011405945082 0.008997424726 0.901737718046 0.061871627042 2.637332850615 1.035494369245 -0.217669968948 0.453942525976 -0.000237235194 0.000376203463 0.000681763227 0.000448375478 0.255638798736 0.155766404323 2.968896316908 0.443072830016 -0.065027395060 0.268095359282 0.479614583333 0.043052020727 0.083534876944 0.008487367693 0.222977518103 0.120077943690 2.884677264905 0.284571368383 0.052639156819 0.287192682168 
Arquivo CSV criado com sucesso em: dataset\decomposition_based\random_walk\l100\fv_39300
39300. Decomposition 0.477233753722 0.308308616584 0.011450904139 0.009084932992 0.901382250219 0.061508050772 2.644887280543 1.030787110560 -0.227224259815 0.459188200946 -0.000216103143 0.000350193169 0.000694156600 0.000466743406 0.271888275485 0.170893438726 3.234493003957 0.766419683886 0.033470833507 0.281901434867 0.481244186047 0.043316388132 0.085528670404 0.009890716276 0.244896284794 0.158621396952 3.716345840295 2.133883402329 0.238219943322 0.500910311189 
Arquivo CSV criado com sucesso em: dataset\decomposition_based\random_walk\l100\fv_39600
39600. Decomposition 0.477453571199 0.308638798658 0.011427564532 0.009039415168 0.901661264550 0.061792401924 2.656811735894 1.024106904679 -0.240252261373 0.468449282318 -0.000215809816 0.000349881394 0.000687735544 0.000457025427 0.268560954836 0.167008295215 3.192368183600 0.677846017984 0.018457412802 0.263699215169 0.480894927536 0.043223670452 0.083433135777 0.008497749418 0.228986417815 0.129206702983 2.911607953144 0.272215804306 0.052939642229 0.286988913440 
Arquivo CSV criado com sucesso em: dataset\decomposition_based\random_walk\l100\fv_39900
39900. Decomposition 0.477665801779 0.308958288594 0.011423537937 0.009031581844 0.901200653551 0.061327046198 2.669817391425 1.017886445212 -0.248820188662 0.475804392679 -0.000213958098 0.000347946723 0.000676037963 0.000440456203 0.265393055596 0.163664007000 2.971245260087 0.442090290259 -0.054275059685 0.257098646089 0.480843537415 0.043211678825 0.083536956937 0.008487244371 0.226743823590 0.125642127896 2.887124186695 0.282730314517 0.046230797402 0.292020228302 
Arquivo CSV criado com sucesso em: dataset\decomposition_based\random_walk\l100\fv_40200
40200. Decomposition 0.490917995220 0.313462523379 0.009522253775 0.007899640323 0.693025310925 0.590885300221 2.553784725632 1.017772474698 -0.273132628842 0.454935158215 0.000048681800 0.000728372143 0.001386012730 0.002225054610 0.227076888183 0.190846256817 2.891409598363 0.466826494637 0.073771671927 0.448749455939 0.489955555556 0.047750627945 0.102322187943 0.054420593213 0.186209213929 0.158840451686 2.835262084189 0.316949743086 0.164045246564 0.443808303525 
Arquivo CSV criado com sucesso em: dataset\decomposition_based\random_walk\l100\fv_40500
40500. Decomposition 0.485627253960 0.310722084244 0.009749274233 0.007604161606 0.859930656108 0.129499044458 2.645144353620 0.961225363013 -0.208933369344 0.466285102481 -0.000361690337 0.000575949152 0.000729762992 0.000515979684 0.271204448380 0.155818909477 3.048596758240 0.484681567920 -0.147689517334 0.352049334751 0.474177777778 0.045401952424 0.090591607866 0.022154320518 0.146212619535 0.250357435132 3.284508998018 1.119727075337 -0.188398906316 0.708717607689 
Arquivo CSV criado com sucesso em: dataset\decomposition_based\random_walk\l100\fv_40800
40800. Decomposition 0.485636573510 0.310736619600 0.009699290042 0.007625805080 0.840276549441 0.180987495650 2.662883245742 0.957970816398 -0.221237390353 0.458595403617 -0.000234407805 0.000319092809 0.000707447213 0.000474378758 0.283663958281 0.162761713992 3.047776273622 0.483529906313 0.042140238459 0.377198826223 0.484122222222 0.041655245842 0.089590991895 0.019544017390 0.182913060802 0.165374405662 3.652369731366 2.145422042103 0.327760690761 0.855084207320 
Arquivo CSV criado com sucesso em: dataset\decomposition_based\random_walk\l100\fv_41100
41100. Decomposition 0.485430349435 0.310415343692 0.009742515542 0.007606938143 0.843804245570 0.171557468866 2.653442947534 0.959377619734 -0.208250135357 0.466784437348 -0.000308944093 0.000452764062 0.000746212646 0.000549277826 0.274656189793 0.156982656102 3.641458458019 1.963770958348 -0.282744630928 0.679639181413 0.477935353535 0.041858186496 0.086620467293 0.012377842011 0.174562860619 0.183011693679 3.880236609832 2.786276207449 -0.262338726534 0.904735965886 
Arquivo CSV criado com sucesso em: dataset\decomposition_based\random_walk\l100\fv_41400
41400. Decomposition 0.485076904704 0.309866491970 0.010017380737 0.007532427004 0.877723881492 0.087336280335 2.732667886838 0.970565978276 -0.279300717302 0.457639257487 -0.000305863413 0.000446060402 0.000723231120 0.000503339822 0.224709559836 0.194818557905 3.581770069884 1.799221325401 -0.248942463303 0.591557373464 0.477892063492 0.041885367325 0.085818218483 0.010753793718 0.158828409662 0.219324685460 3.914684598867 2.883299553804 -0.252782364828 0.879061480979 
Arquivo CSV criado com sucesso em: dataset\decomposition_based\random_walk\l100\fv_41700
41700. Decomposition 0.484854592431 0.309522426708 0.010049310671 0.007528929750 0.882441930268 0.077801729150 2.652244152116 0.959609283103 -0.233045765527 0.453609979970 -0.000267485281 0.000369643211 0.000676984161 0.000426211401 0.225762441168 0.193033272746 2.928511426486 0.431617848403 0.010974152631 0.315766477742 0.481916339869 0.040877250237 0.085919866975 0.010946883213 0.154118944283 0.230751977556 4.329888907628 4.054277841014 0.378506743878 0.991875937432 
Arquivo CSV criado com sucesso em: dataset\decomposition_based\random_walk\l100\fv_42000
42000. Decomposition 0.484651660581 0.309209137975 0.010112692572 0.007525194564 0.883359321766 0.076080973624 2.631223955921 0.965599008684 -0.219015235782 0.459798848576 -0.000304097628 0.000442249588 0.000723218971 0.000503316647 0.252969120643 0.159750416261 3.928837072436 2.763247916093 -0.280207174825 0.672955763880 0.478400000000 0.041588032467 0.084812830404 0.009116128497 0.218665358349 0.116850761710 3.991333507035 3.099274869406 -0.247544659638 0.865024687495 
Arquivo CSV criado com sucesso em: dataset\decomposition_based\random_walk\l100\fv_42300
42300. Decomposition 0.478583538598 0.305630307991 0.010237440375 0.007455270136 0.894689738926 0.060233729116 2.655740647714 0.958966951333 -0.185977565202 0.486997130871 -0.000213484907 0.000296363520 0.000778351221 0.000634568286 0.305482352939 0.190650837088 4.594111581156 4.631886137885 0.309430220328 1.070313567020 0.482757487923 0.041063981705 0.085934634355 0.010975278992 0.233275816813 0.118085902874 3.864935579698 2.743189924295 0.277685368696 0.722667830121 
Arquivo CSV criado com sucesso em: dataset\decomposition_based\random_walk\l100\fv_42600
42600. Decomposition 0.478832046129 0.306015538405 0.010336916738 0.007485565980 0.895245362628 0.059791324109 2.606137152154 0.977444235363 -0.208913225013 0.466299717835 -0.000217391973 0.000299794352 0.000696480674 0.000465258582 0.277006997916 0.158115770076 2.926772190102 0.432764148585 0.012124911698 0.317811255200 0.483374358974 0.041287614850 0.085812642461 0.010743323816 0.216315034028 0.118009860524 3.759446366915 2.446326118956 0.259587731456 0.675731788602 
Arquivo CSV criado com sucesso em: dataset\decomposition_based\random_walk\l100\fv_42900
42900. Decomposition 0.478968241833 0.306227144533 0.010319117400 0.007479376692 0.895974226812 0.059269185046 2.599834627598 0.981204420732 -0.232132976488 0.453909672884 -0.000216879762 0.000299323577 0.000690741843 0.000455450332 0.276351825681 0.157772625153 2.956091316384 0.420773902919 0.018651092468 0.329775654308 0.482790804598 0.041074197723 0.085354357441 0.009930823593 0.216218454689 0.118065253399 3.868940628931 2.754467191522 0.276529607078 0.719653044808 
Arquivo CSV criado com sucesso em: dataset\decomposition_based\random_walk\l100\fv_43200
43200. Decomposition 0.479086273997 0.306410803645 0.010312866379 0.007477282261 0.896303960646 0.059055102628 2.602527624107 0.979559810331 -0.246382545992 0.450897434076 -0.000236988985 0.000322211740 0.000743355988 0.000556739003 0.254338819173 0.158877939789 4.434104930402 4.181387556734 -0.319389318898 0.777139979637 0.481205555556 0.040827009336 0.084831111568 0.009140630242 0.202146453936 0.132059836692 3.790686270426 2.534203454398 -0.137030450326 0.577974828510 
