
Multi Random walk:
Arquivo CSV criado com sucesso em: dataset\decomposition_based\random_walk\l50\fv_300
300. Decomposition 0.466548009336 0.000000000000 0.134132948638 0.000000000000 0.366755252847 0.000000000000 1.272675241678 0.000000000000 0.031631698947 0.000000000000 0.036753273631 0.000000000000 0.029334854489 0.000000000000 0.137752392504 0.000000000000 3.138293501492 0.000000000000 1.046113130997 0.000000000000 0.583888888889 0.000000000000 0.081158661861 0.000000000000 0.122761529150 0.000000000000 2.793382809646 0.000000000000 0.756562247734 0.000000000000 
Arquivo CSV criado com sucesso em: dataset\decomposition_based\random_walk\l50\fv_600
600. Decomposition 0.425575493034 0.000000000000 0.126870981095 0.000000000000 0.134020920782 0.000000000000 1.519395473878 0.000000000000 0.336527972716 0.000000000000 0.026719430120 0.000000000000 0.032090812075 0.000000000000 0.068679253634 0.000000000000 2.524970015882 0.000000000000 0.323210319304 0.000000000000 0.570138888889 0.000000000000 0.083816538889 0.000000000000 0.175665556664 0.000000000000 2.348970266270 0.000000000000 0.362460729027 0.000000000000 
Arquivo CSV criado com sucesso em: dataset\decomposition_based\random_walk\l50\fv_900
900. Decomposition 0.476417590339 0.000000000000 0.132004327193 0.000000000000 0.565905262541 0.000000000000 2.069674615276 0.000000000000 0.066956413704 0.000000000000 0.011822083832 0.000000000000 0.026039029185 0.000000000000 0.317197491677 0.000000000000 2.816092408588 0.000000000000 0.697799352801 0.000000000000 0.532387706856 0.000000000000 0.092859701575 0.000000000000 0.314178380561 0.000000000000 2.686632434025 0.000000000000 0.371404012542 0.000000000000 
Arquivo CSV criado com sucesso em: dataset\decomposition_based\random_walk\l50\fv_1200
1200. Decomposition 0.470120728871 0.000000000000 0.123255630756 0.000000000000 0.519297771840 0.000000000000 2.211430949788 0.000000000000 0.121569339222 0.000000000000 0.010953016484 0.000000000000 0.023800348813 0.000000000000 0.234605147333 0.000000000000 3.342720701819 0.000000000000 0.654386315780 0.000000000000 0.529609929078 0.000000000000 0.093868530354 0.000000000000 0.117795365925 0.000000000000 3.049173385847 0.000000000000 -0.102707296941 0.000000000000 
Arquivo CSV criado com sucesso em: dataset\decomposition_based\random_walk\l50\fv_1500
1500. Decomposition 0.488238374639 0.000000000000 0.124179034132 0.000000000000 0.500712811958 0.000000000000 2.041420202607 0.000000000000 -0.060855243691 0.000000000000 0.009152628235 0.000000000000 0.023950503021 0.000000000000 0.228223438996 0.000000000000 3.114018078385 0.000000000000 0.620928420956 0.000000000000 0.521148936170 0.000000000000 0.098272948239 0.000000000000 0.185266954673 0.000000000000 2.654849538826 0.000000000000 -0.144318475510 0.000000000000 
Arquivo CSV criado com sucesso em: dataset\decomposition_based\random_walk\l50\fv_1800
1800. Decomposition 0.510614367389 0.000000000000 0.126362873121 0.000000000000 0.557373941161 0.000000000000 2.102909960004 0.000000000000 -0.253674996939 0.000000000000 0.007754389174 0.000000000000 0.022561602408 0.000000000000 0.227688001622 0.000000000000 3.500451122841 0.000000000000 0.775639163693 0.000000000000 0.515851063830 0.000000000000 0.093432677679 0.000000000000 0.155355256900 0.000000000000 2.778936753377 0.000000000000 -0.027198149113 0.000000000000 
Arquivo CSV criado com sucesso em: dataset\decomposition_based\random_walk\l50\fv_2100
2100. Decomposition 0.508951461970 0.000000000000 0.124145771562 0.000000000000 0.577876843076 0.000000000000 2.457023123289 0.000000000000 -0.325347577074 0.000000000000 0.005232327166 0.000000000000 0.021983740902 0.000000000000 0.231340829071 0.000000000000 3.694280965868 0.000000000000 0.833142965411 0.000000000000 0.513971631206 0.000000000000 0.088725185993 0.000000000000 0.133864488876 0.000000000000 2.969068157026 0.000000000000 -0.001479256480 0.000000000000 
Arquivo CSV criado com sucesso em: dataset\decomposition_based\random_walk\l50\fv_2400
2400. Decomposition 0.585037049496 0.000000000000 0.128913169665 0.000000000000 0.756917851186 0.000000000000 2.786403631120 0.000000000000 -0.664534119469 0.000000000000 0.001287713433 0.000000000000 0.018300714112 0.000000000000 0.307446041140 0.000000000000 3.705804502961 0.000000000000 0.543221450988 0.000000000000 0.499335106383 0.000000000000 0.093206462180 0.000000000000 0.268450391954 0.000000000000 2.665472383923 0.000000000000 0.103308701310 0.000000000000 
Arquivo CSV criado com sucesso em: dataset\decomposition_based\random_walk\l50\fv_2700
2700. Decomposition 0.485900852901 0.485560313810 0.003931190948 0.003858704760 0.216923559664 0.644632875220 2.597719129648 0.773594837391 -0.216299013982 0.715067354258 -0.001220729694 0.001220634599 0.000426989919 0.000417675507 0.341394825868 0.024949427964 2.830163361988 0.718557171954 0.610075827306 0.244637306649 0.415530434783 0.077269565217 0.072955637025 0.024677144355 0.315594185064 0.004082227220 2.316767139060 0.342236401812 0.250444124601 0.225829207969 
Arquivo CSV criado com sucesso em: dataset\decomposition_based\random_walk\l50\fv_3000
3000. Decomposition 0.483889125433 0.483550106240 0.004716248875 0.004644086208 0.546337334211 0.315219100673 2.585943235373 0.785370731666 -0.601710878119 0.329655490121 -0.001068462988 0.001068368319 0.000411710000 0.000402437161 0.397102258927 0.030758005096 2.584413580815 0.964306953127 0.254808451844 0.110630068813 0.422139130435 0.070660869565 0.071656179538 0.025976601842 0.494901372747 0.175224960463 2.477343574357 0.181659966515 0.254583199379 0.229968282746 
Arquivo CSV criado com sucesso em: dataset\decomposition_based\random_walk\l50\fv_3300
3300. Decomposition 0.485305447512 0.484966428318 0.004362489833 0.004290327166 0.613843526255 0.247712908629 2.975264186318 0.396049780720 -0.828488541937 0.102877826303 -0.001143611853 0.001143517183 0.000391632169 0.000382359330 0.281676342453 0.084667911378 2.740988840299 0.807731693643 0.291641912216 0.073796608441 0.417894565217 0.074905434783 0.068784446908 0.028848334472 0.375157967330 0.055481555046 3.126315383162 0.467311842290 0.520215531795 0.495600615163 
Arquivo CSV criado com sucesso em: dataset\decomposition_based\random_walk\l50\fv_3600
3600. Decomposition 0.475068626349 0.474738878946 0.006854208627 0.006784019527 0.841595539249 0.019960895635 3.482621546552 0.111307579513 -0.133489320639 0.797877047601 -0.001058185675 0.001058093594 0.000427875463 0.000418856225 0.131152749293 0.235191504538 2.833849600429 0.714870933513 0.190735528403 0.174702992254 0.418237944664 0.074562055336 0.073210027653 0.024422753727 0.190740547485 0.128935864798 2.652206635210 0.006796905662 -0.035062739734 0.059677656366 
Arquivo CSV criado com sucesso em: dataset\decomposition_based\random_walk\l50\fv_3900
3900. Decomposition 0.476194069675 0.475866282514 0.009740604240 0.009670832391 0.886304194626 0.024747759742 2.675404986527 0.695908980511 -0.259506009463 0.671860358777 -0.000978813123 0.000978721590 0.000538685967 0.000529720346 0.184279417855 0.182064835976 3.386720965733 0.161999568209 0.460761047950 0.095322527293 0.421834782609 0.070965217391 0.078209500451 0.019423280929 0.218595027816 0.101081384467 3.260872653601 0.601869112729 0.271382873172 0.246767956539 
Arquivo CSV criado com sucesso em: dataset\decomposition_based\random_walk\l50\fv_4200
4200. Decomposition 0.475849968556 0.475524141366 0.010468798635 0.010399443980 0.875413935622 0.013857500738 2.488453662509 0.882860304530 -0.428887012282 0.502479355958 -0.000948506861 0.000948415875 0.000486608891 0.000477696879 0.218832791402 0.147511462429 3.647226560649 0.098506026707 0.438432040984 0.072993520327 0.425709462916 0.067090537084 0.078115652895 0.019517128485 0.222449778865 0.097226633418 3.147622231098 0.488618690226 0.217023467661 0.192408551028 
Arquivo CSV criado com sucesso em: dataset\decomposition_based\random_walk\l50\fv_4500
4500. Decomposition 0.476231700649 0.475905873458 0.009772616598 0.009703261943 0.866757411476 0.005200976592 2.588223079371 0.783090887668 -0.478249663078 0.453116705162 -0.000945898926 0.000945807940 0.000461585520 0.000452673508 0.226764000041 0.139580253790 3.752977908129 0.204257374187 0.436334344797 0.070895824140 0.428041304348 0.064758695652 0.076491847032 0.021140934348 0.244635747760 0.075040664524 3.233101067683 0.574097526811 0.112438841206 0.087823924573 
Arquivo CSV criado com sucesso em: dataset\decomposition_based\random_walk\l50\fv_4800
4800. Decomposition 0.476955876117 0.476630048926 0.009475332012 0.009405977357 0.869234866671 0.007678431787 2.625568010398 0.745745956640 -0.552310794231 0.379055574009 -0.000965665616 0.000965574630 0.000458558016 0.000449646004 0.213507603696 0.152836650136 3.661710379638 0.112989845696 0.454251465810 0.088812945153 0.428082419660 0.064717580340 0.075870243983 0.021762537397 0.219861809899 0.099814602385 3.199689137341 0.540685596469 0.114480237009 0.089865320377 
Arquivo CSV criado com sucesso em: dataset\decomposition_based\random_walk\l50\fv_5100
5100. Decomposition 0.479006692030 0.399533977703 0.004567982084 0.003826949170 0.252607248373 0.885840416597 2.078641984170 0.979843223115 -0.393803237901 0.393582696078 -0.000368231917 0.000357581666 0.000309872627 0.000219088054 -0.117815432478 0.624789036151 2.753897593845 1.242004356845 0.374720778903 0.309817233757 0.443545454545 0.053487726251 0.054937601313 0.036422001880 -0.154525299111 0.599315822601 2.388548288734 1.041048258894 0.130185377060 0.167007154960 
Arquivo CSV criado com sucesso em: dataset\decomposition_based\random_walk\l50\fv_5400
5400. Decomposition 0.478408108035 0.398786314281 0.004737354366 0.003821557600 0.706879986224 0.243700709981 2.382029537885 0.699776858405 -0.480516918169 0.318825355364 0.000062239960 0.000773591950 0.000600900745 0.000529694558 0.127149676784 0.279585892459 2.959573141036 0.951689019158 0.590470904538 0.165501787010 0.475325757576 0.080471768772 0.084783258282 0.018555510958 0.182797250901 0.127894865278 2.672259334935 0.675923381326 0.247030747508 0.157397438922 
Arquivo CSV criado com sucesso em: dataset\decomposition_based\random_walk\l50\fv_5700
5700. Decomposition 0.476891982999 0.396894369674 0.005633073314 0.004036615478 0.893647526505 0.025201632428 2.769903125331 0.651559739916 -0.584798439356 0.278274352207 0.000086320239 0.000804151653 0.000521877335 0.000428856217 0.082374364087 0.342497519382 3.113424099878 0.734811602925 0.530008996257 0.166841648602 0.479497835498 0.085148341710 0.077184982571 0.016009109657 0.174904204308 0.138486204843 2.874364860947 0.454595887630 0.228843193642 0.147209066468 
Arquivo CSV criado com sucesso em: dataset\decomposition_based\random_walk\l50\fv_6000
6000. Decomposition 0.474161196098 0.393493196060 0.007838860589 0.005842813677 0.909800430029 0.045925089649 2.302894142828 0.759536185096 -0.521628503376 0.294804899518 0.000012051714 0.000710920936 0.000513205729 0.000418128882 0.175927285118 0.211329892363 3.248968268256 0.544204224974 0.562777757879 0.160561071671 0.478410852713 0.083915063665 0.075403062600 0.016403659894 0.163575570711 0.153828821918 2.893086600808 0.437890025446 0.241043745736 0.153643316049 
Arquivo CSV criado com sucesso em: dataset\decomposition_based\random_walk\l50\fv_6300
6300. Decomposition 0.471231004473 0.389853212402 0.009996708454 0.008392078635 0.899171407850 0.031965026490 2.360698109773 0.714652992668 -0.515015679361 0.298034472401 -0.000084326435 0.000595818934 0.000566224476 0.000484856617 0.259992180966 0.096158375102 3.303706961780 0.467479250417 0.412347796870 0.265742454896 0.469700655933 0.074442202676 0.080318021618 0.016266651312 0.242289087678 0.055764866969 2.950639993476 0.393309924823 0.111490945112 0.182914834619 
Arquivo CSV criado com sucesso em: dataset\decomposition_based\random_walk\l50\fv_6600
6600. Decomposition 0.468912057423 0.386979722799 0.011079141597 0.009779827676 0.908128303516 0.043681814080 2.284704773154 0.774906792295 -0.428904623545 0.360174228057 -0.000169361975 0.000503136560 0.000598326852 0.000526340653 0.241269393748 0.121189852260 3.422262745868 0.302507374146 0.356616375394 0.331979592075 0.462943798450 0.067727191871 0.083856112082 0.017921971722 0.225650310090 0.073407928277 2.948077825393 0.395044960588 0.078580189068 0.215995514716 
Arquivo CSV criado com sucesso em: dataset\decomposition_based\random_walk\l50\fv_6900
6900. Decomposition 0.466069776477 0.383466637332 0.012991371032 0.012314554943 0.920828279004 0.060950162134 2.356070940280 0.718006513822 -0.451333991548 0.340903681047 -0.000217063264 0.000456808736 0.000605758833 0.000536035051 0.239139345636 0.124075677798 3.301343442904 0.470787449785 0.406383268845 0.272511576058 0.460950710109 0.065880574315 0.082539597468 0.017154866242 0.229568270662 0.068937681045 2.958618578512 0.388074087338 0.130443731466 0.166806041169 
Arquivo CSV criado com sucesso em: dataset\decomposition_based\random_walk\l50\fv_7200
7200. Decomposition 0.464390887000 0.381396214150 0.013238837831 0.012647715214 0.907427441538 0.042745452981 2.300802930315 0.761274895394 -0.358293213398 0.430577736984 -0.000246677669 0.000430864089 0.000594580983 0.000521466465 0.243503861614 0.118169344035 3.376816548129 0.365456918768 0.419609639234 0.257633772014 0.459577200577 0.064648842106 0.080849649500 0.016428965270 0.235000753853 0.063021431746 3.044538070602 0.350256601790 0.170535694028 0.143671999738 
Arquivo CSV criado com sucesso em: dataset\decomposition_based\random_walk\l50\fv_7500
7500. Decomposition 0.462957672831 0.379631575242 0.013406318347 0.012873697495 0.908443293613 0.044103425315 2.309275056618 0.754277760732 -0.293099386836 0.504484762036 -0.000256730265 0.000422639009 0.000580504991 0.000503227028 0.245312945273 0.115729319486 3.407044787558 0.323528596528 0.431946578857 0.244231263416 0.459231746032 0.064344564401 0.081177469914 0.016545296732 0.240417527506 0.057539476955 2.989608522006 0.370305237226 0.138357315074 0.160926123691 
Arquivo CSV criado com sucesso em: dataset\decomposition_based\random_walk\l50\fv_7800
7800. Decomposition 0.487955409068 0.363873384907 0.007662068680 0.008425795550 0.676008168765 0.404397200637 2.212110521324 0.674554702014 -0.046536756678 0.610948482376 -0.000209054500 0.000265503916 0.000470951077 0.000324480303 -0.046255220522 0.508573274066 2.940163970965 0.876992718134 0.327226951278 0.275922816129 0.459659349593 0.056005094118 0.072880684203 0.019783451049 0.118777931148 0.205044228373 2.858362146523 0.416244338141 0.105727227958 0.150379678540 
Arquivo CSV criado com sucesso em: dataset\decomposition_based\random_walk\l50\fv_8100
8100. Decomposition 0.485691137860 0.362572334245 0.007968706801 0.008172704749 0.771827314812 0.239688571034 2.322853340428 0.653646934228 -0.111494660225 0.538348852072 -0.000137585472 0.000266889131 0.000590256682 0.000441979491 0.106055860723 0.256356047130 3.151025257005 0.539233443292 0.380216348380 0.231501334333 0.469212195122 0.058427244374 0.077586386401 0.015284175420 0.180260046512 0.106897679864 2.819762562270 0.463583691694 0.158874769704 0.143952487369 
Arquivo CSV criado com sucesso em: dataset\decomposition_based\random_walk\l50\fv_8400
8400. Decomposition 0.484984424606 0.361937779444 0.008513318801 0.007930442485 0.779159845935 0.227159555432 2.380399323310 0.664738436672 -0.287664079756 0.436998036648 -0.000145406417 0.000263458007 0.000566248771 0.000412982571 0.128044442586 0.222179847383 3.185952705430 0.487127634347 0.393567471079 0.224879418674 0.469408672087 0.058525124044 0.078691541270 0.014690698969 0.157754291377 0.141430705157 2.861070053505 0.413125864577 0.164466264391 0.146658148298 
Arquivo CSV criado com sucesso em: dataset\decomposition_based\random_walk\l50\fv_8700
8700. Decomposition 0.484778245796 0.361661908536 0.008419717798 0.007962311884 0.786299614666 0.214979229261 2.388288534898 0.667405869394 -0.215850303656 0.456925506950 -0.000087372936 0.000300422059 0.000562528481 0.000408628796 0.179279807971 0.150037703297 3.132778068121 0.567118032781 0.297948504891 0.309538101502 0.472906300813 0.060561810772 0.077709888139 0.015207048900 0.189044276830 0.094364032157 2.864469132707 0.409253875624 0.073386679809 0.179051304130 
Arquivo CSV criado com sucesso em: dataset\decomposition_based\random_walk\l50\fv_9000
9000. Decomposition 0.484897770047 0.361821816792 0.008412543965 0.007964885330 0.788865577149 0.210607039098 2.370245873332 0.661705014885 -0.220572287719 0.454597840585 -0.000115024074 0.000278929952 0.000582506120 0.000432620646 0.173156322434 0.157771731795 3.175082082881 0.503143531893 0.299306926961 0.307874890654 0.471533333333 0.059697347791 0.077766792217 0.015172395454 0.178582294994 0.109368949399 2.821963707560 0.460754121991 0.108477498913 0.148661818757 
Arquivo CSV criado com sucesso em: dataset\decomposition_based\random_walk\l50\fv_9300
9300. Decomposition 0.482600192674 0.360427358474 0.008818139912 0.007792726976 0.846239009272 0.114310774052 2.511190550344 0.740952633487 -0.087823318575 0.563288069240 -0.000099940454 0.000287714928 0.000595299259 0.000450557446 0.147321130208 0.193423773541 3.155070357018 0.533108113252 0.292649069247 0.316110344207 0.471017663818 0.059394016038 0.078148716898 0.014954550969 0.162268627121 0.134308810174 2.831375096437 0.448819883455 0.072224377134 0.180320966279 
Arquivo CSV criado com sucesso em: dataset\decomposition_based\random_walk\l50\fv_9600
9600. Decomposition 0.482600136460 0.360427283154 0.008860645147 0.007784964023 0.823320766253 0.152303539309 2.488099417548 0.722935447628 -0.145993511697 0.505765827084 -0.000132487673 0.000266940684 0.000604824756 0.000462963177 0.187947558150 0.139736181574 3.106695584484 0.607608985790 0.285101647134 0.325688182651 0.468240100251 0.057969940461 0.079182801035 0.014500404205 0.201136905000 0.078672306869 2.789218694807 0.504186091731 0.082228980757 0.169863378703 
Arquivo CSV criado com sucesso em: dataset\decomposition_based\random_walk\l50\fv_9900
9900. Decomposition 0.482060969487 0.359705349806 0.009261072442 0.007745871284 0.870951644551 0.075337277237 2.418039843536 0.679845969225 -0.234652947596 0.448471420633 -0.000174831687 0.000256476212 0.000627565411 0.000493550094 0.207428805943 0.120258592404 3.127948144347 0.574563399955 0.267126460166 0.349412522285 0.464930855856 0.056761025999 0.081638189983 0.014289959627 0.225795415439 0.058062695174 2.855848287868 0.419165551419 0.029030644613 0.234988896956 
Arquivo CSV criado com sucesso em: dataset\decomposition_based\random_walk\l50\fv_10200
10200. Decomposition 0.495900770793 0.347447073749 0.006376750787 0.005642957727 0.623703295308 0.477715005747 2.286316663080 0.669160389691 -0.271820451078 0.415297767165 -0.000240702291 0.000267929274 0.000480717470 0.000337055428 0.031673812129 0.383158092233 2.859881898511 0.739686263273 0.199294038611 0.338662388209 0.461697777778 0.051163276954 0.079716868766 0.012915133989 0.065285413281 0.332211157773 2.605407737729 0.639580986825 0.089988896643 0.201291383674 
Arquivo CSV criado com sucesso em: dataset\decomposition_based\random_walk\l50\fv_10500
10500. Decomposition 0.486098616272 0.342523871414 0.008235521689 0.005800851531 0.804922785632 0.136742165049 2.236924409887 0.715330748338 -0.170141476188 0.419394477604 -0.000174466065 0.000189454693 0.000603045161 0.000421433997 0.154922939534 0.159480275844 3.160742716898 0.528667445518 0.100321189488 0.476428089818 0.463520000000 0.050835829884 0.078347515893 0.013659969011 0.148670671523 0.169379945101 2.799680830771 0.387102715153 0.144247992332 0.263787103501 
Arquivo CSV criado com sucesso em: dataset\decomposition_based\random_walk\l50\fv_10800
10800. Decomposition 0.480910090786 0.340025672499 0.008690978148 0.006286318542 0.827115261159 0.105346586799 2.293626579234 0.663304782365 -0.225478647169 0.404688801382 -0.000189633068 0.000203189846 0.000591896750 0.000412186067 0.126236035908 0.206964079731 3.126074947764 0.522892456610 0.113222143260 0.455966080223 0.463348571429 0.050855596766 0.077634314921 0.014242374397 0.179216500893 0.112653601107 2.784359751374 0.399154380001 0.080914734369 0.194823446352 
Arquivo CSV criado com sucesso em: dataset\decomposition_based\random_walk\l50\fv_11100
11100. Decomposition 0.479505346839 0.338048368978 0.009240713850 0.006966624292 0.855188521238 0.084426407520 2.296677884077 0.660940860329 -0.179053963248 0.415072135799 -0.000232446692 0.000259181986 0.000619916581 0.000449021021 0.150640469154 0.166172997887 2.993047555531 0.582534408656 0.225482516783 0.313194381151 0.462153766234 0.051057136618 0.078165059325 0.013797272336 0.194681508289 0.086238557523 2.789799618091 0.394645140257 0.114167645053 0.224857797342 
Arquivo CSV criado com sucesso em: dataset\decomposition_based\random_walk\l50\fv_11400
11400. Decomposition 0.478524811043 0.336675188508 0.009331085597 0.007088540395 0.859439045467 0.084120667022 2.296341632809 0.661199015474 -0.100625265267 0.475218833895 -0.000268862645 0.000317390505 0.000630791241 0.000464352703 0.198858649513 0.107459098966 2.952895411643 0.622141698636 0.223552015536 0.314844708310 0.459756734694 0.051792631832 0.078987843817 0.013246566333 0.207069968329 0.067887769736 2.777625241478 0.405072191690 0.114991208274 0.225799613724 
Arquivo CSV criado com sucesso em: dataset\decomposition_based\random_walk\l50\fv_11700
11700. Decomposition 0.478437946704 0.336553821144 0.009039406007 0.006704602776 0.850880479997 0.085600992277 2.355315401862 0.625423196917 -0.084666132261 0.492701336205 -0.000300714252 0.000372544394 0.000651914797 0.000495508218 0.176094560427 0.129670962516 2.996342387543 0.579658170714 0.204357215474 0.333248708380 0.457953613445 0.052627684204 0.079574994168 0.012967455369 0.206610205775 0.068496551773 2.758534664950 0.423729638595 0.115535443561 0.226426419770 
Arquivo CSV criado com sucesso em: dataset\decomposition_based\random_walk\l50\fv_12000
12000. Decomposition 0.478433486753 0.336547590914 0.008848513067 0.006469493282 0.844740614884 0.088706008007 2.392211902853 0.613600016805 -0.090198132549 0.486475309338 -0.000265078594 0.000311055263 0.000645251262 0.000485499021 0.198423565755 0.107746306857 3.015014342408 0.564535898974 0.154582633146 0.394608615491 0.461261176471 0.051279900026 0.080676725290 0.012722764520 0.248302745468 0.063552626210 2.678517460600 0.525434944757 0.061780309365 0.186313400355 
Arquivo CSV criado com sucesso em: dataset\decomposition_based\random_walk\l50\fv_12300
12300. Decomposition 0.478356720564 0.336440373058 0.008652665924 0.006243362157 0.843213005230 0.089723271799 2.452757645156 0.613241442006 -0.073410950130 0.505879258481 -0.000232990114 0.000259996445 0.000649303337 0.000491566815 0.210761581069 0.102195610320 3.017538970481 0.562650271648 0.145954188472 0.406784606755 0.463480102302 0.050840224605 0.081803571650 0.012864071387 0.247134727967 0.062192381032 2.678882107172 0.524905497065 0.054022232555 0.185019300505 
Arquivo CSV criado com sucesso em: dataset\decomposition_based\random_walk\l50\fv_12600
12600. Decomposition 0.474504608582 0.329688311401 0.006537404108 0.004377603617 0.536274243233 0.691884159738 2.245011123967 0.798215467219 -0.047185864234 0.481282353297 -0.000055576860 0.000311587972 0.000723382914 0.000601768052 0.013210001138 0.462511898089 2.699726768236 0.909900077367 0.108754034100 0.395043924777 0.475820202020 0.052740554425 0.086082995157 0.015245439441 0.044024350347 0.471170296593 2.399550211641 0.787794418710 0.029206180258 0.171489924779 
Arquivo CSV criado com sucesso em: dataset\decomposition_based\random_walk\l50\fv_12900
12900. Decomposition 0.467869628061 0.325082369922 0.006711098080 0.004316468063 0.799631053927 0.127715187402 2.333796887953 0.674895520741 -0.043976118457 0.481650418033 -0.000070151577 0.000279239754 0.000604939098 0.000418585483 0.140649865018 0.192029063292 2.850216256214 0.655417087544 0.195557488025 0.418154814624 0.473257070707 0.050257343023 0.085603830301 0.014583684815 0.128716589583 0.284646807869 2.567012349901 0.540457716030 0.092313996571 0.213624671286 
Arquivo CSV criado com sucesso em: dataset\decomposition_based\random_walk\l50\fv_13200
13200. Decomposition 0.466998099560 0.323746671965 0.007092181993 0.004456993245 0.810112813313 0.110721356470 2.516664881994 0.574197572388 -0.089593459787 0.486438738492 -0.000073985308 0.000272477077 0.000626841474 0.000448896523 0.151583021355 0.171028838361 2.836076559561 0.676283741080 0.148032069392 0.393992681666 0.475466666667 0.052367759378 0.083050193478 0.012091659124 0.148470784247 0.241779849380 2.604600758119 0.506844757064 0.065252241458 0.183847359020 
Arquivo CSV criado com sucesso em: dataset\decomposition_based\random_walk\l50\fv_13500
13500. Decomposition 0.466922618761 0.323631283451 0.007051887834 0.004434610347 0.798161493006 0.130257727411 2.474022331664 0.573703404357 -0.075355143700 0.482640509624 -0.000039876835 0.000335562368 0.000626256756 0.000448044414 0.122809620724 0.227777912824 2.812561684467 0.712740967940 0.132610984124 0.392066823020 0.475176344086 0.052068600347 0.083042957514 0.012087700668 0.133245005138 0.274783555343 2.576134057625 0.531275259563 0.045313771091 0.172525894608 
Arquivo CSV criado com sucesso em: dataset\decomposition_based\random_walk\l50\fv_13800
13800. Decomposition 0.467269564840 0.324162051468 0.007058451870 0.004438139567 0.804874205275 0.118941085015 2.488752397586 0.572080221983 -0.111568858503 0.496268696270 -0.000031318910 0.000352210183 0.000613149137 0.000429544021 0.138177874377 0.196887543054 2.825957245753 0.691718277088 0.112701596135 0.394054554778 0.475590736146 0.052497533589 0.082227490657 0.011776266160 0.148582547981 0.241538657645 2.581846416337 0.525846169194 0.022564770624 0.173254946032 
Arquivo CSV criado com sucesso em: dataset\decomposition_based\random_walk\l50\fv_14100
14100. Decomposition 0.467688913806 0.324804899138 0.007183214084 0.004513777424 0.823109386734 0.093599157066 2.493037892756 0.571963416592 -0.118469789208 0.500312408583 -0.000006036602 0.000402685715 0.000598960874 0.000410938196 0.148210842127 0.177411912534 2.873838328635 0.622581856768 0.077400674925 0.409627241217 0.477723611111 0.054899987439 0.081054865331 0.011817348289 0.168507739820 0.198883483522 2.640608561460 0.486229531419 -0.026630008643 0.219678669543 
Arquivo CSV criado com sucesso em: dataset\decomposition_based\random_walk\l50\fv_14400
14400. Decomposition 0.462830312812 0.321720960967 0.007255286557 0.004576933893 0.829314756749 0.087671072928 2.523094038228 0.575643835064 -0.087748171799 0.485830497699 -0.000017765536 0.000374443901 0.000596182267 0.000411304144 0.160251385964 0.155098345440 2.870897674173 0.626520553901 0.068201429670 0.416056233920 0.476490058480 0.053471831930 0.080888299525 0.011870245104 0.183240629241 0.167978985820 2.621763305212 0.495496293274 -0.003734408489 0.191724656164 
Arquivo CSV criado com sucesso em: dataset\decomposition_based\random_walk\l50\fv_14700
14700. Decomposition 0.462717002838 0.321546798382 0.007178469298 0.004516793562 0.829551894551 0.087480229984 2.539580621160 0.580964090041 -0.066375596678 0.481313790091 -0.000041218422 0.000328389855 0.000614258176 0.000435821192 0.159256062297 0.156888037110 2.937443007269 0.549870796492 0.043878320732 0.437281356242 0.475802164502 0.052721311126 0.081052434265 0.011818037623 0.178648281894 0.177533483513 2.604069585796 0.507238259014 0.007975039295 0.181391185271 
Arquivo CSV criado com sucesso em: dataset\decomposition_based\random_walk\l50\fv_15000
15000. Decomposition 0.462517629145 0.321240607865 0.007204644134 0.004536644995 0.828678308077 0.088196991502 2.505945559152 0.572581243643 -0.044225063217 0.481618055328 -0.000043426798 0.000324153314 0.000603009213 0.000420275149 0.168437122442 0.140851724553 2.879295941512 0.615391362967 0.077137087298 0.409798487247 0.475919047619 0.052846429845 0.080426713219 0.012075792032 0.179871926750 0.174979750439 2.630199462767 0.490922616018 0.012139651756 0.178499362722 
Arquivo CSV criado com sucesso em: dataset\decomposition_based\random_walk\l50\fv_15300
15300. Decomposition 0.479186834812 0.326057070728 0.005588808790 0.003867862678 0.766440398241 0.172941636536 2.618964767417 0.598041568524 -0.215138794054 0.611627670310 0.000053171381 0.000338970197 0.000533509793 0.000336432181 0.150048089766 0.137508602590 2.710839531747 0.702140400612 0.079699509524 0.379789441307 0.485349559083 0.054071812196 0.079219666121 0.011601067480 0.151988266434 0.172588764045 2.546036731122 0.493059169212 -0.052133305334 0.222115545443 
Arquivo CSV criado com sucesso em: dataset\decomposition_based\random_walk\l50\fv_15600
15600. Decomposition 0.478336582565 0.324760713724 0.006766339735 0.003882384925 0.809984341155 0.093617581247 2.554606962272 0.543342674547 -0.197405892853 0.582756884272 0.000024901719 0.000298860118 0.000573871134 0.000361865342 0.182198648432 0.133210506752 2.764832095301 0.635071358698 0.013055451330 0.410394576343 0.483885714286 0.052686767885 0.078001915570 0.012789215163 0.195788172932 0.155621478092 2.531384776502 0.506824160063 -0.014085478295 0.176347572994 
Arquivo CSV criado com sucesso em: dataset\decomposition_based\random_walk\l50\fv_15900
15900. Decomposition 0.478065059893 0.324348456050 0.006587260768 0.003739383030 0.808265529602 0.095747346038 2.514930304024 0.530563872596 -0.128501396631 0.491359734818 0.000049979971 0.000333964710 0.000564015998 0.000353279187 0.202474035593 0.152934563447 2.770634958314 0.629093449307 -0.010534828336 0.435609952365 0.484190964591 0.052958543940 0.077815010657 0.013022560866 0.198464103922 0.156920413705 2.526064807349 0.512352972323 -0.042335346206 0.207312016242 
Arquivo CSV criado com sucesso em: dataset\decomposition_based\random_walk\l50\fv_16200
16200. Decomposition 0.477661683230 0.323737555621 0.006758402574 0.003875107034 0.815139933046 0.088131666918 2.397916363290 0.592482499331 -0.073486296104 0.451615660998 0.000066304125 0.000360621690 0.000583445928 0.000371521767 0.156751004055 0.132825400600 2.808706762327 0.596824951017 0.079831126983 0.379795986899 0.485057875458 0.053779606093 0.077353365588 0.013647715636 0.188182993375 0.153405941505 2.555222475376 0.485584671100 -0.064151042603 0.242292450938 
Arquivo CSV criado com sucesso em: dataset\decomposition_based\random_walk\l50\fv_16500
16500. Decomposition 0.476251221391 0.323085436962 0.006806804401 0.003931274981 0.817109098202 0.086432313550 2.439843081447 0.554284127874 -0.091614246455 0.460753507730 0.000060158801 0.000349357912 0.000574124702 0.000362809335 0.133073588779 0.156608392302 2.796608020575 0.605710973620 0.079307760953 0.379771577838 0.484735531136 0.053465933418 0.078187188457 0.012570094540 0.154920700071 0.169395977288 2.647539644892 0.467440299772 -0.061281666195 0.237299089331 
Arquivo CSV criado com sucesso em: dataset\decomposition_based\random_walk\l50\fv_16800
16800. Decomposition 0.463717359548 0.315051916113 0.007152553706 0.004519457078 0.836319984218 0.083772527766 2.629635313043 0.610580543718 0.043257553411 0.494710658902 0.000027978443 0.000294416454 0.000574221657 0.000370059147 0.138734864255 0.149225841747 2.812366546915 0.594401960875 0.056845571196 0.382790490855 0.482835653236 0.051823408310 0.080330218915 0.011120735407 0.154958939206 0.169355957824 2.567300215149 0.477195464434 -0.060803593954 0.236477191075 
Arquivo CSV criado com sucesso em: dataset\decomposition_based\random_walk\l50\fv_17100
17100. Decomposition 0.460664177921 0.313700763960 0.007903618554 0.005947564946 0.841830496318 0.087780097151 2.525867127720 0.532348459589 0.062159713196 0.516454945444 0.000050450427 0.000324660111 0.000575515042 0.000374455431 0.162472988574 0.130339572649 2.784607687225 0.615808258338 0.039014651564 0.390725987427 0.484822396651 0.053549497007 0.080876968084 0.011123593090 0.192640664675 0.154436085454 2.577302952752 0.471541508401 -0.062934249736 0.240162516959 
Arquivo CSV criado com sucesso em: dataset\decomposition_based\random_walk\l50\fv_17400
17400. Decomposition 0.454272685153 0.309981719679 0.008310151234 0.006950778971 0.847349913824 0.093590802378 2.459880610288 0.541982975881 0.041815011683 0.493190382804 0.000068622093 0.000351345124 0.000582128151 0.000389620412 0.174484898652 0.129973899862 2.944313766218 0.597168156084 0.109460244683 0.388142959740 0.485790476190 0.054528320046 0.081248996848 0.011217328010 0.195040055222 0.155305876554 2.652684015183 0.469622300604 -0.024252348034 0.185123783528 
Arquivo CSV criado com sucesso em: dataset\decomposition_based\random_walk\l50\fv_17700
17700. Decomposition 0.490568389093 0.325470570333 0.007477356846 0.006424114448 0.814301614926 0.127017433557 2.351706378317 0.566262092259 -0.048175453133 0.500048152594 0.000004257319 0.000357936235 0.000633702815 0.000422074720 0.037536330480 0.398545227354 2.718459480756 0.602587845409 0.159843170600 0.456987415605 0.485521739130 0.051230861150 0.081761272271 0.010750998077 0.155153447022 0.185213364415 2.515341295620 0.490827104271 -0.052966901751 0.241700938658 
Arquivo CSV criado com sucesso em: dataset\decomposition_based\random_walk\l50\fv_18000
18000. Decomposition 0.490255357759 0.325005742315 0.007596361453 0.006381909409 0.789718983805 0.179327017604 2.345135797253 0.573207954690 0.022615207823 0.453176862615 0.000008856253 0.000352257594 0.000605993180 0.000381158155 0.142555334423 0.159777565331 2.733944275762 0.590338623681 0.126350618765 0.408208638045 0.484392857143 0.051391442450 0.080803057454 0.010391253579 0.171148041953 0.162813364676 2.522291432940 0.482428677467 -0.077142202917 0.237887154337 
Arquivo CSV criado com sucesso em: dataset\decomposition_based\random_walk\l50\fv_18300
18300. Decomposition 0.484929800631 0.322032288331 0.007903375397 0.006276343687 0.850224287381 0.089056148016 2.381201857196 0.540897807952 0.045398978596 0.453776758490 0.000053854772 0.000312524691 0.000609670629 0.000391766655 0.194060507330 0.128769829923 2.825040612124 0.574890898823 0.124942239014 0.406452581628 0.485328125000 0.051246072163 0.080610837090 0.010392322434 0.183105073130 0.151722902858 2.529914912763 0.473866466606 -0.106966004355 0.256138849465 
Arquivo CSV criado com sucesso em: dataset\decomposition_based\random_walk\l50\fv_18600
18600. Decomposition 0.476891170764 0.317467177392 0.008478991745 0.006554966776 0.869280580286 0.104468325996 2.381226048048 0.540881138095 0.075193862972 0.466466370414 0.000111460572 0.000326286001 0.000620619314 0.000419610694 0.207892791707 0.143196240069 2.708129647472 0.612149176009 0.077895460329 0.365202094319 0.488467703349 0.051629709652 0.080292376171 0.010448712546 0.198807347753 0.146557309634 2.622930180742 0.436088217970 -0.088829375102 0.242156955238 
Arquivo CSV criado com sucesso em: dataset\decomposition_based\random_walk\l50\fv_18900
18900. Decomposition 0.476078801010 0.317065215893 0.008331104012 0.006430188834 0.852119828621 0.089442604637 2.392952069787 0.533643805355 0.047628852904 0.454265381756 0.000118387212 0.000332898101 0.000626303550 0.000430796318 0.191011504904 0.126795601310 2.715352906466 0.605349450712 0.042827183611 0.360282311575 0.490245300752 0.052432414109 0.081080710198 0.010433565733 0.197811530676 0.146540934584 2.579959236712 0.437036533479 -0.094895601791 0.245881591405 
Arquivo CSV criado com sucesso em: dataset\decomposition_based\random_walk\l50\fv_19200
19200. Decomposition 0.476175853429 0.317211738994 0.008204036455 0.006337998199 0.850459360139 0.089088831440 2.427590591458 0.522537507901 0.029139658568 0.452528994799 0.000111124993 0.000325515452 0.000625163817 0.000428791752 0.187044066502 0.124961832264 2.727913244256 0.594804032802 0.068144190540 0.361458132083 0.490834365325 0.052788233695 0.080438658432 0.010414386980 0.200687541451 0.146717276079 2.617877455827 0.434659822612 -0.108047298921 0.257231310655 
Arquivo CSV criado com sucesso em: dataset\decomposition_based\random_walk\l50\fv_19500
19500. Decomposition 0.475892116739 0.316783767428 0.008323365459 0.006424109066 0.848649462429 0.088949105841 2.437411326058 0.522279650730 0.021895082405 0.453288597303 0.000149285470 0.000373839521 0.000648633917 0.000472243844 0.201340452758 0.135324437390 3.101796479168 0.994208663416 0.162571945280 0.461484391990 0.492402777778 0.053944127974 0.082288623687 0.011191680301 0.214725034920 0.153102351090 3.075218894674 1.322671674174 0.052180657869 0.401945816615 
Arquivo CSV criado com sucesso em: dataset\decomposition_based\random_walk\l50\fv_19800
19800. Decomposition 0.475591608616 0.316331810042 0.008434667505 0.006517200120 0.853271905256 0.089813602598 2.405655697753 0.527752863104 0.034689509241 0.452495788140 0.000124019115 0.000339262565 0.000617326433 0.000415338340 0.187759090955 0.125229323151 2.760053089042 0.575728668811 0.035550741269 0.362242439486 0.490182065217 0.052396828973 0.080724018842 0.010388679667 0.204442619365 0.147539082933 2.584354208534 0.435579457351 -0.115413902491 0.265376002631 
Arquivo CSV criado com sucesso em: dataset\decomposition_based\random_walk\l50\fv_20100
20100. Decomposition 0.484494793254 0.317507807280 0.006987011645 0.005749104688 0.647820546837 0.588741685378 2.234878718961 0.667647858045 0.041589816452 0.428355930128 0.000026332688 0.000346682296 0.000709601154 0.000574917115 0.060301618395 0.393796503475 2.561968306764 0.775137284574 0.045346431278 0.339129897493 0.478704761905 0.059047993854 0.090602478887 0.030702278621 0.069782585260 0.402906198331 2.417214843301 0.646555073028 -0.098079870594 0.247231675457 
Arquivo CSV criado com sucesso em: dataset\decomposition_based\random_walk\l50\fv_20400
20400. Decomposition 0.479173791001 0.311716411745 0.008642639850 0.006341288619 0.845324972501 0.088187617926 2.310863012336 0.551615619196 0.037675984248 0.428878652607 0.000155381364 0.000314391053 0.000540039075 0.000343819793 0.142168838191 0.187311847676 2.660195695185 0.609237747915 0.040124838925 0.340148157050 0.494419047619 0.050838134489 0.078219680557 0.011498418894 0.171360893637 0.165967514386 2.539897295529 0.436699611307 -0.143722940763 0.262367085119 
Arquivo CSV criado com sucesso em: dataset\decomposition_based\random_walk\l50\fv_20700
20700. Decomposition 0.477311911577 0.308931589902 0.009443782585 0.007730889838 0.857783863440 0.085614206134 2.349494219729 0.517469690860 0.056481608317 0.428980457381 0.000077394566 0.000281016474 0.000628045098 0.000417684983 0.201430059550 0.123029070774 3.278845579306 1.572470299224 -0.185313990544 0.749374527770 0.490450793651 0.049390703501 0.080696416713 0.009901051666 0.212182078243 0.141001184329 2.842088063807 0.811109253577 -0.231210579374 0.420474613899 
Arquivo CSV criado com sucesso em: dataset\decomposition_based\random_walk\l50\fv_21000
21000. Decomposition 0.476342958100 0.307508024829 0.009498617033 0.007840955442 0.853254873829 0.084882646451 2.373622657529 0.507039280551 0.101160222289 0.454887705262 0.000039384320 0.000323353743 0.000649300746 0.000454560918 0.226653236502 0.153924634547 2.812839538861 0.566235801993 -0.047721119331 0.439024147127 0.488815873016 0.049527335243 0.081185689167 0.010143352175 0.222661188938 0.149045659470 2.657404268051 0.445826316667 -0.125238896247 0.248388597367 
Arquivo CSV criado com sucesso em: dataset\decomposition_based\random_walk\l50\fv_21300
21300. Decomposition 0.476398022869 0.307588446923 0.009187406474 0.007238202302 0.853521998629 0.084872331781 2.425930596549 0.515663093589 0.100229095648 0.454004107554 0.000027120835 0.000343140368 0.000627215403 0.000416355390 0.220510587096 0.143775303085 2.864648191836 0.623061744452 -0.064967917111 0.471558962480 0.487263980464 0.050053477880 0.079668969368 0.010014921503 0.225413905443 0.152049054990 2.706014720595 0.516423730835 -0.126972476274 0.249267319560 
Arquivo CSV criado com sucesso em: dataset\decomposition_based\random_walk\l50\fv_21600
21600. Decomposition 0.476342757221 0.307507731552 0.008985255347 0.006878800305 0.853344059554 0.084878454930 2.475743858103 0.561251561647 0.109092619375 0.462954610872 0.000034568924 0.000330830783 0.000624128732 0.000411488770 0.210947915721 0.131030971963 2.868814479927 0.628893001034 -0.051890109360 0.446617628707 0.488615476190 0.049573741884 0.079977926164 0.009891453325 0.224114142229 0.150588234808 2.710028692028 0.523443212804 -0.109524450854 0.244798616798 
Arquivo CSV criado com sucesso em: dataset\decomposition_based\random_walk\l50\fv_21900
21900. Decomposition 0.475988360523 0.306991523173 0.008955247219 0.006827918394 0.853696335301 0.084869226769 2.498166312632 0.591658706874 0.134307229173 0.494518706922 0.000023774001 0.000348944588 0.000614630078 0.000397343014 0.206045368477 0.126257449234 2.876042429155 0.639398619395 -0.048963322560 0.441267431689 0.487376441103 0.050002588027 0.079399475728 0.010182810523 0.219655495841 0.146169968797 2.683025897612 0.479431801035 -0.116560460242 0.245419256003 
Arquivo CSV criado com sucesso em: dataset\decomposition_based\random_walk\l50\fv_22200
22200. Decomposition 0.475749621013 0.306645136429 0.008888810173 0.006717712045 0.853041524472 0.084895713763 2.538802189157 0.658856750108 0.155460309048 0.527018984264 0.000004527490 0.000385151351 0.000617048699 0.000400821422 0.206993246486 0.127076413332 2.789247226987 0.551433160221 -0.012195705673 0.383035936552 0.486439249639 0.050486385528 0.079459357827 0.010140795405 0.220709388729 0.147128762302 2.659417464587 0.448133953830 -0.102822276972 0.245709494093 
Arquivo CSV criado com sucesso em: dataset\decomposition_based\random_walk\l50\fv_22500
22500. Decomposition 0.475791663906 0.306706056918 0.008778297413 0.006542241073 0.851622061262 0.085091623940 2.564214494595 0.707156705269 0.152148042841 0.521610565046 0.000014847530 0.000365174917 0.000624897379 0.000412688760 0.207437473151 0.127477819027 2.790365756229 0.551961787168 -0.009429079524 0.379446554755 0.487500854701 0.049948589012 0.080158493497 0.009854518841 0.230665341787 0.158683184469 2.613630740945 0.412237856139 -0.099679815706 0.246637659584 
Arquivo CSV criado com sucesso em: dataset\decomposition_based\random_walk\l50\fv_22800
22800. Decomposition 0.469306925377 0.302283503240 0.008329649192 0.005782283215 0.822562859628 0.118812713188 2.473944581337 0.723464899207 0.156039423827 0.494980917839 0.000001055196 0.000300592678 0.000669781010 0.000504751915 0.192624421115 0.135861600349 2.629657967725 0.688938446168 -0.012269029871 0.353631158161 0.482435555556 0.049842140136 0.082570788554 0.011255185409 0.141672545515 0.317515130308 2.551199961253 0.509960304392 -0.098741509710 0.254644689226 
Arquivo CSV criado com sucesso em: dataset\decomposition_based\random_walk\l50\fv_23100
23100. Decomposition 0.464623143876 0.300532410210 0.008488028943 0.006035734840 0.849423966567 0.080993892368 2.513435936092 0.687946003157 0.083171387822 0.536367256504 0.000088036440 0.000366297797 0.000679558172 0.000539628955 0.221731150682 0.128440485784 2.799125324641 0.522789653986 0.026295776656 0.363323498009 0.489824444444 0.047778842831 0.084924814942 0.016281133660 0.207179908045 0.174763838562 2.863481126415 0.763637404781 0.017526014784 0.379905294439 
Arquivo CSV criado com sucesso em: dataset\decomposition_based\random_walk\l50\fv_23400
23400. Decomposition 0.464499108649 0.300326420898 0.008326847244 0.005825587840 0.845630305674 0.082702093284 2.511890199353 0.688987686450 0.106606909365 0.513357357944 0.000106732429 0.000402322835 0.000650839167 0.000475949391 0.207077372160 0.124813139974 2.804376600028 0.524717037923 -0.012883362031 0.353780893975 0.489565185185 0.047678605550 0.081064778292 0.009510956374 0.196809647637 0.191104919110 2.772378371446 0.554561574475 -0.132584738987 0.295685173754 
Arquivo CSV criado com sucesso em: dataset\decomposition_based\random_walk\l50\fv_23700
23700. Decomposition 0.464338057217 0.300059435136 0.008174833471 0.005658190652 0.842546582056 0.085192751591 2.538386387255 0.675327598567 0.132667813159 0.498282186665 0.000098932227 0.000386712186 0.000650464313 0.000475165079 0.192967913554 0.135448543454 2.868247255634 0.582767503645 0.033912202892 0.369515881694 0.489324444444 0.047596720709 0.081067300876 0.009512351313 0.189578684355 0.204536962477 2.730740312065 0.480956280887 -0.093037235999 0.251132216585 
Arquivo CSV criado com sucesso em: dataset\decomposition_based\random_walk\l50\fv_24000
24000. Decomposition 0.464266674875 0.299941272753 0.008073144433 0.005564293340 0.839498302274 0.088540362583 2.562315319072 0.670891948853 0.145127364402 0.495291260515 0.000078997162 0.000350774665 0.000625866875 0.000427036900 0.203964319647 0.126019624723 2.792997386175 0.521133961573 -0.012767140458 0.353751834855 0.489080000000 0.047524663071 0.080304927368 0.009363687327 0.190799619852 0.202168300229 2.748396823116 0.509734040160 -0.102136970666 0.257253714128 
Arquivo CSV criado com sucesso em: dataset\decomposition_based\random_walk\l50\fv_24300
24300. Decomposition 0.463636336524 0.298902477235 0.008645988694 0.006271091901 0.858941527299 0.083658216965 2.567983766695 0.670963048115 0.089154802126 0.529701008866 0.000081537092 0.000354995821 0.000624283791 0.000424192106 0.189611159512 0.139758730047 2.779603428382 0.519765380382 -0.007057871777 0.352745929956 0.489657777778 0.047712973311 0.080082392698 0.009425078685 0.192609065171 0.198730157807 2.755442929789 0.522276370750 -0.106304771182 0.260964590025 
Arquivo CSV criado com sucesso em: dataset\decomposition_based\random_walk\l50\fv_24600
24600. Decomposition 0.463114711397 0.298049175472 0.008943246154 0.006781978797 0.861986698364 0.086506400563 2.506962999657 0.692504980691 0.109478383014 0.511132196441 0.000078185279 0.000349449671 0.000626408309 0.000428017608 0.192540720375 0.135963245545 2.778409405394 0.519794018958 0.004858895368 0.353322434012 0.490665714286 0.048189198637 0.080883694376 0.009426166238 0.212762280566 0.167706638157 2.783432725274 0.577075523021 -0.053305923429 0.258728601764 
Arquivo CSV criado com sucesso em: dataset\decomposition_based\random_walk\l50\fv_24900
24900. Decomposition 0.462483499215 0.297024352173 0.009414992341 0.007735845908 0.862374026415 0.086930827731 2.504607417086 0.694291421832 0.104763224959 0.514856982183 0.000054218767 0.000316340975 0.000641459240 0.000456751237 0.201082453015 0.127736395390 2.783155406590 0.519826130215 -0.007065884332 0.352746760921 0.488955757576 0.047492337291 0.081215158360 0.009604182933 0.211106254902 0.169658398000 2.738398301086 0.492945361523 -0.110675704216 0.265433960721 

Multi adaptive decomposition walk:
Arquivo CSV criado com sucesso em: dataset\decomposition_based\adaptative_walk\l50_r0.25\fv_300
300. Decomposition 0.000028099134 0.000000000000 0.000013728994 0.000000000000 0.678671958862 0.000000000000 1.912857605785 0.000000000000 0.169215355752 0.000000000000 -0.000001168266 0.000000000000 0.000000815418 0.000000000000 -0.597982195305 0.000000000000 2.292905520712 0.000000000000 0.714516225712 0.000000000000 0.360070921986 0.000000000000 0.076575811696 0.000000000000 -0.540273681998 0.000000000000 2.868039874421 0.000000000000 0.371547297940 0.000000000000 
Arquivo CSV criado com sucesso em: dataset\decomposition_based\adaptative_walk\l50_r0.25\fv_600
600. Decomposition 0.000042830336 0.000000000000 0.000026469419 0.000000000000 0.908008592649 0.000000000000 1.743792865466 0.000000000000 0.143860287493 0.000000000000 -0.000002214157 0.000000000000 0.000001314962 0.000000000000 0.522180417936 0.000000000000 2.023818371290 0.000000000000 0.252465899743 0.000000000000 0.296304347826 0.000000000000 0.105800352342 0.000000000000 0.280832622066 0.000000000000 2.014987046472 0.000000000000 0.148165600127 0.000000000000 
Arquivo CSV criado com sucesso em: dataset\decomposition_based\adaptative_walk\l50_r0.25\fv_900
900. Decomposition 0.000041469365 0.000000000000 0.000032660262 0.000000000000 0.911292312009 0.000000000000 1.843629870174 0.000000000000 0.429995659427 0.000000000000 -0.000003020383 0.000000000000 0.000001576442 0.000000000000 0.718871719995 0.000000000000 2.091907571910 0.000000000000 0.496876753432 0.000000000000 0.225802469136 0.000000000000 0.134456460822 0.000000000000 0.647279425178 0.000000000000 1.999408262825 0.000000000000 0.292391604547 0.000000000000 
Arquivo CSV criado com sucesso em: dataset\decomposition_based\adaptative_walk\l50_r0.25\fv_1200
1200. Decomposition 0.000034908438 0.000000000000 0.000034165466 0.000000000000 0.906609721593 0.000000000000 2.183378518460 0.000000000000 0.741729679254 0.000000000000 -0.000003550792 0.000000000000 0.000001655911 0.000000000000 0.786685840076 0.000000000000 2.411852022716 0.000000000000 0.741304051791 0.000000000000 0.180185185185 0.000000000000 0.141122654335 0.000000000000 0.723583847613 0.000000000000 2.167885182662 0.000000000000 0.631010711998 0.000000000000 
Arquivo CSV criado com sucesso em: dataset\decomposition_based\adaptative_walk\l50_r0.25\fv_1500
1500. Decomposition 0.000029532606 0.000000000000 0.000033727421 0.000000000000 0.902967767366 0.000000000000 2.686062950396 0.000000000000 1.023942924921 0.000000000000 -0.000003769194 0.000000000000 0.000001557804 0.000000000000 0.744357169136 0.000000000000 3.027981840692 0.000000000000 1.028863229036 0.000000000000 0.148666666667 0.000000000000 0.141297165183 0.000000000000 0.761345433897 0.000000000000 2.554233301136 0.000000000000 0.896329154335 0.000000000000 
Arquivo CSV criado com sucesso em: dataset\decomposition_based\adaptative_walk\l50_r0.25\fv_1800
1800. Decomposition 0.045949326008 0.045919793401 0.000959786293 0.000926058872 0.820667651790 0.082300115576 2.186629545087 0.499433405308 0.594962962388 0.428979962532 -0.000148894597 0.000145126975 0.000068375132 0.000066817730 0.704809424403 0.038838610959 2.449389904482 0.577501311630 0.493797454877 0.533032762080 0.251378787879 0.102712121212 0.113053678379 0.028243486804 0.319716011164 0.441629422733 2.336775467882 0.217457833254 0.183904762182 0.712424392154 
Arquivo CSV criado com sucesso em: dataset\decomposition_based\adaptative_walk\l50_r0.25\fv_2100
2100. Decomposition 0.044343817903 0.044314285296 0.001831983739 0.001798256318 0.908731382944 0.005763615577 2.212281527351 0.473781423045 0.589967712126 0.433975212795 -0.000193412825 0.000189645203 0.000070551944 0.000068994543 0.660824511836 0.082823523525 2.761310670775 0.265580545338 0.824914688289 0.201915528668 0.229750000000 0.081083333333 0.111240984043 0.030056181141 0.503140776969 0.258204656928 2.334737326117 0.219495975020 0.586558319445 0.309770834890 
Arquivo CSV criado com sucesso em: dataset\decomposition_based\adaptative_walk\l50_r0.25\fv_2400
2400. Decomposition 0.043076005347 0.043046472740 0.002361462158 0.002327734737 0.917492258554 0.014524491188 2.263867681654 0.422195268742 0.677161510364 0.346781414557 -0.000229087598 0.000225319976 0.000078463187 0.000076905786 0.699333109176 0.044314926186 2.906909625894 0.119981590219 0.883112418190 0.143717798767 0.205521963824 0.056855297158 0.120780065797 0.020517099386 0.589739969500 0.171605464397 2.425454800820 0.128778500316 0.566084170937 0.330244983398 
Arquivo CSV criado com sucesso em: dataset\decomposition_based\adaptative_walk\l50_r0.25\fv_2700
2700. Decomposition 0.042093851498 0.042064318892 0.002669074540 0.002635347119 0.918999939953 0.016032172587 2.339565345768 0.346497604627 0.766607596419 0.257335328501 -0.000265758877 0.000261991255 0.000094069056 0.000092511655 0.755594327277 0.011946291915 2.833158033469 0.193733182644 0.767666845408 0.259163371549 0.184052325581 0.035385658915 0.128571900667 0.012725264516 0.697324425394 0.064021008503 2.362626048771 0.191607252365 0.624314077657 0.272015076679 
Arquivo CSV criado com sucesso em: dataset\decomposition_based\adaptative_walk\l50_r0.25\fv_3000
3000. Decomposition 0.041337184622 0.041307652015 0.002831813829 0.002798086408 0.918519154332 0.015551386966 2.446925860352 0.239137090044 0.850870806555 0.173072118366 -0.000284840740 0.000281073118 0.000094829144 0.000093271743 0.760064800870 0.016416765508 2.980758417252 0.046132798861 0.832613007761 0.194217209196 0.171162790698 0.022496124031 0.128969122022 0.012328043162 0.716913095964 0.044432337933 2.457746175247 0.096487125889 0.762938802831 0.133390351505 
Arquivo CSV criado com sucesso em: dataset\decomposition_based\adaptative_walk\l50_r0.25\fv_3300
3300. Decomposition 0.040739331762 0.040709799156 0.002913992620 0.002880265199 0.918810757621 0.015842990254 2.573599120757 0.112463829638 0.926134837606 0.097808087314 -0.000302190218 0.000298422596 0.000095324644 0.000093767242 0.758521639836 0.014873604475 3.051714455555 0.024823239442 0.933811242383 0.093018974574 0.161090439276 0.012423772610 0.128665868652 0.012631296532 0.734983209404 0.026362224493 2.604822396271 0.050589095134 0.872881115802 0.023448038533 
Arquivo CSV criado com sucesso em: dataset\decomposition_based\adaptative_walk\l50_r0.25\fv_3600
3600. Decomposition 0.040260888612 0.040231356005 0.002944179500 0.002910452079 0.918768993102 0.015801225735 2.714067343909 0.028004393513 0.996191182010 0.027751742911 -0.000316977354 0.000313209731 0.000096835245 0.000095277843 0.753019453333 0.009371417972 3.156439492751 0.129548276638 0.953960054008 0.072870162949 0.151830564784 0.003163898117 0.129074848073 0.012222317110 0.750048697939 0.011296735958 2.743216509980 0.188983208844 0.939962987518 0.043633833182 
Arquivo CSV criado com sucesso em: dataset\decomposition_based\adaptative_walk\l50_r0.25\fv_3900
3900. Decomposition 0.095715940224 0.085229282798 0.002858022668 0.002381448467 0.606956013497 0.441010177579 2.358980871073 0.613119658834 0.768860623158 0.368644749488 -0.000181284497 0.000332002997 0.000127342733 0.000089078869 0.239143640385 0.726443405404 2.600361495209 0.784595922119 0.833390274061 0.173823411918 0.270000000000 0.173638003843 0.122109766770 0.014334163177 0.340227242165 0.594130946857 2.362325860141 0.640285147859 0.870528026533 0.124246392811 
Arquivo CSV criado com sucesso em: dataset\decomposition_based\adaptative_walk\l50_r0.25\fv_4200
4200. Decomposition 0.092615470959 0.081197145848 0.004627001496 0.003362243784 0.907576936090 0.020253303884 2.444184796194 0.494022317434 0.703343690590 0.461294051080 -0.000324980772 0.000262386275 0.000168261030 0.000126249134 0.590380029288 0.229803042612 2.769607366038 0.548102008411 0.770815141046 0.258052651379 0.236843033510 0.126748453948 0.116900103246 0.020462851699 0.587226887055 0.244821506983 3.008695844260 0.361649385813 0.887981061946 0.101695572432 
Arquivo CSV criado com sucesso em: dataset\decomposition_based\adaptative_walk\l50_r0.25\fv_4500
4500. Decomposition 0.089909337546 0.077709058833 0.005962474424 0.004883582164 0.925812673787 0.016323077276 2.463322904928 0.467369889752 0.744467342770 0.403139657611 -0.000397402979 0.000281593828 0.000184673894 0.000145021409 0.704858873704 0.068193971692 2.911205831521 0.353209408817 0.899095466137 0.094211285066 0.222994708995 0.107164968389 0.116614478042 0.020822096191 0.627458803390 0.187925401261 3.277105370056 0.711289054208 0.981485456386 0.061600859341 
Arquivo CSV criado com sucesso em: dataset\decomposition_based\adaptative_walk\l50_r0.25\fv_4800
4800. Decomposition 0.087643891656 0.074814489463 0.006903331126 0.006080350352 0.926005160544 0.016493024128 2.472080772899 0.455189616816 0.795730998017 0.330647524069 -0.000457800996 0.000322572485 0.000207981877 0.000173535375 0.747840803267 0.010231948971 2.988650118818 0.250222242336 0.809981232693 0.204912656450 0.206114890401 0.083295159984 0.123941309754 0.012501427578 0.725365123958 0.049469965156 2.937893953294 0.282608967099 0.825809440625 0.184533476573 
Arquivo CSV criado com sucesso em: dataset\decomposition_based\adaptative_walk\l50_r0.25\fv_5100
5100. Decomposition 0.085888013204 0.072588871289 0.007427409749 0.006768677722 0.926517923358 0.016958760903 2.517958783034 0.391593792643 0.853631827847 0.248773677342 -0.000503652342 0.000364131044 0.000218407265 0.000186763901 0.762750191708 0.015941749354 2.995301807871 0.241644855559 0.857179296445 0.143158735429 0.191175778954 0.062170903525 0.130063312756 0.009448513795 0.771411746290 0.015678063575 2.782114195169 0.196012471185 0.790681418312 0.232992257639 
Arquivo CSV criado com sucesso em: dataset\decomposition_based\adaptative_walk\l50_r0.25\fv_5400
5400. Decomposition 0.084509532120 0.070853608619 0.007707708889 0.007141166021 0.926084105376 0.016563514127 2.583287508928 0.301980842565 0.908674215217 0.170950911832 -0.000538313418 0.000399682584 0.000224743422 0.000194909969 0.758254624866 0.010744547045 3.056012596232 0.167525398378 0.874693221745 0.121593652166 0.179841269841 0.046145373350 0.132976994177 0.010489782977 0.782289650102 0.031051107284 2.754449398841 0.203003138381 0.823767890666 0.187332287690 
Arquivo CSV criado com sucesso em: dataset\decomposition_based\adaptative_walk\l50_r0.25\fv_5700
5700. Decomposition 0.083409000058 0.069476390252 0.007844559120 0.007323937858 0.925764334786 0.016280835045 2.662721483339 0.196513825772 0.958506170103 0.100520299493 -0.000575684954 0.000440917599 0.000236921216 0.000210752073 0.771254927212 0.027159708848 3.044606101903 0.180659853975 0.861066952181 0.138279169261 0.171164021164 0.033879350933 0.134075591491 0.011255187475 0.783296361270 0.032474336847 2.781483569046 0.196087676068 0.872202393338 0.122047199550 
Arquivo CSV criado com sucesso em: dataset\decomposition_based\adaptative_walk\l50_r0.25\fv_6000
6000. Decomposition 0.082519353142 0.068368695485 0.007889953474 0.007384685935 0.925674769206 0.016203037186 2.751898551662 0.098319786532 1.004592891686 0.035533079631 -0.000600388459 0.000469454804 0.000239262393 0.000213822168 0.767968805255 0.022727285173 3.091554332459 0.130966400546 0.887128316150 0.107126594394 0.164158730159 0.023980857964 0.134266600279 0.011404633775 0.789150759626 0.040751601605 2.843003735442 0.207522494293 0.925255549305 0.059498653529 
Arquivo CSV criado com sucesso em: dataset\decomposition_based\adaptative_walk\l50_r0.25\fv_6300
6300. Decomposition 0.081800321352 0.067477287535 0.007868654856 0.007356176194 0.925590342116 0.016130269836 2.850339479852 0.121024746791 1.049042240468 0.027991737330 -0.000617423976 0.000489617540 0.000235557868 0.000208967639 0.769930954411 0.025364643506 3.186464349469 0.113021442343 0.945300277060 0.064896654358 0.157805788982 0.015013817544 0.134636087930 0.011706005824 0.794279309691 0.048003219359 2.902763744918 0.249086646545 0.961960337352 0.047675327497 
Arquivo CSV criado com sucesso em: dataset\decomposition_based\adaptative_walk\l50_r0.25\fv_6600
6600. Decomposition 0.136070657749 0.111056692088 0.006410701506 0.006795700941 0.444115093016 0.833875972814 2.439433054156 0.849442081120 0.807687395141 0.469935386903 -0.000518383282 0.000481769917 0.000281411555 0.000198324379 0.332406598939 0.769842304803 2.656734739855 0.963166920808 0.720362880687 0.419977987467 0.251557896034 0.169542156052 0.117485944549 0.032112223322 0.348850015085 0.780157885693 2.453183287067 0.873886669409 0.733719371226 0.426648776745 
Arquivo CSV criado com sucesso em: dataset\decomposition_based\adaptative_walk\l50_r0.25\fv_6900
6900. Decomposition 0.132372185230 0.105646700255 0.008567161910 0.006457595338 0.906582061325 0.035569234672 2.620089436356 0.547153085067 0.851712655443 0.394381341939 -0.000608471813 0.000441445796 0.000263269972 0.000188512261 0.696205318567 0.142302740792 2.895131601491 0.555219761142 0.849218280831 0.201363745288 0.223783505790 0.121512205813 0.122288409431 0.024394481951 0.639516279510 0.279242847939 2.658978660175 0.540940222423 0.876164876900 0.184041547601 
Arquivo CSV criado com sucesso em: dataset\decomposition_based\adaptative_walk\l50_r0.25\fv_7200
7200. Decomposition 0.129610100822 0.101681941937 0.009745979748 0.007144653330 0.920986035011 0.015930300787 2.668455368698 0.468594634486 0.892215292051 0.325161390986 -0.000675401736 0.000445807366 0.000282093709 0.000198780798 0.779753684539 0.030315037680 3.051172236161 0.295764648245 0.864670926217 0.175919376996 0.209615387323 0.097040706234 0.125323585781 0.019769600930 0.733622785659 0.121634973380 2.894932756909 0.255381675140 0.890823629574 0.159792200583 
Arquivo CSV criado com sucesso em: dataset\decomposition_based\adaptative_walk\l50_r0.25\fv_7500
7500. Decomposition 0.127514023831 0.098721655233 0.010446198501 0.007781036933 0.923648509824 0.014252785966 2.704415889929 0.411520903173 0.935526435527 0.251713657855 -0.000747256862 0.000482510152 0.000322816207 0.000235354952 0.804187943695 0.056399751996 3.000277913025 0.378730027290 0.745191855508 0.377437677341 0.196917652131 0.075146803424 0.130214617695 0.013341470181 0.773373199019 0.063795937137 2.884861241079 0.260961879552 0.838224796977 0.247866940492 
Arquivo CSV criado com sucesso em: dataset\decomposition_based\adaptative_walk\l50_r0.25\fv_7800
7800. Decomposition 0.125892694206 0.096463268403 0.010864896763 0.008223724329 0.925130491546 0.013906290857 2.754706650710 0.334833838290 0.971972925652 0.190855364278 -0.000802079223 0.000528815343 0.000342827207 0.000258535250 0.796812297306 0.046051038136 2.952615874429 0.458185929177 0.779424496608 0.318990190785 0.184569153069 0.053932560605 0.136312893486 0.010661358774 0.799872753506 0.046763268513 2.847721513884 0.289804129699 0.781065243025 0.345364889435 
Arquivo CSV criado com sucesso em: dataset\decomposition_based\adaptative_walk\l50_r0.25\fv_8100
8100. Decomposition 0.124631971690 0.094727506339 0.011085300006 0.008472415823 0.925620791551 0.013894529386 2.813752509294 0.253537807008 1.008255650531 0.132398034676 -0.000837447201 0.000565178534 0.000344234287 0.000260261201 0.798217446012 0.047932421407 2.969482288650 0.429935050193 0.856678090079 0.189034877877 0.178322377741 0.043266144656 0.135229203623 0.010430415451 0.794987496885 0.047087009866 2.855333452426 0.282942360001 0.885411098913 0.168706850265 
Arquivo CSV criado com sucesso em: dataset\decomposition_based\adaptative_walk\l50_r0.25\fv_8400
8400. Decomposition 0.123609838016 0.093334039768 0.011208539676 0.008615718176 0.926227035596 0.013951629501 2.877287052030 0.190203009101 1.039683415752 0.086863142129 -0.000867427032 0.000599186753 0.000348524798 0.000265592853 0.798569491028 0.048411496020 3.038498458824 0.316162454185 0.873266557744 0.161950136724 0.172575225944 0.033539700240 0.135191608698 0.010428377029 0.800469798703 0.046828512503 2.907932834537 0.249800879449 0.939068319893 0.084833648146 
Arquivo CSV criado com sucesso em: dataset\decomposition_based\adaptative_walk\l50_r0.25\fv_8700
8700. Decomposition 0.122743988889 0.092163758028 0.011290519438 0.008712634933 0.926790631131 0.014074945040 2.939428436503 0.179215612408 1.064761866285 0.061882946714 -0.000899415205 0.000638139596 0.000358842893 0.000278808553 0.791067673061 0.039000427373 3.072695616433 0.261700593378 0.858466153186 0.186091668708 0.166162247475 0.022918632131 0.136712998235 0.010827926604 0.809418961511 0.050405646276 2.927386124523 0.245103300636 0.945154828084 0.076651516791 
Arquivo CSV criado com sucesso em: dataset\decomposition_based\adaptative_walk\l50_r0.25\fv_9000
9000. Decomposition 0.174689666889 0.133132689895 0.009056130120 0.009040195160 0.741647015814 0.371039631256 2.992399585217 0.216682249609 1.085263296271 0.059960799297 -0.000984150397 0.000607281026 0.000287312769 0.000288094410 0.634165361245 0.319184864518 3.093852798983 0.229193722067 0.893191364763 0.130353808435 0.206499906443 0.090247647596 0.109714425156 0.055740859987 0.649917968512 0.328342502157 2.960231337775 0.247595601927 0.963711365390 0.056735951091 
Arquivo CSV criado com sucesso em: dataset\decomposition_based\adaptative_walk\l50_r0.25\fv_9300
9300. Decomposition 0.170883780716 0.127208408705 0.011211697674 0.007827439808 0.880807768194 0.093364632129 2.807621428232 0.417292256137 0.944082516209 0.287409618137 -0.001004916870 0.000617525869 0.000425218302 0.000282535116 0.779844772513 0.044713177718 3.168114358059 0.253146057472 0.487124943492 0.820459289810 0.196096976040 0.069797391743 0.129379306633 0.018407373308 0.579924791231 0.467316408189 3.000624645581 0.235731506033 0.596052921624 0.737065871960 
Arquivo CSV criado com sucesso em: dataset\decomposition_based\adaptative_walk\l50_r0.25\fv_9600
9600. Decomposition 0.168156108260 0.123076710582 0.012509196501 0.008177833535 0.916854074334 0.024018267671 2.784050676217 0.459562867693 0.925980952522 0.323047516757 -0.001026410859 0.000630840021 0.000395260687 0.000259961094 0.674183077469 0.239851931936 3.050377816685 0.222674888865 0.618200058910 0.562205092007 0.191146849244 0.060152049916 0.126641512583 0.023213299936 0.647965353401 0.332207960227 2.875580097051 0.278758310906 0.741809096543 0.446696364653 
Arquivo CSV criado com sucesso em: dataset\decomposition_based\adaptative_walk\l50_r0.25\fv_9900
9900. Decomposition 0.166081151701 0.120004540525 0.013261426636 0.008734745491 0.922817439748 0.015241045490 2.798962921354 0.432703050073 0.958847970964 0.258456139127 -0.001107703454 0.000703025215 0.000433028176 0.000290169803 0.761550306027 0.072252579996 2.812194166736 0.599458213944 0.737651299172 0.332211589675 0.180535577742 0.039898943746 0.131250049598 0.015383063430 0.738453003125 0.155182436063 2.788027449025 0.409462553692 0.785166555009 0.360677379071 
Arquivo CSV criado com sucesso em: dataset\decomposition_based\adaptative_walk\l50_r0.25\fv_10200
10200. Decomposition 0.164491609037 0.117695816131 0.013691105315 0.009149165636 0.924320331157 0.013796018643 2.832957228816 0.373160043273 0.991790773101 0.194485702080 -0.001153090134 0.000755645398 0.000439999556 0.000297512490 0.771074763546 0.056650810718 2.848599497633 0.531620670290 0.801482864381 0.217337268935 0.174121694385 0.028353322815 0.132197636560 0.013984184730 0.760057476867 0.114753443867 2.805014241178 0.381329587074 0.841114829294 0.250389331177 
Arquivo CSV criado com sucesso em: dataset\decomposition_based\adaptative_walk\l50_r0.25\fv_10500
10500. Decomposition 0.163291947030 0.115980644965 0.013886603035 0.009357789287 0.924915929350 0.013367909579 2.882125582318 0.293602419434 1.026156493618 0.129810224719 -0.001191055426 0.000804899221 0.000446617957 0.000304910039 0.780281765592 0.044216145486 2.902488798046 0.434171087482 0.833556793875 0.166789749321 0.167473952449 0.018288939924 0.134305876539 0.011398574127 0.782191690201 0.076550712244 2.802837719499 0.384881631115 0.860673190829 0.212232505013 
Arquivo CSV criado com sucesso em: dataset\decomposition_based\adaptative_walk\l50_r0.25\fv_10800
10800. Decomposition 0.218513353009 0.163081573838 0.012870015437 0.008912639042 0.770814780578 0.345356394311 2.675706046020 0.574392735519 0.878266854923 0.378446267399 -0.001115177790 0.000790811645 0.000425361231 0.000292560080 0.497852827728 0.645115259729 2.686180033058 0.642847897048 0.631053873906 0.476660911722 0.210921867737 0.103469418972 0.122023294105 0.029992939400 0.643675432117 0.321244436489 2.598659152605 0.591051375775 0.648935634592 0.529389876049 
Arquivo CSV criado com sucesso em: dataset\decomposition_based\adaptative_walk\l50_r0.25\fv_11100
11100. Decomposition 0.214596776477 0.156493448202 0.014873975964 0.008843349265 0.912194277248 0.031419529234 2.723749298184 0.478014958898 0.906502265882 0.317590416515 -0.001148022701 0.000773995202 0.000453407955 0.000285721554 0.709995214906 0.173461878866 2.826127246090 0.423289914071 0.773424618265 0.202824190477 0.205325159918 0.091095387406 0.122598870640 0.028784430226 0.617402657814 0.378896390393 2.805903719514 0.329713513293 0.640639521790 0.546963329537 
Arquivo CSV criado com sucesso em: dataset\decomposition_based\adaptative_walk\l50_r0.25\fv_11400
11400. Decomposition 0.211636461347 0.151659608972 0.016112579475 0.009875507879 0.922518273753 0.013440312583 2.751902647828 0.424012988467 0.927659872996 0.272669881730 -0.001250637509 0.000765739597 0.000524656260 0.000327053194 0.794194443693 0.040135366858 2.786809649521 0.474505356894 0.655795024475 0.424640228786 0.195884830700 0.070336124135 0.127690821878 0.018558824113 0.790984263766 0.068766597043 2.712683958073 0.404723631400 0.681265581727 0.461636373040 
Arquivo CSV criado com sucesso em: dataset\decomposition_based\adaptative_walk\l50_r0.25\fv_11700
11700. Decomposition 0.209195175624 0.147777442613 0.017065004115 0.011082254335 0.925813462999 0.012149068775 2.768280375444 0.393823119356 0.938388305633 0.250228656604 -0.001323800125 0.000800996734 0.000551101007 0.000359557474 0.802132644870 0.050823095885 2.737465960695 0.552028952073 0.717370133203 0.300340851744 0.188435095250 0.054145541488 0.130043818627 0.014432956429 0.797285383542 0.073187506760 2.636797932411 0.522313624583 0.760979261761 0.303659754862 
Arquivo CSV criado com sucesso em: dataset\decomposition_based\adaptative_walk\l50_r0.25\fv_12000
12000. Decomposition 0.207276293214 0.144797422564 0.017617773620 0.011901879773 0.926041371835 0.012220035534 2.785371326932 0.363580962362 0.963237279325 0.199638478593 -0.001381764448 0.000850507459 0.000566180654 0.000380970816 0.803806812614 0.053558145992 2.747994510792 0.534520690472 0.761223315439 0.221681446131 0.181065900659 0.038524228259 0.133233213759 0.010591961934 0.805145628663 0.081827984547 2.658691050638 0.485233638847 0.771996736716 0.283720948679 
Arquivo CSV criado com sucesso em: dataset\decomposition_based\adaptative_walk\l50_r0.25\fv_12300
12300. Decomposition 0.205765935782 0.142498885002 0.017920558975 0.012380182244 0.926308381158 0.012329481021 2.815796756915 0.314074926461 0.987853982463 0.152963416334 -0.001435227631 0.000910256521 0.000585096629 0.000410177264 0.811867297614 0.068083196102 2.797986490215 0.458815500997 0.760985494106 0.222066396480 0.175304583786 0.027029492692 0.134930179295 0.010124583565 0.808380595915 0.086177316217 2.673986956360 0.460645152820 0.796596635420 0.242339829889 
Arquivo CSV criado com sucesso em: dataset\decomposition_based\adaptative_walk\l50_r0.25\fv_12600
12600. Decomposition 0.265415185914 0.197433317652 0.016914422974 0.011910967519 0.793732841187 0.325199053756 2.643329495494 0.537665351405 0.869567899202 0.341016035940 -0.001308551614 0.000941830315 0.000647385697 0.000411612583 0.680527804536 0.320248453140 2.614812902092 0.620303812947 0.745949543755 0.198867866549 0.212774299330 0.100355201738 0.121697481132 0.035605834957 0.621880134104 0.465011023316 2.515811971680 0.583624622399 0.588357228589 0.570338130483 
Arquivo CSV criado com sucesso em: dataset\decomposition_based\adaptative_walk\l50_r0.25\fv_12900
12900. Decomposition 0.260714144173 0.188974716785 0.019344967704 0.012051472405 0.915515434339 0.029048473908 2.681617503512 0.458615570678 0.889877814936 0.295194225332 -0.001365646821 0.000897073110 0.000699391500 0.000470848861 0.720040271752 0.225761908778 2.624836588323 0.602520204306 0.696388622451 0.267387144556 0.206243687085 0.084764758877 0.132307825726 0.012689753374 0.747723983822 0.169976083260 2.559242952553 0.513517068698 0.690031884583 0.351966308073 
Arquivo CSV criado com sucesso em: dataset\decomposition_based\adaptative_walk\l50_r0.25\fv_13200
13200. Decomposition 0.256966397296 0.182471226891 0.021075273354 0.013814199186 0.925981729763 0.011509721155 2.706358414490 0.410845778323 0.893309584631 0.287580626688 -0.001413958274 0.000875015476 0.000674654334 0.000439074878 0.727017447685 0.209295675882 2.736218576398 0.450026246647 0.774179215776 0.185815290183 0.204420557834 0.080440913274 0.130035619794 0.016863086244 0.733987596413 0.200253541140 2.602714430796 0.457577105630 0.743747492668 0.259918061969 
Arquivo CSV criado com sucesso em: dataset\decomposition_based\adaptative_walk\l50_r0.25\fv_13500
13500. Decomposition 0.253825383302 0.177203169438 0.022349877045 0.015728913784 0.927539059472 0.011788914250 2.708174896424 0.407473026312 0.909049171696 0.253304241620 -0.001491556101 0.000872634259 0.000703793411 0.000477088095 0.758302599779 0.137350489947 2.807061505545 0.421771889126 0.725198658754 0.222120800827 0.196195096220 0.061186862979 0.134845020551 0.009824810530 0.782899333999 0.102517632978 2.700012615242 0.412274816791 0.669289836314 0.393567712080 
Arquivo CSV criado com sucesso em: dataset\decomposition_based\adaptative_walk\l50_r0.25\fv_13800
13800. Decomposition 0.251448810620 0.173337812236 0.022988510631 0.016824752346 0.927208311377 0.011625956247 2.725521960883 0.376392744788 0.936209143408 0.197894804718 -0.001556818715 0.000902181368 0.000724479327 0.000508449013 0.782519074839 0.087320559730 2.786921129963 0.422808853961 0.726256385590 0.220711775969 0.190310202580 0.047865410735 0.136190138471 0.009677968143 0.795817276778 0.086526178221 2.623364633385 0.437626081739 0.722846866266 0.292159867779 
Arquivo CSV criado com sucesso em: dataset\decomposition_based\adaptative_walk\l50_r0.25\fv_14100
14100. Decomposition 0.249658995778 0.170500159272 0.023254127462 0.017301749638 0.927029865064 0.011560684009 2.758412686739 0.324642667517 0.963056889183 0.152147903839 -0.001614348376 0.000950022841 0.000740357378 0.000534534920 0.793711709729 0.069337245750 2.776966040263 0.425438409847 0.737630894680 0.207007804969 0.184883142868 0.036328045049 0.137872802594 0.010984034710 0.806561492881 0.080608823222 2.615120930230 0.445008828429 0.740780187541 0.264131062932 
Arquivo CSV criado com sucesso em: dataset\decomposition_based\adaptative_walk\l50_r0.25\fv_14400
14400. Decomposition 0.248283965041 0.168365186002 0.023318573642 0.017419177176 0.926928077710 0.011530710231 2.800677644656 0.278985860525 0.987916388747 0.126625450705 -0.001671496828 0.001014835189 0.000764090569 0.000576224975 0.802758189254 0.060242664143 2.786350313915 0.422922076158 0.719904666523 0.229482847230 0.180602661444 0.028335418776 0.138572686059 0.011911277314 0.810696845743 0.080537691929 2.620914509019 0.439736430871 0.767894149219 0.231342560059 
Arquivo CSV criado com sucesso em: dataset\decomposition_based\adaptative_walk\l50_r0.25\fv_14700
14700. Decomposition 0.247198148779 0.166708034993 0.023279976622 0.017348772394 0.926908930406 0.011525665861 2.848523623796 0.269263464769 1.010448932343 0.126460259558 -0.001709765477 0.001066337431 0.000766084216 0.000579855949 0.801294694165 0.061263696725 2.785470242008 0.423105634102 0.747102353995 0.197878991797 0.177218743775 0.023450618442 0.138862646395 0.012344875998 0.813002738962 0.081049646483 2.644303094743 0.422648636556 0.788212738109 0.217089133121 
Arquivo CSV criado com sucesso em: dataset\decomposition_based\adaptative_walk\l50_r0.25\fv_15000
15000. Decomposition 0.301946413764 0.212836158691 0.023431475621 0.016233239949 0.900249228523 0.071354143421 2.718489111784 0.426383374413 0.904787486966 0.303551576944 -0.001508811067 0.001129044486 0.000854974949 0.000590986752 0.695218274269 0.285474170346 2.607318830964 0.617791004957 0.642904997031 0.332163645764 0.212440138176 0.095734092321 0.132680249248 0.020022505072 0.680581473672 0.358462906104 2.526944159643 0.502707393790 0.670824910066 0.371074177843 
Arquivo CSV criado com sucesso em: dataset\decomposition_based\adaptative_walk\l50_r0.25\fv_15300
15300. Decomposition 0.297871978013 0.205651359342 0.025124098088 0.016945881609 0.919533229588 0.022294451995 2.736255591547 0.389446709105 0.934946056603 0.232159346801 -0.001668782521 0.001002497335 0.000892568303 0.000637306485 0.749736897123 0.147105077854 2.678579340602 0.488125085969 0.714461793433 0.204278208994 0.203532309894 0.072993262706 0.134870218553 0.015650010495 0.733189036689 0.224364667538 2.546854201072 0.471992472799 0.738596565697 0.241803809332 
Arquivo CSV criado com sucesso em: dataset\decomposition_based\adaptative_walk\l50_r0.25\fv_15600
15600. Decomposition 0.294586792488 0.200093497352 0.026498068234 0.018326216495 0.925621580756 0.011306490866 2.753809502600 0.355296094905 0.932675635283 0.237347788573 -0.001777517785 0.001013004953 0.000920114380 0.000678534050 0.777456746632 0.084640120952 2.767392378299 0.398824935421 0.712738696315 0.206250446515 0.195697713934 0.053586345595 0.137814096030 0.011876138810 0.774869075479 0.126202807337 2.618747811712 0.401091502865 0.723964225517 0.264824148910 
Arquivo CSV criado com sucesso em: dataset\decomposition_based\adaptative_walk\l50_r0.25\fv_15900
15900. Decomposition 0.292086015536 0.196015476146 0.027226704199 0.019297513458 0.925648190362 0.011285482269 2.763304331577 0.338047712817 0.954913244790 0.188633668087 -0.001838816811 0.001054077162 0.000910601621 0.000663681641 0.779762148223 0.080277999886 2.816756030812 0.403465540273 0.771981753926 0.196355147516 0.190334708884 0.041053499879 0.138399051947 0.011612532310 0.790695547498 0.096079082440 2.619597706114 0.400718579337 0.772671164896 0.207189559920 
Arquivo CSV criado com sucesso em: dataset\decomposition_based\adaptative_walk\l50_r0.25\fv_16200
16200. Decomposition 0.290279670514 0.193157307446 0.027489974945 0.019683140421 0.925755564677 0.011204803406 2.793352984121 0.291112621080 0.980566583057 0.142280905899 -0.001877838254 0.001092028486 0.000900615410 0.000648775042 0.782849148741 0.074818404012 2.898399351280 0.493774308108 0.805651455592 0.241225165245 0.186902259389 0.033728080136 0.138603046835 0.011567982170 0.789835414753 0.097493532722 2.661970824515 0.398105421919 0.783200742264 0.203500788624 
Arquivo CSV criado com sucesso em: dataset\decomposition_based\adaptative_walk\l50_r0.25\fv_16500
16500. Decomposition 0.288872046447 0.190983295193 0.027592671784 0.019838165051 0.925922311861 0.011092779855 2.831453889636 0.255889805477 1.001690475718 0.120541057440 -0.001940992607 0.001170262847 0.000923678413 0.000684254018 0.794472423967 0.060053329292 2.885526733142 0.474173549087 0.772241577085 0.196586096355 0.183054616291 0.026825210592 0.139344491009 0.011617731603 0.800036581914 0.083215161754 2.674469599416 0.403327425628 0.794384807217 0.203723811357 
Arquivo CSV criado com sucesso em: dataset\decomposition_based\adaptative_walk\l50_r0.25\fv_16800
16800. Decomposition 0.287754672402 0.189291954592 0.027595853624 0.019843008232 0.926084150470 0.010999894792 2.873495998739 0.260394505221 1.020510557892 0.121251089695 -0.001980583125 0.001228389551 0.000925770718 0.000687650061 0.793797649389 0.060582965217 2.907736001746 0.508945536550 0.783305512142 0.208296493032 0.179980835327 0.023121291385 0.139713845791 0.011765128595 0.804523329474 0.079064639647 2.696714929428 0.418965260063 0.805783700519 0.208321629444 
Arquivo CSV criado com sucesso em: dataset\decomposition_based\adaptative_walk\l50_r0.25\fv_17100
17100. Decomposition 0.286840303112 0.187931172550 0.027549121626 0.019772116960 0.926161040651 0.010961351442 2.917313773827 0.310748378864 1.037294020055 0.137977475448 -0.002020993723 0.001293787067 0.000931994584 0.000697913983 0.798133389731 0.058059128483 2.913679705532 0.518985136486 0.787960402034 0.214229829989 0.177305984136 0.021937259248 0.139962534618 0.011908599695 0.808503138483 0.076743985933 2.718842560918 0.441809699257 0.816970379812 0.216854199748 
Arquivo CSV criado com sucesso em: dataset\decomposition_based\adaptative_walk\l50_r0.25\fv_17400
17400. Decomposition 0.341284324633 0.234749017615 0.027385846728 0.018647050105 0.909315199158 0.048755103261 2.771033084405 0.506970887481 0.923645945196 0.346770174294 -0.001938354418 0.001240169131 0.000963526225 0.000662793614 0.737987635593 0.177463672298 2.751886643484 0.679071111907 0.665520652812 0.407656230531 0.206996000236 0.086485538147 0.132760062955 0.023260746701 0.785358506539 0.097573699858 2.584984318300 0.562895745159 0.766023079545 0.250131326554 
Arquivo CSV criado com sucesso em: dataset\decomposition_based\adaptative_walk\l50_r0.25\fv_17700
17700. Decomposition 0.337128578926 0.227211740259 0.029280516689 0.019273843389 0.922516314647 0.014597030876 2.792781777579 0.458149434886 0.956666877524 0.262542117248 -0.002059953430 0.001223609420 0.001014443661 0.000697550392 0.769651986021 0.096366407305 2.766593476938 0.651236449745 0.708866994389 0.307868007467 0.197330528312 0.060296192387 0.139262308406 0.011400880957 0.785949573855 0.096460049871 2.689048781380 0.424980871779 0.683093933517 0.430329971380 
Arquivo CSV criado com sucesso em: dataset\decomposition_based\adaptative_walk\l50_r0.25\fv_18000
18000. Decomposition 0.334253008037 0.222210724635 0.030157594422 0.020048248070 0.924048689600 0.011937223504 2.821730016744 0.398654232281 0.984383515292 0.198289300118 -0.002135569745 0.001261408122 0.001016301444 0.000699346852 0.779631292716 0.074915864683 2.810977723340 0.577356542423 0.772112033139 0.211033942952 0.192133395696 0.046760976563 0.138946722853 0.011589328753 0.791088033113 0.087530121456 2.657690395221 0.451025593442 0.757148190864 0.265386916805 
Arquivo CSV criado com sucesso em: dataset\decomposition_based\adaptative_walk\l50_r0.25\fv_18300
18300. Decomposition 0.332098068590 0.218586395104 0.030664753042 0.020619323002 0.924718350062 0.011110892780 2.853295348222 0.344415491095 1.002352478101 0.163370025587 -0.002198375046 0.001318603792 0.001026614491 0.000709944290 0.788107907407 0.061180777657 2.864646004130 0.515445769150 0.788635524122 0.204822012298 0.187703885540 0.035954174856 0.139146441933 0.011462356249 0.797856828131 0.078370826170 2.677514026645 0.432633527302 0.803665009647 0.207886806434 
Arquivo CSV criado com sucesso em: dataset\decomposition_based\adaptative_walk\l50_r0.25\fv_18600
18600. Decomposition 0.330328379118 0.215693281012 0.031053812606 0.021113078388 0.925612359481 0.010450334803 2.879698629829 0.311695929447 1.012529962537 0.147744857053 -0.002232520847 0.001358465210 0.001019293818 0.000702313453 0.789468310617 0.059583085873 2.928236106431 0.495148530446 0.820643921870 0.222205570039 0.183741519949 0.027551784521 0.139794177859 0.011237628958 0.803468340728 0.073742989559 2.707877988270 0.417695058399 0.820416266909 0.204684279784 
Arquivo CSV criado com sucesso em: dataset\decomposition_based\adaptative_walk\l50_r0.25\fv_18900
18900. Decomposition 0.328898493070 0.213412792907 0.031282546325 0.021424446037 0.925911284518 0.010358576847 2.904802088154 0.295105910136 1.023827178715 0.135548223718 -0.002274302368 0.001414701864 0.001030518655 0.000714225997 0.787912148548 0.061427100910 2.958683666724 0.508189265905 0.802026612693 0.207516784231 0.180506553800 0.022577002239 0.140365633443 0.011285276333 0.806976019157 0.072483734376 2.737932670121 0.420027195714 0.823832588879 0.205371323689 
Arquivo CSV criado com sucesso em: dataset\decomposition_based\adaptative_walk\l50_r0.25\fv_19200
19200. Decomposition 0.380058309011 0.254059951711 0.031286389440 0.020325017395 0.907526850634 0.056021931294 2.773149063011 0.484119220484 0.939485127576 0.283827805492 -0.002228065731 0.001350234551 0.001063178930 0.000685024212 0.634260960803 0.466028745618 2.883230019312 0.529343019865 0.656730918207 0.475000925960 0.200455898420 0.063565211272 0.131866819340 0.027653033939 0.659611750574 0.447408707411 2.637107267003 0.500272343680 0.727317077672 0.348994036719 
Arquivo CSV criado com sucesso em: dataset\decomposition_based\adaptative_walk\l50_r0.25\fv_19500
19500. Decomposition 0.376324638046 0.247454382068 0.032622508564 0.020718727963 0.918682648788 0.023808584028 2.818269348415 0.381798354892 0.972641624291 0.200288885595 -0.002354714200 0.001364091545 0.001094458547 0.000704336869 0.776747013204 0.067469044548 2.841258554303 0.593051048705 0.757643847020 0.235392783899 0.192733676198 0.042476718638 0.135044566443 0.019220965163 0.783260544968 0.098946025784 2.645678608469 0.485157569916 0.786057810742 0.225393095067 
Arquivo CSV criado com sucesso em: dataset\decomposition_based\adaptative_walk\l50_r0.25\fv_19800
19800. Decomposition 0.373669777675 0.242962403441 0.033430560695 0.021322098648 0.922078802132 0.015124860132 2.846363160817 0.330325176806 0.984235500555 0.175052842517 -0.002455962232 0.001448613580 0.001131443072 0.000741983092 0.792262682872 0.058836156436 2.888277435641 0.523202462898 0.757565737371 0.235522036265 0.186604046568 0.028166712439 0.137962473591 0.012907296819 0.798284526329 0.073541695673 2.681810538919 0.432582712462 0.762386677683 0.268216409935 
Arquivo CSV criado com sucesso em: dataset\decomposition_based\adaptative_walk\l50_r0.25\fv_20100
20100. Decomposition 0.371691052208 0.239731821453 0.033870858886 0.021757767725 0.923046328991 0.013055337391 2.869011275585 0.299845941705 0.999427384624 0.147966680109 -0.002514247556 0.001522834300 0.001132495341 0.000743268646 0.789513230596 0.057784191338 2.915650729169 0.496665355463 0.793872173840 0.197526639728 0.183622565087 0.023369524260 0.137656274323 0.013441999749 0.800522308674 0.071437777018 2.706128094921 0.409736915176 0.809981610462 0.199214178618 
Arquivo CSV criado com sucesso em: dataset\decomposition_based\adaptative_walk\l50_r0.25\fv_20400
20400. Decomposition 0.370198412024 0.237363998764 0.034076778641 0.021985809225 0.923635085680 0.011966613272 2.897478378455 0.280822860343 1.014514000578 0.131592577453 -0.002556423955 0.001586426031 0.001132211202 0.000742920412 0.787556656889 0.057745819311 2.957987228991 0.481018948589 0.811495084939 0.198956543417 0.181534059340 0.021639104320 0.137307425676 0.014099483268 0.802467266999 0.070081824951 2.755678722949 0.402013509903 0.841278092098 0.201739318868 
Arquivo CSV criado com sucesso em: dataset\decomposition_based\adaptative_walk\l50_r0.25\fv_20700
20700. Decomposition 0.369048868111 0.235582239786 0.034141230311 0.022060255356 0.923938465439 0.011471627563 2.930360051738 0.290271655351 1.029290152267 0.129632502013 -0.002595783959 0.001652316852 0.001137038104 0.000748945926 0.786520179653 0.057966812097 2.981954143970 0.486848202302 0.815911785172 0.201499065891 0.178940572749 0.021927598978 0.137906213585 0.013002324024 0.807491443622 0.068781491229 2.773284959640 0.412345267942 0.840271206582 0.200976854145 

Single Random walk:
200. Dominance: Arquivo CSV criado com sucesso em: dataset\pareto_based\random_walk\l50\fv_200
0.271458333333 0.078276519734 0.253273654109 2.072230344110 -0.659151525190 0.188125000000 0.074986978036 -0.306635519217 2.104782875745 0.886868120381 0.540416666667 0.024505526588 -0.142402545744 1.942807919409 0.764499418525 0.540416666667 0.024505526588 -0.142402545744 1.942807919409 0.764499418525 
400. Dominance: Arquivo CSV criado com sucesso em: dataset\pareto_based\random_walk\l50\fv_400
0.301458333333 0.081587706301 -0.179306082090 2.523152342338 -0.538025503941 0.188958333333 0.077320300177 -0.065862532673 1.990639333041 -0.028851101037 0.509583333333 0.061450917632 -0.295086056373 2.204841863758 -0.852327834046 0.509583333333 0.061450917632 -0.295086056373 2.204841863758 -0.852327834046 
600. Dominance: Arquivo CSV criado com sucesso em: dataset\pareto_based\random_walk\l50\fv_600
0.273819444444 0.097784756498 -0.202222460283 1.601248694911 -0.057463792424 0.214236111111 0.073362887300 0.253151919813 2.354831292574 -0.657967090400 0.511944444444 0.077045661465 -0.452911659120 2.798656989334 -1.093673181716 0.511944444444 0.077045661465 -0.452911659120 2.798656989334 -1.093673181716 
800. Dominance: Arquivo CSV criado com sucesso em: dataset\pareto_based\random_walk\l50\fv_800
0.274322916667 0.090990507532 -0.184949695877 1.776933566116 -0.015956169515 0.215572916667 0.069538857262 0.165229121719 2.421043095606 -0.537198851214 0.510104166667 0.069328296968 -0.351913756417 3.109737011104 -1.138000038465 0.510104166667 0.069328296968 -0.351913756417 3.109737011104 -1.138000038465 
1000. Dominance: Arquivo CSV criado com sucesso em: dataset\pareto_based\random_walk\l50\fv_1000
0.279021276596 0.084033352580 -0.178099252368 2.000862316109 -0.159474096275 0.217574468085 0.063990308795 0.170077954597 2.796617062631 -0.615775647782 0.503404255319 0.065263612124 -0.343648542244 2.848963621321 -0.845976587201 0.503404255319 0.065263612124 -0.343648542244 2.848963621321 -0.845976587201 
1200. Dominance: Arquivo CSV criado com sucesso em: dataset\pareto_based\random_walk\l50\fv_1200
0.283918439716 0.080762921268 -0.167999393134 2.109454235648 -0.240033989033 0.216471631206 0.063030633098 0.065786416334 2.687507844210 -0.623241665965 0.499609929078 0.061274492264 -0.280212738679 2.908349938612 -0.721073702237 0.499609929078 0.061274492264 -0.280212738679 2.908349938612 -0.721073702237 
1400. Dominance: Arquivo CSV criado com sucesso em: dataset\pareto_based\random_walk\l50\fv_1400
0.276335403727 0.080076710839 -0.110372969758 2.147220677444 -0.151222750129 0.220559006211 0.060881637794 0.126672544517 2.938280600536 -0.695806901017 0.503105590062 0.060736957848 -0.283467152085 2.912995840208 -0.676112834830 0.503105590062 0.060736957848 -0.283467152085 2.912995840208 -0.676112834830 
1600. Dominance: Arquivo CSV criado com sucesso em: dataset\pareto_based\random_walk\l50\fv_1600
0.271793478261 0.078295263427 -0.127702506905 2.177784235419 -0.080621036280 0.222635869565 0.060748514873 0.070014218352 2.846024577705 -0.635400334519 0.505570652174 0.057954605213 -0.204888659676 3.194374785719 -0.794357118721 0.505570652174 0.057954605213 -0.204888659676 3.194374785719 -0.794357118721 
1800. Dominance: Arquivo CSV criado com sucesso em: dataset\pareto_based\random_walk\l50\fv_1800
0.273641975309 0.075849379260 -0.098081551861 2.241535034590 -0.155967701768 0.216481481481 0.060153837990 0.070159377182 2.553977274929 -0.417864364614 0.509876543210 0.059622600102 -0.232452136467 3.389517466539 -0.532498028792 0.509876543210 0.059622600102 -0.232452136467 3.389517466539 -0.532498028792 
2000. Dominance: Arquivo CSV criado com sucesso em: dataset\pareto_based\random_walk\l50\fv_2000
0.275388888889 0.076232891220 -0.059092739892 2.171877101057 -0.157389223229 0.214888888889 0.060396222595 0.021822178431 2.423082390083 -0.299699735819 0.509722222222 0.061713570751 -0.235595445807 3.255730561341 -0.275852437990 0.509722222222 0.061713570751 -0.235595445807 3.255730561341 -0.275852437990 
2200. Dominance: Arquivo CSV criado com sucesso em: dataset\pareto_based\random_walk\l50\fv_2200
0.268737373737 0.079212450312 0.007825908984 2.133610383604 -0.022215378991 0.213838383838 0.061776658002 0.005918486083 2.419508921746 -0.399050322333 0.517424242424 0.066472686106 -0.102295005451 3.091586137219 -0.126741722451 0.517424242424 0.066472686106 -0.102295005451 3.091586137219 -0.126741722451 
2400. Dominance: Arquivo CSV criado com sucesso em: dataset\pareto_based\random_walk\l50\fv_2400
0.269212962963 0.076233329262 -0.007727632007 2.284078311298 -0.044080791196 0.217731481481 0.062459022918 -0.021230250453 2.514343672764 -0.444670182773 0.513055555556 0.064892479923 -0.129311099887 2.867206713938 -0.129651174952 0.513055555556 0.064892479923 -0.129311099887 2.867206713938 -0.129651174952 

Single adaptive dominance walk:
Arquivo CSV criado com sucesso em: dataset\pareto_based\adaptative_walk\l50_r0.25\fv_200
200. Dominance: 0.334583333333 0.105694626953 -1.006797533973 1.082064314967 0.035521659379 0.120416666667 0.050337403257 0.302881857099 1.994036688429 -0.527903925489 0.545000000000 0.079214897589 -0.867822318527 1.373009952223 -0.113162343185 0.545000000000 0.079214897589 -0.867822318527 1.373009952223 -0.113162343185 
Arquivo CSV criado com sucesso em: dataset\pareto_based\adaptative_walk\l50_r0.25\fv_400
400. Dominance: 0.381979166667 0.098119415535 -0.039533417180 2.034236903819 -0.498259641929 0.105416666667 0.046426091204 -0.011200795764 1.902675115473 -0.087568109242 0.512604166667 0.076781433009 -0.295289669335 2.369331105018 0.004879073164 0.512604166667 0.076781433009 -0.295289669335 2.369331105018 0.004879073164 
Dominance adaptive walk: 11
Arquivo CSV criado com sucesso em: dataset\decomposition_based\adaptative_walk\l50_r0.25\mo_features_random_walk_decomposition.csv
