
Multi Random walk:
Arquivo CSV criado com sucesso em: dataset\decomposition_based\random_walk\l10\fv_300
300. Decomposition 0.482101343569 0.481561571761 0.006074582999 0.005861749337 0.584426763090 0.022197057512 1.950333673832 0.037555370109 -0.066114277525 0.048739040687 -0.000795683240 0.000787048829 0.000631351550 0.000582674850 0.111181432470 0.124544688639 2.311469421518 0.315097912044 -0.490776169914 0.149849158487 0.464558823529 0.030441176471 0.099420771694 0.029904399870 0.250848795214 0.286371481845 2.636353029868 0.312162584319 -0.751749036290 0.480593280996 
Arquivo CSV criado com sucesso em: dataset\decomposition_based\random_walk\l10\fv_600
600. Decomposition 0.484164417760 0.394494634021 0.004839210527 0.003537926958 0.603021349216 0.009227752802 2.106803386936 0.536363183439 -0.262858728513 0.599356919393 -0.000131745616 0.000240302800 0.000856370128 0.000768006786 -0.087145952707 0.472345073168 2.500614831891 0.125474535250 -0.039223891071 0.448549639812 0.492916666667 0.038301617314 0.113150409703 0.013601677006 0.164428857728 0.549308118444 2.071834477248 0.180291243461 -0.079932535679 0.219688046710 
Arquivo CSV criado com sucesso em: dataset\decomposition_based\random_walk\l10\fv_900
900. Decomposition 0.461670018396 0.337144065119 0.005341162483 0.004068160784 0.556163935360 0.086258673142 2.039926250101 0.428901681187 -0.017615863424 0.565484648781 -0.000318818746 0.000338600171 0.000968154278 0.000783930716 -0.202744607740 0.410053816020 2.284029031730 0.372487358239 -0.117672956729 0.520503187367 0.474000000000 0.033970575503 0.108688107766 0.012525782620 0.059155032364 0.480026395061 2.094293120402 0.378499790012 -0.297269437425 0.383491550218 
Arquivo CSV criado com sucesso em: dataset\decomposition_based\random_walk\l10\fv_1200
1200. Decomposition 0.496083736486 0.341730380271 0.005383678062 0.003703641056 0.541786587172 0.109165465215 2.296358456761 0.598611532276 -0.005021917930 0.668140599204 -0.000471896858 0.000541071366 0.000981127888 0.000694692766 -0.077870005556 0.338124277997 2.200227824941 0.384233410953 -0.087741317096 0.481950214918 0.463461538462 0.040592262260 0.109896581503 0.011817554267 0.188262833365 0.371611788415 2.217058121126 0.231817124897 -0.261812669698 0.459149711353 
Arquivo CSV criado com sucesso em: dataset\decomposition_based\random_walk\l10\fv_1500
1500. Decomposition 0.480377476894 0.319224810868 0.004062413500 0.002309403741 0.475524694689 0.156052250606 2.286418820686 0.523830658489 0.056334841880 0.588305200864 -0.000414991626 0.000421696567 0.000933112418 0.000634377095 -0.062745122932 0.310112059262 2.193374297954 0.482430739457 0.069624415383 0.520975226003 0.464318181818 0.035625317165 0.111534945813 0.013561814207 0.152696716265 0.361674810344 2.247258388705 0.309364530968 -0.301730562781 0.421861199687 
Arquivo CSV criado com sucesso em: dataset\decomposition_based\random_walk\l10\fv_1800
1800. Decomposition 0.473159064605 0.312553517479 0.005251944961 0.004233049452 0.536654353756 0.186514844362 2.284649174135 0.655537661999 0.141000577758 0.608674339298 -0.000299128921 0.000409299515 0.000855935694 0.000529012668 -0.110128908682 0.294284739445 2.321329159345 0.376181781525 0.025965905894 0.485454411603 0.468333333333 0.035746017649 0.103323275289 0.015433394716 0.138363641779 0.347710707973 2.303821584863 0.347958657601 -0.270604718182 0.446102616650 

Multi adaptive decomposition walk:
Arquivo CSV criado com sucesso em: dataset\decomposition_based\adaptative_walk\l10_r0.1\fv_300
300. Decomposition 0.000179468691 0.000000000000 0.000116672362 0.000000000000 0.909461302620 0.000000000000 1.845585647580 0.000000000000 0.356286624461 0.000000000000 -0.000004695870 0.000000000000 0.000007248104 0.000000000000 0.640481479363 0.000000000000 3.168556415630 0.000000000000 0.689583958884 0.000000000000 0.427777777778 0.000000000000 0.173276343908 0.000000000000 0.784381813777 0.000000000000 2.398575124978 0.000000000000 0.343662670669 0.000000000000 
Arquivo CSV criado com sucesso em: dataset\decomposition_based\adaptative_walk\l10_r0.1\fv_600
600. Decomposition 0.045682840004 0.045504897465 0.001734947837 0.001598669211 0.881666985033 0.041820152917 2.010588991857 0.015918041275 0.373389858426 0.068164560891 -0.000183074804 0.000174708941 0.000103793376 0.000094501816 0.346333664692 0.413932304984 2.320559863606 0.539467637971 0.098404737472 0.055519699339 0.320147058824 0.024852941176 0.167914402436 0.042383006013 0.428386204366 0.439016388796 2.222456575445 0.032322275573 -0.105761109778 0.393490580431 
Arquivo CSV criado com sucesso em: dataset\decomposition_based\adaptative_walk\l10_r0.1\fv_900
900. Decomposition 0.095619801784 0.082355491901 0.001884750865 0.002569679041 0.616402213364 0.435863137802 2.059561739155 0.064890788573 0.476308875653 0.034754456336 -0.000113048862 0.000278086632 0.000074875277 0.000099391918 0.361885653658 0.311448210192 2.618458409988 0.241569091590 0.197528355670 0.043603918859 0.403888888889 0.161940394461 0.110829353646 0.086228608298 0.237656232142 0.449739047692 2.223906461745 0.030872389273 0.180660708991 0.107068761662 
Arquivo CSV criado com sucesso em: dataset\decomposition_based\adaptative_walk\l10_r0.1\fv_1200
1200. Decomposition 0.089542049413 0.074656187169 0.005138273149 0.003938261926 0.919892492038 0.006724163592 2.051959885040 0.054062796817 0.498281907394 0.042081782337 -0.000322254750 0.000222268009 0.000235909754 0.000193979268 0.584612790397 0.187112884589 2.630370711789 0.197958471763 -0.029801947201 0.323458911919 0.321944444444 0.058453579768 0.158275717125 0.037693343038 0.447027479683 0.436372645790 2.296555371389 0.105788142490 0.076142442431 0.171728320044 
Arquivo CSV criado com sucesso em: dataset\decomposition_based\adaptative_walk\l10_r0.1\fv_1500
1500. Decomposition 0.086011542075 0.070279180757 0.006289812774 0.005367262126 0.928189779363 0.005153247117 2.162960983752 0.155531402599 0.541276934279 0.096161039096 -0.000422782822 0.000313458813 0.000253120983 0.000216169894 0.545850314245 0.177588393282 2.481564179842 0.276376213103 0.166473349791 0.056536371245 0.296451612903 0.042415527400 0.160018250149 0.037031348280 0.412130445958 0.424520841737 2.261131119585 0.058367398854 0.277045318713 0.161933522776 
Arquivo CSV criado com sucesso em: dataset\decomposition_based\adaptative_walk\l10_r0.1\fv_1800
1800. Decomposition 0.137241349623 0.108497432747 0.007310282288 0.005051489504 0.909290999941 0.032693668890 2.109073618249 0.316104011253 0.466138670627 0.266332474954 -0.000464887002 0.000328471265 0.000291515283 0.000220451274 0.473635104588 0.265708420994 2.559803986211 0.194662270967 0.201612880681 0.154953613321 0.320730431849 0.080748217820 0.155709928606 0.036615705163 0.418905453587 0.395724105714 2.416343992660 0.317096177544 0.407304360406 0.274123652014 
Arquivo CSV criado com sucesso em: dataset\decomposition_based\adaptative_walk\l10_r0.1\fv_2100
2100. Decomposition 0.131413176139 0.100224916996 0.009714401060 0.007435975268 0.929194100577 0.004714695170 2.175870780971 0.248148513842 0.570057207886 0.152727513697 -0.000580286834 0.000371707691 0.000336777165 0.000239648406 0.555156769762 0.178618937903 2.728135410086 0.371124721946 -0.019540662383 0.271987399905 0.295298436308 0.047715083370 0.156092153655 0.036272352972 0.430672870655 0.391822559534 2.823264362992 1.021222488873 0.324094030035 0.163040782632 
Arquivo CSV criado com sucesso em: dataset\decomposition_based\adaptative_walk\l10_r0.1\fv_2400
2400. Decomposition 0.185475664801 0.143081253281 0.008419522602 0.008731045651 0.744866617167 0.372483129134 2.280873940135 0.235415988424 0.633701911911 0.161747453056 -0.000388912640 0.000722286061 0.000308903943 0.000297845614 0.487536216881 0.286398860453 2.415268028057 0.296358711945 0.065880785535 0.141046369080 0.385542954438 0.219289337488 0.129066364601 0.070804592436 0.386794708425 0.396707006306 2.530227640100 0.513970075014 0.301647052581 0.143517667887 
Arquivo CSV criado com sucesso em: dataset\decomposition_based\adaptative_walk\l10_r0.1\fv_2700
2700. Decomposition 0.177766177079 0.131057150122 0.012699768418 0.008799881952 0.930718793652 0.006135431826 2.188921173835 0.279567156521 0.577253572827 0.183508721312 -0.000677725360 0.000427678651 0.000539727499 0.000399030642 0.632646824856 0.157350906491 2.401084981770 0.266584740982 0.178807840401 0.258699326376 0.309690681710 0.073951338575 0.165276222327 0.030182049256 0.512076824609 0.351058348703 2.527826010781 0.459733903146 0.386406185931 0.212636543288 
Arquivo CSV criado com sucesso em: dataset\decomposition_based\adaptative_walk\l10_r0.1\fv_3000
3000. Decomposition 0.173196280737 0.124284085238 0.014163899205 0.010559014685 0.932560949470 0.006770987863 2.271132816620 0.211461835880 0.632866894986 0.144680958903 -0.000816614569 0.000507542630 0.000551081712 0.000416764875 0.638616118791 0.161279281576 2.555298191068 0.385611948892 0.209561415505 0.313833962947 0.287654391388 0.041421048475 0.166879405009 0.031173884738 0.517315839677 0.352916060634 2.677631493846 0.546116997360 0.431130374193 0.289035601784 
Arquivo CSV criado com sucesso em: dataset\decomposition_based\adaptative_walk\l10_r0.1\fv_3300
3300. Decomposition 0.226675559775 0.166284724612 0.014711240888 0.010210228092 0.903444111825 0.068386504843 2.233087735157 0.279127950470 0.546781168705 0.284801702701 -0.000751496138 0.000619631154 0.000613615228 0.000415532010 0.531853591119 0.300145093194 2.669634036254 0.446083338903 0.006114717357 0.505890742407 0.314366603446 0.085865565079 0.161179032735 0.030909067086 0.435743852943 0.385095487126 2.959750241103 0.739063361417 0.118710644628 0.833198061194 
Arquivo CSV criado com sucesso em: dataset\decomposition_based\adaptative_walk\l10_r0.1\fv_3600
3600. Decomposition 0.218588522211 0.153291679123 0.018195484968 0.012990107802 0.932109299595 0.008446036623 2.260569986778 0.241397760164 0.627239888722 0.155199253716 -0.000969844118 0.000573579333 0.000656003263 0.000449628013 0.641885838685 0.154036019997 2.529664218838 0.453283216287 0.259568131356 0.300727081128 0.294326920906 0.047694503723 0.159418228900 0.032680544915 0.524585137433 0.326212701001 2.640371779730 0.685853819936 0.443494407615 0.320478052036 
Arquivo CSV criado com sucesso em: dataset\decomposition_based\adaptative_walk\l10_r0.1\fv_3900
3900. Decomposition 0.214482452208 0.147106816632 0.018917315983 0.014045801248 0.933144974916 0.007664537062 2.367712505852 0.232004793160 0.694610935937 0.161662425131 -0.001118548418 0.000751319868 0.000713991336 0.000521174870 0.658018719727 0.155481376467 2.603590773515 0.421466375454 0.210465353383 0.268936408732 0.279412899742 0.032971419842 0.163925235669 0.029009784867 0.555992196394 0.332402240298 2.708972171706 0.632979901824 0.457599787588 0.317675214462 
Arquivo CSV criado com sucesso em: dataset\decomposition_based\adaptative_walk\l10_r0.1\fv_4200
4200. Decomposition 0.264731522772 0.183849582226 0.020534100591 0.013639521502 0.931207394257 0.008852637950 2.295596234803 0.309371350372 0.624754594475 0.239271827139 -0.001103483851 0.000733397950 0.000889600924 0.000641975891 0.627953460704 0.170445322330 2.516462570532 0.431101918611 0.149341126295 0.304687979309 0.298314488578 0.059755066431 0.167037834252 0.027318113129 0.540063524349 0.312949957267 2.597991165079 0.654708521800 0.362460717930 0.379604979595 
Arquivo CSV criado com sucesso em: dataset\decomposition_based\adaptative_walk\l10_r0.1\fv_4500
4500. Decomposition 0.258938184018 0.174581926685 0.022594188568 0.015804338829 0.934689688168 0.007663871360 2.341041980976 0.248452477421 0.678269010480 0.163079433038 -0.001297546638 0.000823207127 0.000896414780 0.000652801984 0.646176726619 0.152407467282 2.576907803641 0.392646379862 0.270273881859 0.280653051987 0.281998859762 0.032692832845 0.166002485469 0.026861759703 0.553623469843 0.309616798894 2.674512859575 0.591723765375 0.496566400886 0.306901656706 
Arquivo CSV criado com sucesso em: dataset\decomposition_based\adaptative_walk\l10_r0.1\fv_4800
4800. Decomposition 0.318155813325 0.227472396929 0.024124311902 0.015593680278 0.926457241016 0.022738734506 2.312576789182 0.251430743068 0.623821044334 0.226309025816 -0.000980325663 0.001230292815 0.001053882783 0.000742224000 0.617865411662 0.164402298488 2.613399820113 0.375246149028 0.334643546219 0.315810380800 0.317323497241 0.107901294616 0.165238205620 0.025353020274 0.534954946763 0.298560212466 2.580060232685 0.654247220971 0.472073576083 0.312507954887 
Arquivo CSV criado com sucesso em: dataset\decomposition_based\adaptative_walk\l10_r0.1\fv_5100
5100. Decomposition 0.310212136444 0.213174225553 0.027616723037 0.019606406183 0.936035335811 0.008031326944 2.310569123814 0.254053461309 0.646918120816 0.184085055041 -0.001310154321 0.000810341015 0.001102648438 0.000825436107 0.655780301200 0.140923642489 2.739362789403 0.482415648199 0.401696661835 0.399234455881 0.294475282956 0.052176548845 0.168840326130 0.026123161799 0.569161416270 0.289886821423 2.746188112942 0.547965251342 0.549419408047 0.315210702235 
Arquivo CSV criado com sucesso em: dataset\decomposition_based\adaptative_walk\l10_r0.1\fv_5400
5400. Decomposition 0.356768292818 0.240919564520 0.028345944612 0.020021813685 0.923280400179 0.038122580714 2.299270043375 0.237484596230 0.612959915156 0.201481815775 -0.001345799403 0.000784893790 0.001156644179 0.000810937955 0.582939306885 0.253022613406 2.639271815362 0.581334203504 0.407391455694 0.367338626445 0.302804412256 0.056377336101 0.160121490226 0.041968667318 0.499350021458 0.360634147551 2.663735546096 0.576773820668 0.489931585243 0.297317025717 
Arquivo CSV criado com sucesso em: dataset\decomposition_based\adaptative_walk\l10_r0.1\fv_5700
5700. Decomposition 0.350984004143 0.231887869325 0.030463195826 0.020736791491 0.933361149644 0.011919239483 2.302373282358 0.235835176330 0.652392923068 0.161649289419 -0.001554619632 0.000907110923 0.001229452437 0.000863942649 0.642771035664 0.141380243189 2.746804513427 0.480971329114 0.355228453881 0.382387556509 0.288426840240 0.035940837266 0.168443448602 0.028391636446 0.575812880811 0.277084273645 2.662499753465 0.578306410882 0.438548867554 0.370080056871 
Arquivo CSV criado com sucesso em: dataset\decomposition_based\adaptative_walk\l10_r0.1\fv_6000
6000. Decomposition 0.348086180291 0.227670680116 0.030818968218 0.021022606459 0.934582117245 0.009676880341 2.381819777645 0.296812447322 0.694367878390 0.195116417000 -0.001679881129 0.001132111161 0.001236745451 0.000871758483 0.663918180331 0.134630209425 2.759223684271 0.480559816983 0.426018024976 0.376108195168 0.280692984589 0.040557872307 0.168898383883 0.028032231399 0.587067600237 0.277184071796 2.666836722683 0.573003685148 0.513485035579 0.283296800946 
Arquivo CSV criado com sucesso em: dataset\decomposition_based\adaptative_walk\l10_r0.1\fv_6300
6300. Decomposition 0.399599822858 0.265982548982 0.031085231220 0.020009213076 0.929867331950 0.017485780281 2.366852869839 0.329930582699 0.651817313419 0.242354372708 -0.001759818546 0.001113737612 0.001304829155 0.000849707198 0.607425846229 0.208829519550 2.751107344356 0.486693716754 0.351222481751 0.481362638122 0.290311928121 0.051141975604 0.163705698045 0.030477213399 0.529263237664 0.318204346921 2.622944160646 0.556978186227 0.435685458151 0.390116670056 
Arquivo CSV criado com sucesso em: dataset\decomposition_based\adaptative_walk\l10_r0.1\fv_6600
6600. Decomposition 0.393118975940 0.255040167754 0.034153909725 0.022272682864 0.936276022403 0.009621476866 2.344973435746 0.355334654433 0.661401125716 0.226333463419 -0.001902211621 0.001265701962 0.001292608938 0.000840075370 0.645940642231 0.136825263030 2.784741280896 0.469411023877 0.454502132263 0.377988190441 0.280906333715 0.040060475589 0.164614235097 0.029296459833 0.580700765719 0.264415387209 2.696526662831 0.524994756719 0.488782144229 0.295428126885 
Arquivo CSV criado com sucesso em: dataset\decomposition_based\adaptative_walk\l10_r0.1\fv_6900
6900. Decomposition 0.389223511672 0.248962678467 0.035030752385 0.023548995045 0.936224107994 0.009556653795 2.381206600772 0.319553237006 0.700788259644 0.194234144653 -0.001996098952 0.001428310402 0.001309293417 0.000853591516 0.657592186627 0.128267125425 2.806264433527 0.469528443295 0.466374877385 0.380745885422 0.275212149851 0.042033467727 0.164798856792 0.029081900899 0.591854309402 0.263444810920 2.700868025413 0.525949096013 0.541033369422 0.270072533475 

Single Random walk:
200. Dominance: Arquivo CSV criado com sucesso em: dataset\pareto_based\random_walk\l10\fv_200
0.268333333333 0.057951128836 0.241177027155 2.514267476967 -0.554929810326 0.246666666667 0.118039541398 0.030006686727 2.731420220844 0.604371315527 0.485000000000 0.102591422643 -0.228278981195 2.735129005140 0.545947212198 0.485000000000 0.102591422643 -0.228278981195 2.735129005140 0.545947212198 

Single adaptive dominance walk:
Arquivo CSV criado com sucesso em: dataset\pareto_based\adaptative_walk\l10_r0.1\fv_200
200. Dominance: 0.285000000000 0.124599357944 -0.242834212337 1.772573455623 0.227201642217 0.231111111111 0.099107124982 -0.373424060328 1.652127993557 0.444719913165 0.483888888889 0.056789083458 -0.188188547356 2.767045859677 0.466203347164 0.483888888889 0.056789083458 -0.188188547356 2.767045859677 0.466203347164 
Dominance adaptive walk: 18
Arquivo CSV criado com sucesso em: dataset\decomposition_based\adaptative_walk\l10_r0.1\mo_features_random_walk_decomposition.csv
