
Multi Random walk:
Arquivo CSV criado com sucesso em: dataset\decomposition_based\random_walk\l25\fv_300
300. Decomposition 0.498442300889 0.000000000000 0.083688467118 0.000000000000 0.244604571540 0.000000000000 2.265191526800 0.000000000000 -0.456118438960 0.000000000000 0.027515150340 0.000000000000 0.016350541099 0.000000000000 0.156862165563 0.000000000000 2.886162521217 0.000000000000 0.666298514727 0.000000000000 0.614166666667 0.000000000000 0.083885669548 0.000000000000 0.129426512065 0.000000000000 3.122288046432 0.000000000000 0.855002117358 0.000000000000 
Arquivo CSV criado com sucesso em: dataset\decomposition_based\random_walk\l25\fv_600
600. Decomposition 0.510129313006 0.000000000000 0.152227454574 0.000000000000 0.859722886772 0.000000000000 2.572065587534 0.000000000000 0.519836181422 0.000000000000 0.036017090541 0.000000000000 0.019326767842 0.000000000000 0.657549986344 0.000000000000 1.858465732969 0.000000000000 0.072123279227 0.000000000000 0.644027777778 0.000000000000 0.069326983995 0.000000000000 0.237267928449 0.000000000000 3.055582036052 0.000000000000 -0.048671467708 0.000000000000 
Arquivo CSV criado com sucesso em: dataset\decomposition_based\random_walk\l25\fv_900
900. Decomposition 0.527019864046 0.000000000000 0.139944090875 0.000000000000 0.733191992432 0.000000000000 2.654548158991 0.000000000000 0.322528763800 0.000000000000 0.026732732856 0.000000000000 0.020983308428 0.000000000000 0.686483985985 0.000000000000 2.727231529535 0.000000000000 -0.178568912129 0.000000000000 0.615416666667 0.000000000000 0.084237799974 0.000000000000 0.637312178682 0.000000000000 2.680354674084 0.000000000000 -0.241682891732 0.000000000000 
Arquivo CSV criado com sucesso em: dataset\decomposition_based\random_walk\l25\fv_1200
1200. Decomposition 0.599182802786 0.000000000000 0.210169411735 0.000000000000 1.067550194986 0.000000000000 2.956662856605 0.000000000000 -0.977592172934 0.000000000000 0.011545592054 0.000000000000 0.015659244362 0.000000000000 0.704160604237 0.000000000000 2.774396010202 0.000000000000 -0.335744684805 0.000000000000 0.574895833333 0.000000000000 0.107098278383 0.000000000000 0.688266867709 0.000000000000 2.541848923504 0.000000000000 -0.288554860453 0.000000000000 
Arquivo CSV criado com sucesso em: dataset\decomposition_based\random_walk\l25\fv_1500
1500. Decomposition 0.490373991368 0.488834878082 0.002409119287 0.001843142210 0.449284626049 0.532917489244 2.074705777509 0.476372953824 -0.672117259834 0.153825287548 0.000928646157 0.000900111074 0.000480482459 0.000439203771 0.363281623636 0.312827124000 2.311727293856 0.350916497219 -0.312110551318 0.059616187762 0.610869565217 0.038869565217 0.076266374025 0.029563678418 0.544151846337 0.132722862560 1.992889282348 0.540392350305 -0.329029249047 0.114561408077 
Arquivo CSV criado com sucesso em: dataset\decomposition_based\random_walk\l25\fv_1800
1800. Decomposition 0.483291071319 0.481781016716 0.003869499849 0.003314208501 0.636870577508 0.345331537785 2.526491388711 0.024587342622 -0.154300013679 0.671642533704 0.000815837592 0.000787841256 0.000494424852 0.000453925511 0.256500518120 0.419608229517 2.569877722855 0.092766068220 -0.277444421508 0.024950057951 0.596632411067 0.024632411067 0.098164089178 0.007665963265 0.294139160124 0.382735548772 3.051864145297 0.518582512644 -0.687712778180 0.473244937210 
Arquivo CSV criado com sucesso em: dataset\decomposition_based\random_walk\l25\fv_2100
2100. Decomposition 0.475911926059 0.474430162712 0.005829060187 0.005284172363 0.802651700699 0.179550414594 2.915501238709 0.364422507376 0.025997748002 0.851940295384 0.000874620746 0.000847148928 0.000471233345 0.000431492770 0.205643912623 0.470464835013 2.955130813517 0.292487022442 -0.132497805105 0.119996558451 0.596522875817 0.024522875817 0.090598718456 0.015231333987 0.300648266686 0.376226442210 3.672124890297 1.138843257644 -0.748241814527 0.533773973557 
Arquivo CSV criado com sucesso em: dataset\decomposition_based\random_walk\l25\fv_2400
2400. Decomposition 0.473451727476 0.471969964129 0.006834901079 0.006290013255 0.891662431815 0.090539683479 2.952731176318 0.401652444985 -0.190383145593 0.635559401789 0.000771380944 0.000743909127 0.000449562177 0.000409821602 0.305377899059 0.370730848578 2.991189960947 0.328546169872 0.103871581504 0.356365945060 0.592007905138 0.020007905138 0.087992825008 0.017837227435 0.362359276257 0.314515432639 3.452915976065 0.919634343412 -0.593302358849 0.378834517879 
Arquivo CSV criado com sucesso em: dataset\decomposition_based\random_walk\l25\fv_2700
2700. Decomposition 0.509857640923 0.399633989892 0.003881572215 0.003050609107 0.341644948934 0.749300974342 2.670444514255 0.461908592044 0.210438905361 0.755858246732 -0.000215935060 0.000966043272 0.000597746796 0.000509244212 -0.071845563340 0.652907189547 2.571205572688 0.586407628433 0.308837940506 0.397240326960 0.541133333333 0.069412070676 0.073300860758 0.024839427236 -0.110179263216 0.721645922626 2.596074343227 1.252335418513 -0.297858570041 0.340694626562 
Arquivo CSV criado com sucesso em: dataset\decomposition_based\random_walk\l25\fv_3000
3000. Decomposition 0.495532594214 0.389473608103 0.005992688448 0.004163157888 0.794270592776 0.139534764582 2.975820279592 0.310841709313 0.215620095721 0.760982776198 -0.000526168141 0.001363827986 0.000546538073 0.000451890607 0.282570519187 0.282949003260 2.780973635687 0.336488858413 0.135332277825 0.337424467851 0.521117460317 0.097302061057 0.080606711827 0.017840751954 0.217330305393 0.330132209894 2.969256333774 0.852208774718 -0.417558697140 0.237329702171 
Arquivo CSV criado com sucesso em: dataset\decomposition_based\random_walk\l25\fv_3300
3300. Decomposition 0.491567708658 0.387903441449 0.008402959910 0.007064117936 0.874630499080 0.094376409107 2.423214971355 0.762305383695 -0.058912558439 0.561353618426 -0.000177508548 0.000881894791 0.000708096988 0.000670592861 0.334912671993 0.267410735044 2.686113140674 0.442411160771 0.213771435386 0.344685447209 0.536629365079 0.075660888037 0.085888792568 0.015339879164 0.277020162953 0.283128163857 3.023856895782 0.806081945658 -0.353266600214 0.285117027828 
Arquivo CSV criado com sucesso em: dataset\decomposition_based\random_walk\l25\fv_3600
3600. Decomposition 0.493199867735 0.389831335844 0.008332675140 0.006973557126 0.877581405802 0.094924730931 2.484135477559 0.683952591679 -0.212528505778 0.546762619068 -0.000011732955 0.000668536499 0.000766781929 0.000750599342 0.323230367779 0.269197231318 2.710240924682 0.413919998040 0.195311524970 0.339747028437 0.545675092387 0.063135266152 0.090308254798 0.015862980244 0.277139435130 0.283051629203 3.098754183924 0.751159201680 -0.255371128903 0.388666943405 
Arquivo CSV criado com sucesso em: dataset\decomposition_based\random_walk\l25\fv_3900
3900. Decomposition 0.477772886908 0.356749378348 0.006474756381 0.004336351316 0.632292411036 0.401287736550 2.283496175112 0.694300335925 -0.293123295255 0.487417014879 0.000274921073 0.000576550132 0.000463280069 0.000405771336 0.007450145626 0.621357201613 2.397664042492 0.637973778187 0.176071075813 0.291584977276 0.550566666667 0.051390563336 0.086921139113 0.015244817617 0.060776726615 0.486390565031 2.646387292697 0.959641846976 -0.386341761468 0.342717454426 
Arquivo CSV criado com sucesso em: dataset\decomposition_based\random_walk\l25\fv_4200
4200. Decomposition 0.468426047284 0.351487056785 0.006994296128 0.004956476055 0.751638191700 0.203341622207 2.551908070171 0.526866592627 -0.223322172091 0.483244763179 0.000227439279 0.000507886225 0.000593657869 0.000450643266 0.107489776066 0.465009887830 2.402526724962 0.631150828479 0.115147104831 0.310147163043 0.548205555556 0.051272887392 0.088562835753 0.014289491086 0.101136342876 0.426117552467 2.631689847994 0.977373238224 -0.296955525904 0.301061640189 
Arquivo CSV criado com sucesso em: dataset\decomposition_based\random_walk\l25\fv_4500
4500. Decomposition 0.469631421133 0.353167668673 0.006797116734 0.004727011573 0.763893696222 0.184108925668 2.676815545577 0.574303833612 -0.366343769107 0.522723549219 0.000202566702 0.000476762194 0.000620071956 0.000474442684 0.220471314957 0.310825996572 2.493910376539 0.511866062085 0.050288488983 0.364082869652 0.547483333333 0.051301989890 0.088463261738 0.014333185675 0.199630832848 0.297292789964 2.707078704763 0.890399399050 -0.308199758092 0.302283973001 
Arquivo CSV criado com sucesso em: dataset\decomposition_based\random_walk\l25\fv_4800
4800. Decomposition 0.469644507581 0.353185938502 0.006483156001 0.004391815763 0.737550363457 0.225891574930 2.796055132213 0.683393770211 -0.389736190024 0.539827773027 0.000209948813 0.000485809175 0.000590705188 0.000448194583 0.232821879349 0.296951455940 2.580878985277 0.422827098306 0.033718903016 0.381961127760 0.547769047619 0.051286831298 0.086518972113 0.015549347374 0.200953843503 0.295850266702 2.789223814693 0.809090441803 -0.345933829004 0.315269667190 
Arquivo CSV criado com sucesso em: dataset\decomposition_based\random_walk\l25\fv_5100
5100. Decomposition 0.469801974368 0.342858707320 0.004441553672 0.003693750616 0.450918826582 0.732537392268 2.190054464606 0.764084617525 -0.255585173777 0.462274440404 0.000502337530 0.000790815665 0.000479022588 0.000309893035 -0.011208215858 0.559784849094 2.258627063040 0.737176633508 0.024282442547 0.345241088189 0.566670769231 0.060741006571 0.077991048958 0.021418678425 -0.039690567960 0.548509624702 2.429052490659 1.018631582459 -0.259023667186 0.302810620155 
Arquivo CSV criado com sucesso em: dataset\decomposition_based\random_walk\l25\fv_5400
5400. Decomposition 0.468371264652 0.340743006058 0.005622435147 0.003449716274 0.721949128219 0.209653986972 2.473375389994 0.480180825774 -0.387199446481 0.464445488564 0.000531698234 0.000845460639 0.000454188939 0.000301987627 0.083974310811 0.401704530818 2.544132457571 0.388320843908 -0.178300064928 0.541468830599 0.566887368421 0.061025318355 0.078735560810 0.020336435956 0.089667269538 0.345469978385 2.634627939795 0.786828537053 -0.303627278472 0.276668426655 
Arquivo CSV criado com sucesso em: dataset\decomposition_based\random_walk\l25\fv_5700
5700. Decomposition 0.466405988346 0.337854709583 0.006862474581 0.004698734937 0.808878731079 0.102032714300 2.308514801151 0.598337867185 -0.288532289937 0.448551133412 0.000457092910 0.000707887464 0.000508418583 0.000328840482 0.145053975262 0.319388517744 2.441354621317 0.465848828682 -0.062457753472 0.391789973134 0.558958796992 0.051975238116 0.081068465432 0.017340388960 0.192724140960 0.265610846614 2.623982716464 0.795280090993 -0.203500573353 0.364402412493 
Arquivo CSV criado com sucesso em: dataset\decomposition_based\random_walk\l25\fv_6000
6000. Decomposition 0.467064468393 0.338820117596 0.006657260701 0.004420903087 0.812067980891 0.101634951272 2.412940547807 0.502040805367 -0.398140922842 0.471291791592 0.000441049441 0.000678945603 0.000532680966 0.000351187183 0.168928830578 0.294822719951 2.359179754055 0.575113977683 0.014208780888 0.346535062918 0.556629473684 0.049965530235 0.081195289726 0.017198845738 0.203639849607 0.265248160523 2.780255787530 0.726091889139 -0.245211246525 0.315615099832 
Arquivo CSV criado com sucesso em: dataset\decomposition_based\random_walk\l25\fv_6300
6300. Decomposition 0.504720913862 0.344874165416 0.004963610964 0.004304028266 0.682662800392 0.319230297847 2.481381279542 0.479500783725 -0.416693778626 0.484940869532 0.000333834575 0.000544530981 0.000389165597 0.000330683403 0.124845501714 0.292086068704 2.398828525929 0.518779798021 -0.015625070419 0.357071352982 0.562699099099 0.047581150258 0.067166899772 0.034188022878 0.160209778749 0.252881881451 2.787487518386 0.725994517172 -0.230168515468 0.331621901014 
Arquivo CSV criado com sucesso em: dataset\decomposition_based\random_walk\l25\fv_6600
6600. Decomposition 0.502866698645 0.342337164341 0.005811586324 0.003701611916 0.688580553710 0.306599774919 2.669963722858 0.607797272367 -0.153391586955 0.736622874891 0.000244168503 0.000615652540 0.000582707601 0.000382105052 -0.029008677231 0.492022172008 2.290542146739 0.531889805586 -0.042922837126 0.331625993557 0.547806349206 0.049223089933 0.075607255627 0.019778621580 0.086418629948 0.338849585243 2.632883875646 0.747485650395 -0.270602318633 0.315940975319 
Arquivo CSV criado com sucesso em: dataset\decomposition_based\random_walk\l25\fv_6900
6900. Decomposition 0.501525518314 0.340521798969 0.006617807431 0.003973023235 0.797955701965 0.104679982437 2.425551437073 0.455176549497 -0.338793944850 0.475725718907 0.000218506640 0.000646096511 0.000568089388 0.000360774390 0.046378924342 0.368363528043 2.326255765027 0.500610720841 -0.037149014173 0.329494097125 0.546776638177 0.050158549698 0.075430727081 0.020004094483 0.102722439885 0.314473026339 2.837185996837 0.671991859776 -0.323107426065 0.367195374710 
Arquivo CSV criado com sucesso em: dataset\decomposition_based\random_walk\l25\fv_7200
7200. Decomposition 0.500516217266 0.339166730703 0.007034654083 0.004405797618 0.819605354499 0.093290533986 2.388154125075 0.484827130337 -0.307869353228 0.505160189381 0.000193646518 0.000678920583 0.000571642850 0.000365805296 0.070302463306 0.337354254033 2.303682416033 0.519173359137 -0.016082850215 0.325961665045 0.543570760234 0.053602396461 0.077398896250 0.017826572978 0.142290934517 0.267013518382 2.623806990518 0.757086482392 -0.260969127856 0.310463566802 
Arquivo CSV criado com sucesso em: dataset\decomposition_based\random_walk\l25\fv_7500
7500. Decomposition 0.499203786349 0.337419124029 0.007936454103 0.005762080124 0.834222958837 0.099153551723 2.397930368333 0.475837270050 -0.363466879150 0.458408718567 0.000106138214 0.000814367017 0.000615562574 0.000435221368 0.161823627512 0.287954988033 2.390268468966 0.473965651257 -0.031420762378 0.327868081230 0.538170370370 0.060889626471 0.080987097314 0.016349023290 0.227067432882 0.254708609188 2.668331697770 0.714292596726 -0.259109225430 0.309567538930 
Arquivo CSV criado com sucesso em: dataset\decomposition_based\random_walk\l25\fv_7800
7800. Decomposition 0.470117929870 0.317657703840 0.005811462088 0.004198494910 0.827659683519 0.093195476130 2.287080708852 0.517495040654 -0.373545859970 0.425121482710 0.000101935265 0.000572225482 0.000605133067 0.000454082728 0.088698777692 0.306821273795 2.306149927422 0.463016648363 0.082823700071 0.350808492003 0.532870748299 0.057474348889 0.078022142648 0.016152467660 0.185475468299 0.240703139410 2.477110678470 0.824160763929 -0.218374445754 0.297654674530 
Arquivo CSV criado com sucesso em: dataset\decomposition_based\random_walk\l25\fv_8100
8100. Decomposition 0.468814277233 0.317221072253 0.006041305724 0.004111200136 0.784773332718 0.151982006875 2.442289547487 0.453741838175 -0.267918245858 0.484660714190 0.000140611109 0.000583080499 0.000581701524 0.000414054529 0.134720001173 0.268623461658 2.291908344585 0.469912516244 0.047331649049 0.318515245227 0.533244897959 0.057254853221 0.078918912848 0.015518420213 0.208987323667 0.229968579191 2.570232899607 0.707140207874 -0.221936193783 0.295215097831 
Arquivo CSV criado com sucesso em: dataset\decomposition_based\random_walk\l25\fv_8400
8400. Decomposition 0.460188345291 0.312072188969 0.006593011744 0.004288924314 0.851167875541 0.100745811259 2.542961429072 0.565932227862 -0.175935029328 0.625402213076 0.000114450874 0.000561813428 0.000569852029 0.000405389950 0.149560612671 0.265499018438 2.394432553448 0.478342039616 -0.000072221247 0.310097661122 0.531487528345 0.058403637936 0.079607755020 0.015229903148 0.214375514246 0.229482014253 2.673620862152 0.650384575054 -0.266349231424 0.286183481871 
Arquivo CSV criado com sucesso em: dataset\decomposition_based\random_walk\l25\fv_8700
8700. Decomposition 0.457679176006 0.310037024903 0.006825187273 0.004531643054 0.833677957645 0.091808057552 2.468210952985 0.472981393433 -0.244409719878 0.514943106545 0.000129508387 0.000564994651 0.000553327128 0.000380100577 0.161908488524 0.266674939572 2.440595596533 0.523061525954 -0.022590000816 0.321082419659 0.533772108844 0.056969157793 0.079666592551 0.015213682877 0.228292862732 0.231725407646 2.701085261924 0.651226272944 -0.276394661433 0.289820052804 
Arquivo CSV criado com sucesso em: dataset\decomposition_based\random_walk\l25\fv_9000
9000. Decomposition 0.476706696640 0.318603885811 0.006220804610 0.003846420987 0.728631550221 0.301409258971 2.341626788782 0.528930002851 -0.290338923936 0.471797566605 0.000228577963 0.000547693111 0.000506480740 0.000313338365 0.124547041649 0.269166122750 2.347800755041 0.655247736902 -0.051162898583 0.321627199489 0.540141176471 0.055678642946 0.072911640790 0.022770333107 0.159391144064 0.287659123348 2.638436236734 0.627940000180 -0.300434753295 0.278087982153 
Arquivo CSV criado com sucesso em: dataset\decomposition_based\random_walk\l25\fv_9300
9300. Decomposition 0.469136512289 0.313654224084 0.006591263518 0.004064548746 0.813045926970 0.108285793321 2.399625023879 0.458471731720 -0.209830534599 0.481708213747 0.000167747191 0.000480546506 0.000536739447 0.000340879933 0.154697719098 0.250489024316 2.478259758341 0.546100141077 -0.081616629907 0.333669784056 0.534913903743 0.053270795595 0.074246648238 0.020135838049 0.261395266948 0.232352854205 2.593325803744 0.667418161202 -0.261228988494 0.277518264197 
Arquivo CSV criado com sucesso em: dataset\decomposition_based\random_walk\l25\fv_9600
9600. Decomposition 0.469636236186 0.314439436914 0.006560339370 0.004034957990 0.814173031749 0.106509508673 2.419264180626 0.444197819379 -0.289308209031 0.471317827635 0.000200918874 0.000509769007 0.000572841165 0.000393589838 0.171617100202 0.250745077124 2.502644856596 0.547856863697 -0.025961200447 0.326698368156 0.537641176471 0.054101017586 0.076808679551 0.016075235042 0.249509763466 0.223251459326 2.738902710712 0.618705447027 -0.157419040364 0.424385937691 
Arquivo CSV criado com sucesso em: dataset\decomposition_based\random_walk\l25\fv_9900
9900. Decomposition 0.469668299837 0.314489941148 0.006405792444 0.003909444115 0.806646283393 0.119286812528 2.492406544163 0.443654305054 -0.301567391892 0.478001492535 0.000251505855 0.000577630505 0.000559059654 0.000371458013 0.180083066341 0.253853684111 2.529422184208 0.558432989665 -0.051947054853 0.321689904452 0.539086189258 0.054921345574 0.076684064645 0.016230799357 0.239745087949 0.218893458605 2.681182076311 0.610032196828 -0.228894619498 0.304873353803 
Arquivo CSV criado com sucesso em: dataset\decomposition_based\random_walk\l25\fv_10200
10200. Decomposition 0.488361272096 0.320010136447 0.006087746070 0.003434640476 0.766221195450 0.165428677014 2.347948603096 0.582957102042 -0.258265360769 0.476655564939 0.000168312616 0.000541136079 0.000579625848 0.000375672420 0.036405887637 0.449634638472 2.402849484443 0.741024647939 -0.025600863123 0.306349404709 0.532398611111 0.055463561751 0.074886390605 0.016177855196 0.132274580434 0.361735520658 2.603019131203 0.632690929134 -0.276719221785 0.308794760001 
Arquivo CSV criado com sucesso em: dataset\decomposition_based\random_walk\l25\fv_10500
10500. Decomposition 0.486031166480 0.318882775993 0.005968030659 0.003377015601 0.773562692123 0.149880139311 2.448816191080 0.435094361444 -0.333504529959 0.460544482994 0.000165076134 0.000540349126 0.000596963253 0.000406517175 0.084356989260 0.341789501506 2.513915894442 0.586037167156 -0.108478850266 0.375766050229 0.533419444444 0.054514409127 0.076489151409 0.015506174671 0.153591885109 0.314031199045 2.645207282191 0.592393583621 -0.260353558230 0.293354200571 
Arquivo CSV criado com sucesso em: dataset\decomposition_based\random_walk\l25\fv_10800
10800. Decomposition 0.485928493685 0.318726265613 0.006018342658 0.003397527365 0.753654982471 0.194318236084 2.431531839772 0.451158857379 -0.337120456663 0.462230067940 0.000230866177 0.000503456052 0.000602455925 0.000416233214 0.139109299399 0.253670856110 2.541922193030 0.568098128318 -0.035352301805 0.306131465819 0.537715591398 0.052108119696 0.075973493678 0.015582162870 0.205805068762 0.224433824677 2.674800852205 0.577316747549 -0.234433248439 0.283018714656 
Arquivo CSV criado com sucesso em: dataset\decomposition_based\random_walk\l25\fv_11100
11100. Decomposition 0.485878394246 0.318649964165 0.005949503104 0.003370944398 0.755395668547 0.190181980515 2.437700508159 0.444875935794 -0.324798903853 0.457399795113 0.000229995322 0.000503513114 0.000603027689 0.000417264851 0.167605108560 0.236681426191 2.581486740499 0.561136414408 0.001029470588 0.319320151701 0.537393418051 0.052194384479 0.077164736173 0.015613607072 0.221575408497 0.210655435477 2.673498464249 0.577733487885 -0.185585717830 0.313194957597 
Arquivo CSV criado com sucesso em: dataset\decomposition_based\random_walk\l25\fv_11400
11400. Decomposition 0.531772409054 0.335033085941 0.005433593033 0.003586952799 0.631408913334 0.410940028435 2.358081776848 0.499497996082 -0.275548629661 0.437030392569 -0.000058938363 0.001020731854 0.000652865642 0.000423595093 0.140225851007 0.234194099593 2.483468548809 0.626865440056 0.015578144371 0.316323855950 0.521466666667 0.071351972643 0.073701689281 0.016721419975 0.188343891075 0.219736688949 2.576010616791 0.651921406295 -0.214115400558 0.292146411312 
Arquivo CSV criado com sucesso em: dataset\decomposition_based\random_walk\l25\fv_11700
11700. Decomposition 0.515619925827 0.325510294293 0.006162121864 0.003299226785 0.788690109404 0.211219600767 2.460014226940 0.409972574374 -0.181965118062 0.549342589626 0.000010016471 0.000815210517 0.000627075628 0.000403911880 0.108038851025 0.275300533397 2.486745599849 0.621780651232 -0.030875352522 0.290913067957 0.524651851852 0.064778694867 0.076555574800 0.014730550917 0.163360423134 0.257394588435 2.617178049653 0.593010242821 -0.176218654285 0.292515743401 
Arquivo CSV criado com sucesso em: dataset\decomposition_based\random_walk\l25\fv_12000
12000. Decomposition 0.506370924951 0.320745551960 0.007037684814 0.005119811817 0.772978034243 0.192373960682 2.344677495126 0.523563998725 -0.252040832525 0.451660878499 0.000055196296 0.000690058226 0.000605837203 0.000386202120 0.132180339544 0.241524060169 2.508771034494 0.590723136687 -0.024080391351 0.290623774665 0.528804597701 0.057479454056 0.077332508034 0.015011018165 0.173375269732 0.240208784489 2.657745638358 0.556085912249 -0.157407018352 0.308664292112 
Arquivo CSV criado com sucesso em: dataset\decomposition_based\random_walk\l25\fv_12300
12300. Decomposition 0.506485463354 0.320904699360 0.006811919289 0.004591638990 0.764928504104 0.186634702659 2.376098365732 0.470638090427 -0.262579597765 0.443777578778 0.000082460728 0.000630268063 0.000637185399 0.000428326580 0.140190996288 0.234220984848 2.573230348265 0.537511946297 -0.070333119128 0.319425424638 0.531358292282 0.053937510373 0.078447924131 0.016009470088 0.203100207568 0.207242348451 2.632419922069 0.576407481521 -0.176211209661 0.292520156910 

Multi adaptive decomposition walk:
Arquivo CSV criado com sucesso em: dataset\decomposition_based\adaptative_walk\l25_r0.25\fv_300
300. Decomposition 0.000133224485 0.000000000000 0.000069819762 0.000000000000 0.774616509947 0.000000000000 1.638410272205 0.000000000000 -0.035067207771 0.000000000000 -0.000004706658 0.000000000000 0.000005228801 0.000000000000 -0.042186044127 0.000000000000 2.854224817013 0.000000000000 1.056230013916 0.000000000000 0.398888888889 0.000000000000 0.118347677795 0.000000000000 -0.365093127313 0.000000000000 2.334283559370 0.000000000000 0.845383423985 0.000000000000 
Arquivo CSV criado com sucesso em: dataset\decomposition_based\adaptative_walk\l25_r0.25\fv_600
600. Decomposition 0.000151974797 0.000000000000 0.000108967069 0.000000000000 0.877518823245 0.000000000000 1.809002796993 0.000000000000 0.405357037868 0.000000000000 -0.000007200775 0.000000000000 0.000004655439 0.000000000000 0.149729313640 0.000000000000 5.196508657186 0.000000000000 1.643799450517 0.000000000000 0.334166666667 0.000000000000 0.110488184386 0.000000000000 -0.006819529059 0.000000000000 4.347157394918 0.000000000000 1.344713104683 0.000000000000 
Arquivo CSV criado com sucesso em: dataset\decomposition_based\adaptative_walk\l25_r0.25\fv_900
900. Decomposition 0.000156396908 0.000000000000 0.000124264888 0.000000000000 0.891388522764 0.000000000000 2.198910261990 0.000000000000 0.675147952795 0.000000000000 -0.000010280932 0.000000000000 0.000005916812 0.000000000000 0.578694464878 0.000000000000 3.904920042499 0.000000000000 0.743362545276 0.000000000000 0.258981481481 0.000000000000 0.140880321866 0.000000000000 0.508139594790 0.000000000000 3.393851449544 0.000000000000 0.706299817366 0.000000000000 
Arquivo CSV criado com sucesso em: dataset\decomposition_based\adaptative_walk\l25_r0.25\fv_1200
1200. Decomposition 0.053310983607 0.053185086925 0.000064003914 0.000064003914 0.443955260535 0.443955260535 2.571335247180 0.000000000000 0.896417283863 0.000000000000 -0.000227883454 0.000215226984 0.000003521926 0.000003521926 0.345930183413 0.345930183413 3.157901269522 0.000000000000 0.413965398815 0.000000000000 0.275430157262 0.064995374653 0.077788429072 0.077788429072 0.328331360877 0.328331360877 3.083194801765 0.000000000000 0.701300107860 0.000000000000 
Arquivo CSV criado com sucesso em: dataset\decomposition_based\adaptative_walk\l25_r0.25\fv_1500
1500. Decomposition 0.050602101453 0.050476204772 0.001895637257 0.001767629429 0.861338290593 0.026572230476 2.100162557967 0.471172689212 0.471641694381 0.424775589482 -0.000175254458 0.000162597988 0.000086557940 0.000079514089 0.153695215659 0.538165151168 2.591697054308 0.566204215214 0.428187875785 0.014222476970 0.273819215013 0.063384432404 0.106289960336 0.049286897808 0.098689112985 0.557973608768 2.386187648523 0.697007153242 0.273124131021 0.428175976839 
Arquivo CSV criado com sucesso em: dataset\decomposition_based\adaptative_walk\l25_r0.25\fv_1800
1800. Decomposition 0.048472034196 0.048346137514 0.002782881641 0.002654873813 0.890920942343 0.003010421274 2.195600407926 0.375734839253 0.640248708794 0.256168575069 -0.000222037355 0.000209380885 0.000087490593 0.000080446741 0.439237735408 0.252622631419 3.114813321416 0.043087948106 0.627049410843 0.213084012028 0.254988258735 0.044553476126 0.112856400077 0.042720458068 0.380410848284 0.276251873470 2.429912940258 0.653281861507 0.448863010867 0.252437096994 
Arquivo CSV criado com sucesso em: dataset\decomposition_based\adaptative_walk\l25_r0.25\fv_2100
2100. Decomposition 0.047095414397 0.046969517715 0.003096742780 0.002968734952 0.892390835313 0.004480314244 2.372609604062 0.198725643117 0.793703672609 0.102713611253 -0.000266927361 0.000254270891 0.000101860089 0.000094816237 0.592796512979 0.099063853847 3.092287591380 0.065613678142 0.531655484051 0.117690085236 0.231807780320 0.021372997712 0.122730440186 0.032846417959 0.635663039531 0.020999682223 2.477754311217 0.605440490548 0.514567909614 0.186732198247 
Arquivo CSV criado com sucesso em: dataset\decomposition_based\adaptative_walk\l25_r0.25\fv_2400
2400. Decomposition 0.046098569816 0.045972673135 0.003250739007 0.003122731178 0.895408973637 0.007498452568 2.573031338483 0.001696091304 0.889798050211 0.006619233651 -0.000289283844 0.000276627374 0.000098479091 0.000091435239 0.631705558557 0.060154808270 3.350527676709 0.192626407187 0.713411262608 0.299445863793 0.215460869565 0.005026086957 0.127082896298 0.028493961847 0.686790784603 0.030128062849 2.597742866162 0.485451935603 0.599871693701 0.101428414160 
Arquivo CSV criado com sucesso em: dataset\decomposition_based\adaptative_walk\l25_r0.25\fv_2700
2700. Decomposition 0.045316431879 0.045190535198 0.003342481661 0.003214473832 0.898208343882 0.010297822813 2.753071665401 0.181736418222 0.957008516535 0.060591232672 -0.000313962761 0.000301306290 0.000105779738 0.000098735886 0.680733501619 0.011126865208 3.399742462045 0.241841192523 0.596167828659 0.182202429843 0.202672588437 0.007762194172 0.129843139094 0.025733719051 0.712633501346 0.055970779592 2.719920046951 0.363274754814 0.650524338064 0.050775769796 
Arquivo CSV criado com sucesso em: dataset\decomposition_based\adaptative_walk\l25_r0.25\fv_3000
3000. Decomposition 0.106627454466 0.094342715054 0.004209139713 0.002898070048 0.794700287531 0.146917355547 2.463558924682 0.482123622078 0.705761356937 0.374804101227 -0.000151420444 0.000341058252 0.000176029503 0.000128188618 0.322953617822 0.487418547703 2.961061206908 0.689914976412 0.672363753142 0.183688948361 0.313269927536 0.160552738854 0.111416878852 0.034436441385 0.351078947480 0.534155713189 2.478791945945 0.464696278475 0.622302095871 0.067354274099 
Arquivo CSV criado com sucesso em: dataset\decomposition_based\adaptative_walk\l25_r0.25\fv_3300
3300. Decomposition 0.103154464780 0.089840780949 0.005888235945 0.004449077991 0.892515567339 0.011956777627 2.483625974622 0.455725163682 0.726206809076 0.346268475552 -0.000249533368 0.000265871268 0.000200496691 0.000156671292 0.539411949829 0.181994639712 3.271269734129 0.306472567882 0.592266036945 0.171993295507 0.286988935801 0.123455176828 0.126523681288 0.020926143460 0.555075495547 0.249231787612 2.525911717651 0.413333477990 0.349777648963 0.386630019307 
Arquivo CSV criado com sucesso em: dataset\decomposition_based\adaptative_walk\l25_r0.25\fv_3600
3600. Decomposition 0.100200340333 0.086046713319 0.007254488662 0.006114576386 0.907311824481 0.015231131005 2.491287302592 0.445710801782 0.739311553749 0.328013117218 -0.000332435912 0.000249283173 0.000230594081 0.000194450510 0.669077995110 0.020191550656 3.235779017189 0.343709824104 0.536110723117 0.204860654884 0.269936594203 0.099412262300 0.127105323875 0.020672577073 0.649986562961 0.122504761782 2.519880866930 0.419667791082 0.577611695455 0.089117123725 
Arquivo CSV criado com sucesso em: dataset\decomposition_based\adaptative_walk\l25_r0.25\fv_3900
3900. Decomposition 0.097865708906 0.083074329861 0.008088787790 0.007197462371 0.910267036939 0.018833118254 2.515190829900 0.414730912816 0.789211183730 0.258862519979 -0.000401944297 0.000275980050 0.000253779404 0.000224723034 0.685316439199 0.032393090065 3.127949362451 0.471809178259 0.563985797100 0.185048228931 0.253875988142 0.076809359206 0.132225919670 0.019821493468 0.692093605192 0.075142924499 2.603875325926 0.340191032271 0.576976250187 0.089710003885 
Arquivo CSV criado com sucesso em: dataset\decomposition_based\adaptative_walk\l25_r0.25\fv_4200
4200. Decomposition 0.095874754106 0.080559767868 0.008750008876 0.008075029315 0.912120849643 0.021201080484 2.553937276885 0.365578934381 0.818313111199 0.218951440361 -0.000464591561 0.000324595235 0.000280640213 0.000260557197 0.710691187560 0.064527266874 3.128558576050 0.471044628944 0.516664571744 0.221804973718 0.239279016015 0.056343255740 0.137431280386 0.021572156029 0.718533063037 0.058251860850 2.620242026720 0.327486821112 0.568554377362 0.098008266781 
Arquivo CSV criado com sucesso em: dataset\decomposition_based\adaptative_walk\l25_r0.25\fv_4500
4500. Decomposition 0.094307283636 0.078594430681 0.009095635662 0.008538604956 0.912229264827 0.021341400446 2.603200600088 0.305867943076 0.864465349685 0.156981327287 -0.000523101822 0.000383156614 0.000303770193 0.000291850832 0.722348674611 0.080361651486 3.094383394248 0.514407836854 0.516872706124 0.221612408025 0.225141466850 0.036710878012 0.142708697895 0.025484727972 0.744013079893 0.062190687078 2.604023044049 0.340071447402 0.572015835720 0.094504168228 
Arquivo CSV criado com sucesso em: dataset\decomposition_based\adaptative_walk\l25_r0.25\fv_4800
4800. Decomposition 0.093059841548 0.077040106518 0.009253724390 0.008751557762 0.911919092400 0.020940434831 2.670768921498 0.233137784476 0.912066729069 0.097676255192 -0.000557358988 0.000421226357 0.000301584909 0.000288880829 0.720488115949 0.077816297992 3.125419236957 0.474987982424 0.600463480111 0.169789980169 0.214812752267 0.022768568485 0.144327740050 0.026986779289 0.752933140094 0.068172297287 2.627152074261 0.322471790197 0.626069510843 0.067931250845 
Arquivo CSV criado com sucesso em: dataset\decomposition_based\adaptative_walk\l25_r0.25\fv_5100
5100. Decomposition 0.092041370392 0.075777896095 0.009310718857 0.008828460701 0.912062101183 0.021125118837 2.750502495776 0.177716061075 0.956230416936 0.060284394830 -0.000585108410 0.000453517680 0.000299074468 0.000285472063 0.720501492235 0.077834577154 3.188277350430 0.398027157105 0.660449059759 0.177476960279 0.207051883664 0.013269441340 0.144463702812 0.027117930377 0.758473321318 0.072746151644 2.691439280925 0.287779532094 0.677997668430 0.107120888781 
Arquivo CSV criado com sucesso em: dataset\decomposition_based\adaptative_walk\l25_r0.25\fv_5400
5400. Decomposition 0.150551659996 0.120869637027 0.008779675665 0.007706783841 0.853874506156 0.102537682061 2.517550438855 0.453268921114 0.697383746729 0.462911661582 -0.000626693782 0.000403126645 0.000323722482 0.000251270993 0.462550805089 0.454505848998 2.807820846796 0.750548746369 0.530239757277 0.285458937061 0.249070331831 0.076154050117 0.124418783530 0.042693461432 0.424704371879 0.585440763405 2.361127560516 0.632330279917 0.509381476880 0.308060263301 
Arquivo CSV criado com sucesso em: dataset\decomposition_based\adaptative_walk\l25_r0.25\fv_5700
5700. Decomposition 0.146602405003 0.115178962146 0.011062844953 0.008227904832 0.913863757898 0.018604980427 2.478249050187 0.517970465640 0.745516826438 0.380152205294 -0.000722518293 0.000459267288 0.000328297400 0.000252713780 0.602068100713 0.218766896978 3.169328571403 0.341002073007 0.679240622006 0.158153565555 0.229762127840 0.043236107586 0.126952187759 0.039129271003 0.655979675692 0.192468948112 2.681948335026 0.248997142563 0.690949249429 0.095895080569 
Arquivo CSV criado com sucesso em: dataset\decomposition_based\adaptative_walk\l25_r0.25\fv_6000
6000. Decomposition 0.143625725954 0.110975548955 0.012240075572 0.009176114597 0.917278180106 0.020417669621 2.526573314710 0.438558685142 0.808453742828 0.272500344362 -0.000766019474 0.000501086737 0.000333864897 0.000254791213 0.656631380348 0.132499462078 3.202563254466 0.338440201751 0.697875990056 0.165291465159 0.226823559952 0.038306039647 0.125425440727 0.041258211082 0.667159547848 0.174352357843 2.841341809696 0.351821677130 0.707072421614 0.105581611054 
Arquivo CSV criado com sucesso em: dataset\decomposition_based\adaptative_walk\l25_r0.25\fv_6300
6300. Decomposition 0.141305424912 0.107756400042 0.012973640691 0.009934255144 0.918139507114 0.021113352067 2.575520524716 0.360108798916 0.850732569143 0.201007237471 -0.000819713167 0.000562419463 0.000358977140 0.000268300835 0.707288338663 0.073573961334 3.120824792705 0.361547560601 0.594789216532 0.201661632744 0.218875209880 0.025290005647 0.129054615011 0.036308666797 0.712872928687 0.105014750642 2.788348960081 0.293808969204 0.599577681838 0.166137873103 
Arquivo CSV criado com sucesso em: dataset\decomposition_based\adaptative_walk\l25_r0.25\fv_6600
6600. Decomposition 0.139479317753 0.105261564958 0.013408925547 0.010431342551 0.917784214840 0.020816251351 2.627375497506 0.281037623561 0.888676673471 0.138398489401 -0.000866385171 0.000622146415 0.000379501282 0.000283850190 0.717553022938 0.069488161301 3.097256776211 0.377923279549 0.557253490335 0.247713717571 0.211759987003 0.014836537405 0.132040619202 0.032583687533 0.739434330774 0.074378046869 2.729280522520 0.253835818604 0.576134885564 0.200994598659 
Arquivo CSV criado com sucesso em: dataset\decomposition_based\adaptative_walk\l25_r0.25\fv_6900
6900. Decomposition 0.138056590698 0.103343181113 0.013618121882 0.010680949667 0.917841153462 0.020862927598 2.688934093043 0.199358728974 0.926481077164 0.081077074701 -0.000896311173 0.000662803194 0.000383129490 0.000286969614 0.720630730699 0.069112489533 3.080912428370 0.391383237896 0.599963537838 0.196157152102 0.205753258660 0.010122747876 0.134790846629 0.029540903969 0.745734376853 0.069639022991 2.671342720889 0.251590556152 0.551018100790 0.240351094960 
Arquivo CSV criado com sucesso em: dataset\decomposition_based\adaptative_walk\l25_r0.25\fv_7200
7200. Decomposition 0.136922872183 0.101831312269 0.013698403542 0.010778438998 0.917851506587 0.020871453573 2.758372551007 0.150902730194 0.961861890296 0.050669799272 -0.000927982541 0.000707424549 0.000391426776 0.000294483442 0.730258777818 0.070573682722 3.060730709947 0.410095458456 0.619454443090 0.177964240622 0.199881307441 0.014025339409 0.136733352306 0.027685691825 0.762241949241 0.064736238906 2.603958020389 0.295486745198 0.584760547708 0.187901035713 
Arquivo CSV criado com sucesso em: dataset\decomposition_based\adaptative_walk\l25_r0.25\fv_7500
7500. Decomposition 0.136007874110 0.100622497924 0.013696465323 0.010776074591 0.917860707753 0.020879040894 2.834303794449 0.193201174339 0.995390538560 0.075514259805 -0.000956466335 0.000748717342 0.000397995801 0.000300786289 0.735222818512 0.072822979586 3.054064296964 0.416736336968 0.641175488241 0.163620394100 0.195448899553 0.020121285125 0.137375562204 0.027136274552 0.767677531582 0.065815419405 2.598886327043 0.300370271811 0.627974240374 0.128517538800 
Arquivo CSV criado com sucesso em: dataset\decomposition_based\adaptative_walk\l25_r0.25\fv_7800
7800. Decomposition 0.135239587037 0.099615649735 0.013661294387 0.010733261979 0.917951451425 0.020954370597 2.912389897600 0.297278751622 1.025234696440 0.119024356627 -0.000978232204 0.000780900592 0.000399160132 0.000301934448 0.739722048152 0.075652223414 3.075194519567 0.396461631436 0.676555428129 0.157644009369 0.191902131187 0.025618963783 0.137497768493 0.027035644575 0.771495591385 0.067354475516 2.623771902387 0.278250683983 0.667758650923 0.095519201219 
Arquivo CSV criado com sucesso em: dataset\decomposition_based\adaptative_walk\l25_r0.25\fv_8100
8100. Decomposition 0.192626503376 0.145399252346 0.013555737348 0.009593327853 0.889188220216 0.060500471975 2.684986130098 0.558442736226 0.757715056274 0.556032372168 -0.000849587985 0.000753209704 0.000423812497 0.000275257751 0.605576612312 0.281409218922 2.950754655020 0.432453179456 0.628661042157 0.171388511554 0.251960816921 0.123951171683 0.126764273160 0.032514003873 0.611125221015 0.331341242910 2.737907447404 0.336126453830 0.825652585772 0.323949120529 
Arquivo CSV criado com sucesso em: dataset\decomposition_based\adaptative_walk\l25_r0.25\fv_8400
8400. Decomposition 0.188394617092 0.138801297696 0.015330000419 0.010160726955 0.910826225511 0.023542723417 2.694497750737 0.542141578247 0.901947911888 0.279812341479 -0.001001255966 0.000705498558 0.000480187527 0.000314593001 0.721969362656 0.079887847110 2.903037746759 0.492954631852 0.653934255599 0.148647328462 0.230472705032 0.082208447084 0.134828675030 0.024706711457 0.734838939348 0.099405522970 2.665128341850 0.261165263890 0.643049402477 0.099937080223 
Arquivo CSV criado com sucesso em: dataset\decomposition_based\adaptative_walk\l25_r0.25\fv_8700
8700. Decomposition 0.185589569828 0.134543092778 0.016148984069 0.010812464535 0.913621535025 0.020644594245 2.770375623362 0.420373048614 0.948383161818 0.198443425226 -0.001114143446 0.000751922184 0.000525982280 0.000369501805 0.740089493449 0.069257831938 2.931037550162 0.456007092651 0.621441719263 0.179975792005 0.217624768655 0.058115521174 0.136760126710 0.024096724833 0.759149390281 0.068143839581 2.698152893997 0.288569732820 0.709871147781 0.117424753784 
Arquivo CSV criado com sucesso em: dataset\decomposition_based\adaptative_walk\l25_r0.25\fv_9000
9000. Decomposition 0.183526324383 0.131475764036 0.016617234939 0.011275442074 0.916158556765 0.019080999121 2.834439948556 0.337073279774 0.977600127651 0.154064173589 -0.001168137995 0.000796110114 0.000523232595 0.000365790558 0.742495470864 0.069164135964 3.010086016968 0.377895122813 0.684640099304 0.141877138900 0.208849111235 0.042746066148 0.138482867354 0.024068246048 0.772692687679 0.061451059691 2.758758717375 0.365537878963 0.693234025633 0.097480561293 
Arquivo CSV criado com sucesso em: dataset\decomposition_based\adaptative_walk\l25_r0.25\fv_9300
9300. Decomposition 0.181913536166 0.129119207038 0.016899282024 0.011581957614 0.916875417569 0.018864350248 2.889354752597 0.292693104358 1.002718710589 0.125481174056 -0.001216976815 0.000846021887 0.000526141774 0.000369718440 0.746146286934 0.069659505402 3.066645657572 0.356199480050 0.724726318210 0.170036726216 0.202754320574 0.033363645983 0.138140531370 0.024034616570 0.770054141586 0.061887977457 2.826744709421 0.474408989547 0.748124865105 0.179004867088 
Arquivo CSV criado com sucesso em: dataset\decomposition_based\adaptative_walk\l25_r0.25\fv_9600
9600. Decomposition 0.180654391031 0.127305873143 0.017027925270 0.011728112189 0.917415823499 0.018771898680 2.947898472957 0.287127660727 1.028413609901 0.113112965518 -0.001264959976 0.000902697113 0.000538833566 0.000387411240 0.751278105494 0.071619803786 3.100937681396 0.360116249522 0.705153804775 0.151716510190 0.196311385650 0.026103034611 0.139353773655 0.024240922610 0.777982354491 0.061935032910 2.838691304083 0.494926852764 0.749505607851 0.181440113127 
Arquivo CSV criado com sucesso em: dataset\decomposition_based\adaptative_walk\l25_r0.25\fv_9900
9900. Decomposition 0.179634255565 0.125854537460 0.017078622487 0.011786755440 0.917902289847 0.018741667688 3.008520046609 0.328628592830 1.051947521494 0.121350442038 -0.001299437426 0.000947336928 0.000538690484 0.000387207011 0.753242760143 0.072740577224 3.140155002197 0.380031162019 0.741220042256 0.190418787332 0.191461504851 0.023988237509 0.139726362575 0.024352502397 0.781459936441 0.063223115768 2.877328516247 0.563110575287 0.762576323971 0.204903525722 
Arquivo CSV criado com sucesso em: dataset\decomposition_based\adaptative_walk\l25_r0.25\fv_10200
10200. Decomposition 0.244730724277 0.185584191708 0.016626417042 0.010812668827 0.875843233308 0.095891794778 2.793693807938 0.590604142632 0.876974733216 0.415085856981 -0.001022372686 0.001073608802 0.000548299135 0.000352979572 0.650471015344 0.239130447671 2.965188993098 0.550443617851 0.759004047255 0.184793147144 0.245792216259 0.125046405045 0.132143635290 0.027982625296 0.652722811817 0.294705266972 2.757325185409 0.598261844339 0.729965237228 0.209748252835 
Arquivo CSV criado com sucesso em: dataset\decomposition_based\adaptative_walk\l25_r0.25\fv_10500
10500. Decomposition 0.239826276432 0.177092209644 0.019428794723 0.011974424012 0.919618318363 0.017469819738 2.806344068948 0.566712288365 0.883849741830 0.400318989836 -0.001095638522 0.000986590896 0.000599162758 0.000378048663 0.642995942773 0.255230423007 2.965775296438 0.549444000234 0.707640898389 0.205144866104 0.239080049547 0.110300951108 0.131816508383 0.028432664477 0.657948164912 0.283258319728 2.844233097400 0.533851658602 0.776312920135 0.194612351405 
Arquivo CSV criado com sucesso em: dataset\decomposition_based\adaptative_walk\l25_r0.25\fv_10800
10800. Decomposition 0.235776225412 0.170292909066 0.021194803334 0.014156578217 0.921135295697 0.018456845972 2.808116549604 0.563397213765 0.925578353359 0.311948867064 -0.001234997417 0.000883470365 0.000683032703 0.000479207367 0.749599326971 0.066873408859 2.988033003336 0.512535029407 0.618765332725 0.343708000451 0.227834258301 0.085800891390 0.139368325823 0.022250837426 0.756148377004 0.081756873405 2.807244460314 0.553895740432 0.611918130633 0.395745473853 
Arquivo CSV criado com sucesso em: dataset\decomposition_based\adaptative_walk\l25_r0.25\fv_11100
11100. Decomposition 0.232603868019 0.165118524854 0.022274087122 0.015830717508 0.921672803253 0.018940468291 2.834914979784 0.514395075379 0.955130385269 0.251532144484 -0.001344031241 0.000874675578 0.000724021321 0.000545536024 0.764872231539 0.071322541883 2.944366528094 0.586740556805 0.662355682924 0.266392489519 0.217665176175 0.064079118777 0.143053989944 0.023436584804 0.776951808005 0.059000179004 2.736874888809 0.621332026904 0.662327126698 0.302448475768 
Arquivo CSV criado com sucesso em: dataset\decomposition_based\adaptative_walk\l25_r0.25\fv_11400
11400. Decomposition 0.230193336251 0.161284380175 0.022814825046 0.016737505477 0.921252692831 0.018556906255 2.869569419721 0.454921620622 0.985964872223 0.192502736807 -0.001426642854 0.000912415793 0.000743647257 0.000579743545 0.768133672739 0.074299707471 2.956842005870 0.564812994506 0.700940732242 0.212284715626 0.209954309386 0.048237204093 0.144665687748 0.024812331278 0.786221444562 0.058716097054 2.735375213857 0.623122286139 0.709050012143 0.231927461413 
Arquivo CSV criado com sucesso em: dataset\decomposition_based\adaptative_walk\l25_r0.25\fv_11700
11700. Decomposition 0.289684492231 0.209751728168 0.019728974764 0.017751357037 0.789511742547 0.322767893300 2.906048921987 0.399053481331 1.010312103795 0.151915582699 -0.001301095169 0.000999710833 0.000650657701 0.000622052896 0.662850739428 0.280606550731 2.982762828485 0.521081059999 0.714471928191 0.198766145533 0.250524602353 0.118883967361 0.125353697157 0.056780557894 0.678656302463 0.282935176011 2.754642231052 0.601140744427 0.725234818773 0.214072652793 
Arquivo CSV criado com sucesso em: dataset\decomposition_based\adaptative_walk\l25_r0.25\fv_12000
12000. Decomposition 0.285009632446 0.201745951826 0.022570113091 0.015856783593 0.899072155255 0.056582262582 2.759865637898 0.514501602491 0.893783528736 0.318205736553 -0.001451923614 0.000894309866 0.000822972420 0.000583839174 0.577472541496 0.485450985854 2.848603699890 0.583719237980 0.547720191711 0.447996465494 0.235364356436 0.084002381540 0.135768720410 0.035549186620 0.617875824447 0.429786018637 2.666834462630 0.596663310641 0.611947356064 0.341005377154 
Arquivo CSV criado com sucesso em: dataset\decomposition_based\adaptative_walk\l25_r0.25\fv_12300
12300. Decomposition 0.281410608825 0.195815924587 0.024291622851 0.016124034363 0.918455694142 0.018243931409 2.762040605882 0.510808138470 0.900843321843 0.302790229821 -0.001578336529 0.000918017131 0.000842362399 0.000598319042 0.711831695101 0.167930685266 2.816930512755 0.630664934587 0.685395670296 0.197323480659 0.225114130472 0.061921251512 0.140177054281 0.028741920843 0.734853445893 0.150744606085 2.665819411582 0.597564089153 0.627983410119 0.309882866447 
Arquivo CSV criado com sucesso em: dataset\decomposition_based\adaptative_walk\l25_r0.25\fv_12600
12600. Decomposition 0.278769340451 0.191605318657 0.025168005696 0.016673212455 0.919420516432 0.017545519502 2.775283959778 0.488969769752 0.935526415915 0.230952013660 -0.001685050341 0.001014047570 0.000876467496 0.000631696463 0.750272555804 0.093275124927 2.894980013040 0.528177104957 0.689585579789 0.193855527135 0.217168786342 0.046947233310 0.142895732955 0.025931675389 0.768714218659 0.080486884743 2.682532929371 0.583904435184 0.653070941861 0.265567548454 
Arquivo CSV criado com sucesso em: dataset\decomposition_based\adaptative_walk\l25_r0.25\fv_12900
12900. Decomposition 0.276736260492 0.188451490210 0.025703772859 0.017133203689 0.920853995895 0.017068550333 2.807223881927 0.441693236239 0.957472979256 0.191136800316 -0.001748399074 0.001096846692 0.000879805262 0.000635459034 0.759595763828 0.081502226172 2.943218578096 0.492055489258 0.727956232823 0.186962408544 0.211137207395 0.038370839973 0.144400663812 0.025010757838 0.778147971789 0.066351869264 2.685848395372 0.581499296697 0.680413779055 0.226569913304 
Arquivo CSV criado com sucesso em: dataset\decomposition_based\adaptative_walk\l25_r0.25\fv_13200
13200. Decomposition 0.275141720919 0.186033827041 0.026007420922 0.017432423297 0.921240101146 0.017061764837 2.841121884399 0.402228423836 0.977769294985 0.161665223144 -0.001798620978 0.001172969788 0.000886449158 0.000643192364 0.760819563793 0.080311669485 2.983922586704 0.482435683082 0.732613197000 0.189310900859 0.207123612925 0.035033061893 0.144502214474 0.024967001539 0.781595103029 0.062534488501 2.716400481008 0.564376177538 0.715350229267 0.199666228152 
Arquivo CSV criado com sucesso em: dataset\decomposition_based\adaptative_walk\l25_r0.25\fv_13500
13500. Decomposition 0.273836917978 0.184093498771 0.026197140111 0.017632728451 0.921759402217 0.017135151194 2.875894189426 0.376763096729 0.994489017581 0.145889198664 -0.001838477726 0.001238759192 0.000888860870 0.000646078054 0.763094153045 0.078355896250 3.024159117830 0.492968594036 0.741289285081 0.195394491129 0.203750527858 0.034218476726 0.144553664706 0.024945749997 0.785205398650 0.059566281703 2.754572692545 0.556548210048 0.742492985388 0.202651024907 
Arquivo CSV criado com sucesso em: dataset\decomposition_based\adaptative_walk\l25_r0.25\fv_13800
13800. Decomposition 0.272732177808 0.182478312692 0.026326901629 0.017775428122 0.922157918483 0.017254966727 2.909419608510 0.369543979585 1.008064459738 0.140754216156 -0.001861154263 0.001278008555 0.000883328286 0.000639519817 0.758569468889 0.082571339643 3.069993949767 0.527628400674 0.754678017897 0.208717898794 0.200513121016 0.035286924749 0.144913486359 0.024814513744 0.789862490383 0.057546942621 2.783665891942 0.561070511115 0.757262732045 0.213155097002 
Arquivo CSV criado com sucesso em: dataset\decomposition_based\adaptative_walk\l25_r0.25\fv_14100
14100. Decomposition 0.271842948736 0.181197113438 0.026352558784 0.017804179968 0.922245932828 0.017288748758 2.947231644473 0.382976087335 1.024020269533 0.144599172854 -0.001892966308 0.001335021742 0.000889208556 0.000646497460 0.759466796376 0.081633090699 3.073830983969 0.531504065588 0.750006622276 0.203568834261 0.197984729261 0.037291219456 0.144986619508 0.024791587073 0.791853999797 0.057358211921 2.817663980459 0.577560669094 0.770551360886 0.227160529012 
Arquivo CSV criado com sucesso em: dataset\decomposition_based\adaptative_walk\l25_r0.25\fv_14400
14400. Decomposition 0.333259298842 0.235138739707 0.024628020260 0.017253696908 0.806316315794 0.307262684396 2.783929291143 0.612091686380 0.920562924718 0.326590649064 -0.001809589886 0.001286095373 0.000883319703 0.000599695227 0.618498204483 0.379007343438 2.903070892165 0.749278089825 0.582033381063 0.521626658801 0.225241510151 0.083077065926 0.138594146394 0.028583525343 0.612634746275 0.479086544693 2.670988934802 0.709672198464 0.596995701164 0.533173481306 
Arquivo CSV criado com sucesso em: dataset\decomposition_based\adaptative_walk\l25_r0.25\fv_14700
14700. Decomposition 0.328506850940 0.226575425515 0.026968512258 0.016727263402 0.910548266962 0.035029287214 2.824633888811 0.530783036630 0.939030597059 0.283272788519 -0.001831224823 0.001276539278 0.000864048487 0.000602161321 0.679310510077 0.223875303103 2.906458447495 0.742961657186 0.615038208295 0.442685846296 0.226254054954 0.085500567573 0.134010437910 0.036993003428 0.688814710444 0.279716053219 2.902522242142 0.580208974647 0.557442077934 0.629694654553 
Arquivo CSV criado com sucesso em: dataset\decomposition_based\adaptative_walk\l25_r0.25\fv_15000
15000. Decomposition 0.325213777672 0.220866949784 0.028166209320 0.017329481267 0.917860671830 0.019984181998 2.852963162883 0.480361052388 0.963139609059 0.230088977294 -0.001975840574 0.001278341866 0.000994694318 0.000666602940 0.771755128693 0.084375342432 3.179578486304 0.566297880633 0.538396995540 0.629404035940 0.215386671442 0.060623250905 0.140695398404 0.025739940279 0.777346213064 0.067118225837 2.714145790591 0.644670324665 0.637226585782 0.438838589524 
Arquivo CSV criado com sucesso em: dataset\decomposition_based\adaptative_walk\l25_r0.25\fv_15300
15300. Decomposition 0.322707797368 0.216656909601 0.028938673361 0.018005329336 0.920093395013 0.017199690030 2.877262716239 0.442681706839 0.977977133389 0.200457225243 -0.002043635267 0.001317998106 0.000996608246 0.000668829747 0.741437901760 0.089647397782 2.998529315336 0.597774171276 0.629990426690 0.408048810874 0.209104797402 0.048249159714 0.142381318725 0.024151569429 0.785818295714 0.056580699624 2.683234488171 0.689931510603 0.703918109873 0.300817247413 
Arquivo CSV criado com sucesso em: dataset\decomposition_based\adaptative_walk\l25_r0.25\fv_15600
15600. Decomposition 0.320541231858 0.213116330123 0.029662152797 0.018818460732 0.922490966650 0.016197433826 2.893520551808 0.421085601978 0.978464775629 0.199539768378 -0.002100289094 0.001368398201 0.001000724635 0.000673723086 0.746748191043 0.083345053030 2.960742716464 0.650280412724 0.683635797518 0.294180872869 0.204091569889 0.040610711232 0.143597767021 0.023469843603 0.793552781567 0.053747789816 2.706578715261 0.655095854333 0.734618279435 0.253823189433 
Arquivo CSV criado com sucesso em: dataset\decomposition_based\adaptative_walk\l25_r0.25\fv_15900
15900. Decomposition 0.318756860655 0.210272918749 0.030129734321 0.019426390461 0.922868031296 0.016260879047 2.904520868065 0.408399823404 0.989054716183 0.180742168091 -0.002149433588 0.001423501971 0.001004727279 0.000678614998 0.753959126832 0.078089342394 2.962861720997 0.647039964200 0.722281701104 0.232175038043 0.200063927877 0.036862074565 0.144340267431 0.023263689357 0.796518915887 0.054691313078 2.737237909229 0.615795001253 0.755890456719 0.232604466319 
Arquivo CSV criado com sucesso em: dataset\decomposition_based\adaptative_walk\l25_r0.25\fv_16200
16200. Decomposition 0.317371266574 0.208112040300 0.030329077931 0.019703489701 0.923103478366 0.016331306487 2.925934494893 0.388799815588 1.005704442223 0.156855402693 -0.002196048123 0.001484428683 0.001015315794 0.000692170766 0.757632584999 0.077107735389 2.990875892773 0.607447447713 0.732451592912 0.220888563074 0.197161829975 0.035921152997 0.144358356315 0.023260714469 0.798236899189 0.055738057556 2.772341428499 0.581528699081 0.780802611247 0.223765918171 
Arquivo CSV criado com sucesso em: dataset\decomposition_based\adaptative_walk\l25_r0.25\fv_16500
16500. Decomposition 0.382407701731 0.269132843922 0.030148025614 0.018612584657 0.898470395979 0.071418692951 2.789997517826 0.538077188088 0.887976792743 0.370240544061 -0.001957834822 0.001568362547 0.001025628833 0.000653729817 0.568897039002 0.540755695647 2.921691611748 0.604609634039 0.564040936206 0.527465625239 0.228416649076 0.096090685061 0.134778710639 0.035114164459 0.718729224874 0.233984924814 2.709471037317 0.577702479444 0.756023160067 0.222661819534 
Arquivo CSV criado com sucesso em: dataset\decomposition_based\adaptative_walk\l25_r0.25\fv_16800
16800. Decomposition 0.376426620777 0.257828145848 0.033148429236 0.020218263992 0.920078982844 0.017652249596 2.797634448010 0.522362828537 0.923114482914 0.281500664651 -0.002065456226 0.001459970333 0.001097513155 0.000692861843 0.732254131956 0.103566302988 2.879653029159 0.654344455955 0.614778695616 0.399200786711 0.224174224834 0.084966769802 0.138641270356 0.027438421212 0.751845816851 0.144366418420 2.666680055411 0.628755785859 0.689068038523 0.335259336606 
Arquivo CSV criado com sucesso em: dataset\decomposition_based\adaptative_walk\l25_r0.25\fv_17100
17100. Decomposition 0.372386772106 0.250550478977 0.034405286413 0.021856405726 0.921101754157 0.016434801023 2.826086617669 0.467967388768 0.956303985685 0.206774762089 -0.002206047922 0.001407792293 0.001153482798 0.000760482513 0.760660183718 0.072944097572 2.840388002178 0.715673524102 0.674445493761 0.268859067160 0.214857938236 0.061701137568 0.144064743017 0.021945377208 0.795424341582 0.054412676980 2.666986684470 0.628321779361 0.689524569675 0.334256808046 
Arquivo CSV criado com sucesso em: dataset\decomposition_based\adaptative_walk\l25_r0.25\fv_17400
17400. Decomposition 0.369394996141 0.245364797612 0.035124862994 0.022990010836 0.922082723301 0.015685166519 2.860288592982 0.413981754923 0.975304325826 0.172629109922 -0.002282844674 0.001426078823 0.001156733162 0.000765232515 0.766553167805 0.076266025464 2.877762112171 0.656998939674 0.718692581985 0.210939138127 0.209812617759 0.050385787629 0.144445140935 0.021914272792 0.799685489605 0.053321119506 2.671079671316 0.622615240431 0.742762290852 0.237326812193 
Arquivo CSV criado com sucesso em: dataset\decomposition_based\adaptative_walk\l25_r0.25\fv_17700
17700. Decomposition 0.367086072710 0.241489337597 0.035530371868 0.023682053980 0.922364856467 0.015554751507 2.892482275168 0.379030633461 0.991175646531 0.152993298041 -0.002363968439 0.001480179435 0.001183089083 0.000806590040 0.767119313496 0.076768354384 2.911867052856 0.614535573574 0.716543499078 0.212417745702 0.205399077402 0.041990707055 0.145211046354 0.022011638951 0.802145379926 0.053921412763 2.703671901912 0.583413499228 0.764798913679 0.216012066653 
Arquivo CSV criado com sucesso em: dataset\decomposition_based\adaptative_walk\l25_r0.25\fv_18000
18000. Decomposition 0.365247899941 0.238486864523 0.035751323126 0.024073760601 0.922802438069 0.015432137014 2.924556201928 0.364062037446 1.005026013494 0.145328912958 -0.002426765982 0.001544326943 0.001192136133 0.000821866363 0.771450245319 0.081554419098 2.934317310522 0.593522546763 0.736500768486 0.205308121585 0.201344946832 0.036407361991 0.146068449033 0.022370398000 0.806956476964 0.057561096027 2.728697644760 0.561786724776 0.778274752568 0.211141412323 
Arquivo CSV criado com sucesso em: dataset\decomposition_based\adaptative_walk\l25_r0.25\fv_18300
18300. Decomposition 0.363793308989 0.236165009256 0.035812973095 0.024184804402 0.922917792504 0.015416209658 2.959183051181 0.372840282097 1.019375879269 0.148286663090 -0.002474832389 0.001605016729 0.001196559996 0.000829521208 0.771034192307 0.081026538580 2.965893432844 0.574641458546 0.747057131221 0.207743637542 0.198555888400 0.034308169467 0.146106368461 0.022392197144 0.808232553427 0.059017318005 2.762118195736 0.546036433459 0.796512228527 0.215388028321 
Arquivo CSV criado com sucesso em: dataset\decomposition_based\adaptative_walk\l25_r0.25\fv_18600
18600. Decomposition 0.362594789135 0.234288902282 0.035804832080 0.024170097968 0.923070546393 0.015405730352 2.994828183273 0.407072038650 1.032411138594 0.160104949231 -0.002507159891 0.001650884132 0.001191153148 0.000820181670 0.771187581006 0.081219570438 3.002392664012 0.569732697504 0.765079727195 0.221349185850 0.196324042897 0.033880809712 0.145954109064 0.022307659089 0.808882588566 0.059829241935 2.798862402015 0.547354718907 0.813872148936 0.230347338403 
Arquivo CSV criado com sucesso em: dataset\decomposition_based\adaptative_walk\l25_r0.25\fv_18900
18900. Decomposition 0.361599490182 0.232756940140 0.035744769725 0.024062000797 0.923188549484 0.015405927941 3.031787732303 0.463527114372 1.044804152367 0.177819421467 -0.002529820935 0.001685251279 0.001182271328 0.000805235019 0.770407852043 0.080257845542 3.046514532029 0.588440263721 0.783663024854 0.245880455791 0.194387877299 0.034455600618 0.145809630401 0.022234857752 0.809494693890 0.060634829714 2.835176430341 0.567667178320 0.827905995083 0.248947498492 
Arquivo CSV criado com sucesso em: dataset\decomposition_based\adaptative_walk\l25_r0.25\fv_19200
19200. Decomposition 0.420040505036 0.284462317213 0.033744369925 0.023323671894 0.877881973348 0.136791287843 2.913737714369 0.605033006390 0.919937466869 0.424235823477 -0.002453749616 0.001619405605 0.001165649356 0.000759106035 0.649649046285 0.369390795646 2.961156237007 0.638021636794 0.643550267061 0.495029358363 0.211853667554 0.063642257683 0.141284692053 0.025125906693 0.722901132935 0.267987022772 2.762895133162 0.599578793714 0.704094390416 0.448862102510 
Arquivo CSV criado com sucesso em: dataset\decomposition_based\adaptative_walk\l25_r0.25\fv_19500
19500. Decomposition 0.415444179487 0.275890639836 0.036313743168 0.022792914955 0.922196992717 0.014933971874 2.910653719324 0.611061463553 0.954176389289 0.333374454522 -0.002512560872 0.001604983005 0.001199076946 0.000761737801 0.716334796729 0.178391677734 2.987573248105 0.605856553548 0.746372181281 0.270201295304 0.211167953268 0.061893660888 0.138785477667 0.029866595443 0.739914458114 0.218451951643 2.885396202547 0.559900018611 0.748345780629 0.344076641258 
Arquivo CSV criado com sucesso em: dataset\decomposition_based\adaptative_walk\l25_r0.25\fv_19800
19800. Decomposition 0.411603315752 0.269060576044 0.038077124802 0.023905671281 0.924191990727 0.014905655304 2.916665395191 0.599386146772 0.971979009826 0.289282839303 -0.002620747286 0.001628811120 0.001241144650 0.000783495209 0.764257734621 0.077889806267 2.976996812849 0.617715708447 0.749086502270 0.266543004840 0.204746524697 0.046753948461 0.141760555438 0.024380600589 0.793043309209 0.077553818602 2.770757670968 0.590279352854 0.764144664423 0.311869472053 
Arquivo CSV criado com sucesso em: dataset\decomposition_based\adaptative_walk\l25_r0.25\fv_20100
20100. Decomposition 0.408751486684 0.264200226930 0.038987190954 0.024903744691 0.924170867885 0.014893363008 2.934356220386 0.566965328468 0.992753113671 0.242612348992 -0.002699379532 0.001685598059 0.001265514841 0.000804930552 0.772214729874 0.076104959252 2.991970083744 0.601350446777 0.754266135354 0.260127210952 0.201027068228 0.039656453369 0.142446150160 0.023418382468 0.795697369928 0.072550621219 2.774446124508 0.586193117007 0.791714256094 0.266753715009 
Arquivo CSV criado com sucesso em: dataset\decomposition_based\adaptative_walk\l25_r0.25\fv_20400
20400. Decomposition 0.406731442345 0.260872481236 0.039304363848 0.025311614461 0.923680662725 0.014682211968 2.961428171773 0.523917775518 1.016320655607 0.200260240424 -0.002761842186 0.001752161717 0.001282399220 0.000823269079 0.772504489219 0.076180456052 3.005797881343 0.588882455298 0.758855817900 0.255099124840 0.197205315906 0.034667782183 0.143658739500 0.022085960986 0.806779744444 0.059142004913 2.786124672272 0.574470468931 0.799028625666 0.257930457547 

Single Random walk:
200. Dominance: Arquivo CSV criado com sucesso em: dataset\pareto_based\random_walk\l25\fv_200
0.176875000000 0.045872615742 -0.192342066889 2.183954703430 -0.933767762888 0.268125000000 0.094461880539 -0.778874332511 1.458613869551 0.237445766304 0.555000000000 0.114345966260 -0.822425164891 1.530005959149 -0.094811391654 0.555000000000 0.114345966260 -0.822425164891 1.530005959149 -0.094811391654 
400. Dominance: Arquivo CSV criado com sucesso em: dataset\pareto_based\random_walk\l25\fv_400
0.216562500000 0.059646582834 0.227217176558 2.838009926993 -0.293766167327 0.265520833333 0.093835088701 -0.679053711458 1.918168001323 -0.388557562068 0.517916666667 0.100484071430 -0.369243094437 1.912061487544 0.509436249777 0.517916666667 0.100484071430 -0.369243094437 1.912061487544 0.509436249777 
600. Dominance: Arquivo CSV criado com sucesso em: dataset\pareto_based\random_walk\l25\fv_600
0.232638888889 0.054175034966 0.368546973842 3.499801362470 -0.930572698919 0.238750000000 0.089072185146 -0.133425765892 1.914111478089 0.150487907352 0.528611111111 0.085985122888 -0.308236852835 2.234548925695 0.249899069537 0.528611111111 0.085985122888 -0.308236852835 2.234548925695 0.249899069537 
800. Dominance: Arquivo CSV criado com sucesso em: dataset\pareto_based\random_walk\l25\fv_800
0.231562500000 0.056394778958 0.402951152570 3.079411933302 -0.916894716974 0.229427083333 0.082750418947 0.066786786542 2.186624648810 0.332152402285 0.539010416667 0.077822591799 -0.217570747691 2.509172990483 -0.058361229931 0.539010416667 0.077822591799 -0.217570747691 2.509172990483 -0.058361229931 
1000. Dominance: Arquivo CSV criado com sucesso em: dataset\pareto_based\random_walk\l25\fv_1000
0.224416666667 0.056278758081 0.441803030655 2.573385967791 -0.655995453759 0.221375000000 0.076882519957 0.063492362202 2.582274617560 0.594785965682 0.554208333333 0.081387906469 0.000966451812 2.445668767377 -0.104627633625 0.554208333333 0.081387906469 0.000966451812 2.445668767377 -0.104627633625 
1200. Dominance: Arquivo CSV criado com sucesso em: dataset\pareto_based\random_walk\l25\fv_1200
0.211152482270 0.066158921201 0.303370162807 2.975357385359 -0.773323942284 0.219804964539 0.073156945828 0.077183690133 2.744216835098 0.588204459691 0.569042553191 0.088055143600 0.123044457922 3.036271402202 0.154246408561 0.569042553191 0.088055143600 0.123044457922 3.036271402202 0.154246408561 

Single adaptive dominance walk:
Arquivo CSV criado com sucesso em: dataset\pareto_based\adaptative_walk\l25_r0.25\fv_200
200. Dominance: 0.192083333333 0.041888990200 -0.115377695530 2.296493914638 -1.111333468861 0.251666666667 0.086071675558 0.023676707574 1.596417573788 0.452487783581 0.556250000000 0.090786494040 -0.377593360996 2.302666157544 -1.109968429182 0.556250000000 0.090786494040 -0.377593360996 2.302666157544 -1.109968429182 
Arquivo CSV criado com sucesso em: dataset\pareto_based\adaptative_walk\l25_r0.25\fv_400
400. Dominance: 0.270053191489 0.094379375998 0.587430993666 1.793520213238 0.113438102496 0.178457446809 0.098691745084 0.502328941534 2.825477297127 0.804309994275 0.551489361702 0.073662512079 -0.114034644715 2.678527203464 -0.879679431695 0.551489361702 0.073662512079 -0.114034644715 2.678527203464 -0.879679431695 
Arquivo CSV criado com sucesso em: dataset\pareto_based\adaptative_walk\l25_r0.25\fv_600
600. Dominance: 0.288262411348 0.090697955649 0.439497816290 1.808368158518 -0.157442600903 0.164078014184 0.092881127404 0.321067620234 3.400392088620 0.704223045154 0.547659574468 0.067182177679 -0.165575659055 2.692635465293 -0.781184950167 0.547659574468 0.067182177679 -0.165575659055 2.692635465293 -0.781184950167 
Arquivo CSV criado com sucesso em: dataset\pareto_based\adaptative_walk\l25_r0.25\fv_800
800. Dominance: 0.316755319149 0.094921267201 0.528406346788 2.086242007293 -0.420113411760 0.145239361702 0.087665089523 0.381323890866 4.091641309643 1.067859497359 0.538005319149 0.063397600456 -0.152848939749 2.377097379480 -0.440271282863 0.538005319149 0.063397600456 -0.152848939749 2.377097379480 -0.440271282863 
Arquivo CSV criado com sucesso em: dataset\pareto_based\adaptative_walk\l25_r0.25\fv_1000
1000. Dominance: 0.338829787234 0.107329565273 0.484541681291 2.511100596884 -0.041007601171 0.122063829787 0.091121106962 0.522984549275 4.090669398423 1.125154448805 0.539106382979 0.074655678609 -0.230706546947 2.509427075785 0.043311893723 0.539106382979 0.074655678609 -0.230706546947 2.509427075785 0.043311893723 
Arquivo CSV criado com sucesso em: dataset\pareto_based\adaptative_walk\l25_r0.25\fv_1200
1200. Dominance: 0.373989361702 0.127161102014 0.529345279204 2.231949882043 0.012746390420 0.105833333333 0.091009004439 0.586493360334 4.391216946494 1.259213726200 0.520177304965 0.081801608749 -0.133990263348 2.211073679384 0.120268126640 0.520177304965 0.081801608749 -0.133990263348 2.211073679384 0.120268126640 
Dominance adaptive walk: 24
Arquivo CSV criado com sucesso em: dataset\decomposition_based\adaptative_walk\l25_r0.25\mo_features_random_walk_decomposition.csv
