
Multi Random walk:
Arquivo CSV criado com sucesso em: dataset\decomposition_based\random_walk\l50\fv_300
300. Decomposition 0.520087605943 0.000000000000 0.208158636156 0.000000000000 0.878102960689 0.000000000000 1.829798334428 0.000000000000 -0.052358278336 0.000000000000 0.014737239120 0.000000000000 0.028331542437 0.000000000000 -0.169083889751 0.000000000000 1.890200609458 0.000000000000 0.093175912186 0.000000000000 0.504166666667 0.000000000000 0.177961060035 0.000000000000 -0.235655075896 0.000000000000 2.199073172830 0.000000000000 0.002289740010 0.000000000000 
Arquivo CSV criado com sucesso em: dataset\decomposition_based\random_walk\l50\fv_600
600. Decomposition 0.488347347665 0.487381456740 0.004546130434 0.004020158466 0.679413172270 0.293969210686 2.918018469212 1.030149034090 0.467802670851 0.240709400507 0.000311169281 0.000298377649 0.001301178475 0.001246107415 -0.100802300120 0.136851386670 2.508067725245 0.088980708896 -0.217650871784 0.560762758007 0.467571428571 0.000428571429 0.156809834940 0.003739222983 -0.089110410625 0.025455529870 2.392632219252 0.081150518144 -0.117504198327 0.501057637916 
Arquivo CSV criado com sucesso em: dataset\decomposition_based\random_walk\l50\fv_900
900. Decomposition 0.481931556877 0.480994197285 0.006657976869 0.006147541522 0.881340359051 0.092042023905 2.197873670777 0.310004235655 -0.007928111079 0.235021381423 0.000615637264 0.000603223482 0.001469195869 0.001415751547 0.044561594028 0.008512507478 2.453579667489 0.034492651139 0.273249603842 0.069862282381 0.504714285714 0.036714285714 0.166475528056 0.005926470133 -0.059185656867 0.055380283628 2.473582616558 0.162100915451 0.157495104748 0.226058334841 
Arquivo CSV criado com sucesso em: dataset\decomposition_based\random_walk\l50\fv_1200
1200. Decomposition 0.474142579641 0.386674749354 0.007730202263 0.006878853899 0.859438973268 0.080574093874 2.375523744435 0.348237800878 0.285986563509 0.435808691503 0.000315189806 0.000270471622 0.001179003702 0.000886360829 -0.044178636804 0.119356477638 2.763598916519 0.298804549360 0.165537598656 0.140705098786 0.501555555556 0.035092822241 0.143492241890 0.028384506710 -0.108854656643 0.096967366626 2.419942236550 0.252266126840 0.151063972382 0.183515661005 
Arquivo CSV criado com sucesso em: dataset\decomposition_based\random_walk\l50\fv_1500
1500. Decomposition 0.471934217991 0.383973839623 0.008889342888 0.008435940129 0.890227838199 0.069425071346 2.258123128573 0.324919970454 0.040909832680 0.187607571461 0.000363065158 0.000271754159 0.001302424323 0.001031333831 0.054991071442 0.021209073623 2.557403739844 0.126042790421 0.225962959958 0.083500957582 0.514666666667 0.034422215049 0.159682667645 0.005897371192 0.008760006211 0.099142097984 2.572372240656 0.192116981577 0.242546249985 0.217770765459 
Arquivo CSV criado com sucesso em: dataset\decomposition_based\random_walk\l50\fv_1800
1800. Decomposition 0.506386736309 0.366473094210 0.006691228295 0.005418074989 0.767646365066 0.220666112179 2.266687835295 0.281779706515 0.028070800837 0.163987721699 0.000030336967 0.000449445842 0.001380630841 0.000977633090 0.037198486704 0.036543471442 2.612361757891 0.143903673104 0.290478989271 0.133732658966 0.500166666667 0.038979695569 0.155517730656 0.008838797465 -0.011399271474 0.092687950268 2.611153669506 0.179426025506 0.276527392695 0.197565771064 
Arquivo CSV criado com sucesso em: dataset\decomposition_based\random_walk\l50\fv_2100
2100. Decomposition 0.493771004513 0.338771263194 0.007415455803 0.004752943112 0.894122204273 0.054103561797 2.330387336149 0.370050103267 0.293307957614 0.370033394667 -0.000281685529 0.000609788205 0.001567783692 0.001240984580 -0.099879381277 0.340714110498 2.596105897554 0.113504794737 0.116946224398 0.245148168362 0.509400000000 0.043559614323 0.161975095240 0.010405216091 -0.124868909408 0.246889519544 2.528519875504 0.158247520737 0.052226218047 0.380093302244 
Arquivo CSV criado com sucesso em: dataset\decomposition_based\random_walk\l50\fv_2400
2400. Decomposition 0.473017812859 0.327363159448 0.009549745428 0.008110676177 0.907424434415 0.060344272029 2.320593126761 0.378338278138 0.241553223228 0.362959902950 -0.000054031695 0.000397559730 0.001358148654 0.000969547008 0.019309401252 0.105013475738 2.778318613342 0.382606827945 0.091991011297 0.293502932893 0.503650000000 0.038798066962 0.157773198301 0.005612966947 -0.037204893942 0.099693942402 2.578150188243 0.170052253148 0.201916168751 0.176258712344 
Arquivo CSV criado com sucesso em: dataset\decomposition_based\random_walk\l50\fv_2700
2700. Decomposition 0.468717875567 0.320303403290 0.008254442684 0.006328111606 0.846942468447 0.143746511956 2.442037715695 0.437800503046 0.349297535858 0.362529127603 0.000096741520 0.000424679175 0.001368114251 0.000985870665 -0.016815834768 0.127608321000 2.713783254443 0.388317974830 0.145462496058 0.196730327615 0.519666666667 0.048268922599 0.160862943736 0.013157253995 -0.015362095239 0.081870269562 2.683972728045 0.252846041598 0.255977920154 0.183689118648 
Arquivo CSV criado com sucesso em: dataset\decomposition_based\random_walk\l50\fv_3000
3000. Decomposition 0.467184939613 0.317966500500 0.008928378394 0.006754854323 0.901793315586 0.055322112034 2.507222820240 0.539979667559 0.186137384681 0.406638946300 0.000132049565 0.000486081949 0.001393570217 0.001028880256 0.017932388444 0.085758596019 2.989878120356 0.584937864864 0.028782456866 0.304624926669 0.518111111111 0.046077899686 0.160299561458 0.012060597156 -0.034643622155 0.082975191508 2.632359541857 0.190821146256 0.220174325284 0.158129842482 
Arquivo CSV criado com sucesso em: dataset\decomposition_based\random_walk\l50\fv_3300
3300. Decomposition 0.465491465222 0.316357823066 0.007900021362 0.005320313237 0.874172383858 0.084857597520 2.535740008633 0.504780561897 0.127692035550 0.402775631793 0.000202371973 0.000436469636 0.001308290098 0.000880292893 0.025786758513 0.081298671961 2.782607547223 0.351861766688 0.027537347596 0.271384654191 0.521523809524 0.042946573359 0.161933219414 0.013919749790 -0.027389210492 0.079165931247 2.811360063548 0.404078241700 0.237226973815 0.209866157065 
Arquivo CSV criado com sucesso em: dataset\decomposition_based\random_walk\l50\fv_3600
3600. Decomposition 0.486262836588 0.322590469124 0.007138811359 0.004413815869 0.787496967449 0.242521226647 2.476013508113 0.499446649448 0.119342777739 0.374645909331 0.000214865350 0.000379426522 0.001405376071 0.000983243029 0.009277607520 0.075752186213 2.783060500290 0.341372072158 0.034817183362 0.216862461270 0.513250000000 0.041011431333 0.166869087915 0.023920859068 -0.067954203732 0.133268048429 2.720743334052 0.228876225853 0.048141499014 0.317509325708 
Arquivo CSV criado com sucesso em: dataset\decomposition_based\random_walk\l50\fv_3900
3900. Decomposition 0.485187744756 0.321695751150 0.007060099416 0.004389897428 0.820978026168 0.161469805825 2.482328220329 0.494296463991 0.126177434058 0.373409238985 0.000266140805 0.000426733072 0.001340346025 0.000875105281 0.005636242044 0.077558216215 2.953878850803 0.536093654139 0.154285991500 0.319380121759 0.519812500000 0.039331871221 0.159240114040 0.014028714497 -0.062054618995 0.120660180937 2.765103055861 0.299823811756 0.193895028301 0.201978693737 
