
Multi Random walk:
Arquivo CSV criado com sucesso em: dataset\decomposition_based\random_walk\l5\fv_300
300. Decomposition 0.516307683139 0.000000000000 0.025213844567 0.000000000000 -1.000000000000 0.000000000000 1.000000000000 0.000000000000 0.000000000000 0.000000000000 -0.028786168948 0.000000000000 0.006935195793 0.000000000000 -1.000000000000 0.000000000000 1.000000000000 0.000000000000 0.000000000000 0.000000000000 0.363685567010 0.000000000000 0.048685567010 0.000000000000 -1.000000000000 0.000000000000 1.000000000000 0.000000000000 -0.000000000000 0.000000000000 
Arquivo CSV criado com sucesso em: dataset\decomposition_based\random_walk\l5\fv_600
600. Decomposition 0.486297430924 0.000000000000 0.059476894177 0.000000000000 -0.907889495370 0.000000000000 1.500000000000 0.000000000000 -0.455974154149 0.000000000000 -0.027383339645 0.000000000000 0.003361046150 0.000000000000 -0.832751213483 0.000000000000 1.500000000000 0.000000000000 0.695758640497 0.000000000000 0.353945578231 0.000000000000 0.037726808054 0.000000000000 -0.632150551090 0.000000000000 1.500000000000 0.000000000000 0.448377693155 0.000000000000 
Arquivo CSV criado com sucesso em: dataset\decomposition_based\random_walk\l5\fv_900
900. Decomposition 0.511900299322 0.000000000000 0.105294623855 0.000000000000 -0.498585655712 0.000000000000 2.086797431353 0.000000000000 0.609506149374 0.000000000000 -0.028472834560 0.000000000000 0.005194432050 0.000000000000 -0.412862801125 0.000000000000 1.974994360394 0.000000000000 -0.445106362807 0.000000000000 0.364000000000 0.000000000000 0.034554305086 0.000000000000 -0.650620453573 0.000000000000 1.487365638915 0.000000000000 -0.077367113229 0.000000000000 
Arquivo CSV criado com sucesso em: dataset\decomposition_based\random_walk\l5\fv_1200
1200. Decomposition 0.490153957401 0.489463891528 0.000070971073 0.000070971073 -0.249292827856 0.249292827856 2.086797431353 0.000000000000 0.609506149374 0.000000000000 0.000355731720 0.000392845114 0.000004257812 0.000004257812 -0.337371187036 0.337371187036 1.842390282578 0.000000000000 -0.074735150201 0.000000000000 0.464350515464 0.092350515464 0.022505554870 0.022505554870 -0.305938975663 0.305938975663 1.666032105823 0.000000000000 0.286602490466 0.000000000000 
Arquivo CSV criado com sucesso em: dataset\decomposition_based\random_walk\l5\fv_1500
1500. Decomposition 0.487030348749 0.486342897204 0.002083290078 0.001941885683 -0.552771399128 0.054185743417 1.793398715676 0.293398715676 -0.042624692759 0.652130842133 -0.000140199174 0.000103226386 0.000509523793 0.000501040430 -0.363896106693 0.310846267379 1.671195141289 0.171195141289 -0.220301298532 0.145566148330 0.430892473118 0.058892473118 0.049416828947 0.004405719207 -0.319925802474 0.291952148852 1.583016052911 0.083016052911 0.004375950762 0.282226539704 
Arquivo CSV criado com sucesso em: dataset\decomposition_based\random_walk\l5\fv_1800
1800. Decomposition 0.485534961369 0.484847509824 0.003192629925 0.003051225530 0.025992665017 0.524578320728 1.774083533894 0.312713897459 0.129204428711 0.480301720662 -0.000125150424 0.000088177635 0.000366120082 0.000357636719 -0.230361536185 0.444380837887 1.760829835938 0.081560446640 0.121017853695 0.195753003897 0.432505829016 0.060505829016 0.042965030128 0.002046079612 -0.280503906895 0.331374044431 1.808437300134 0.142405194311 0.125017801246 0.161584689220 
Arquivo CSV criado com sucesso em: dataset\decomposition_based\random_walk\l5\fv_2100
2100. Decomposition 0.473293065428 0.399108832123 0.000921452622 0.001257711157 -0.002338525276 0.404232768512 1.754443624166 0.332353807187 0.331430001407 0.278076147967 0.000030285381 0.000116290625 0.000105745956 0.000146814405 -0.166413330315 0.366514287276 1.780366346762 0.062023935816 0.013123570102 0.087858720303 0.478888888889 0.080613082907 0.027502592086 0.019687748184 -0.186850085046 0.301269700252 2.004191102334 0.338158996511 -0.055919878039 0.342522368505 
Arquivo CSV criado com sucesso em: dataset\decomposition_based\random_walk\l5\fv_2400
2400. Decomposition 0.471526728634 0.396883302479 0.002687789416 0.002136945801 -0.335671858609 0.619731664925 1.502962416111 0.447353288551 0.220953334271 0.275610384435 0.000302710161 0.000499145774 0.000301174405 0.000237923288 -0.499746663648 0.495593305837 1.520244231175 0.371337684296 0.008749046735 0.072002611515 0.481507936508 0.083498361160 0.042343861927 0.003433253353 -0.520183418379 0.434072495268 1.669460734889 0.548017495822 -0.037279918692 0.280907953108 
Arquivo CSV criado com sucesso em: dataset\decomposition_based\random_walk\l5\fv_2700
2700. Decomposition 0.469115763052 0.393850834397 0.003731013733 0.003491611336 0.056718058026 0.413104952557 1.767567592726 0.271999716671 0.333911893256 0.227075352294 0.000246506207 0.000419797802 0.000280370073 0.000213565086 -0.284989423481 0.350696474747 1.751009387919 0.065485172427 0.184204643569 0.252356039263 0.473281835206 0.074679299766 0.043417525631 0.004332874023 -0.268965308157 0.271224591767 2.001974261707 0.276123462807 0.151116355699 0.404897994699 
Arquivo CSV criado com sucesso em: dataset\decomposition_based\random_walk\l5\fv_3000
3000. Decomposition 0.468990675532 0.393693670020 0.003446822785 0.003111721125 0.056484377641 0.413036943438 1.932071772759 0.369787624337 0.393950456816 0.243656542564 0.000305882248 0.000503625366 0.000277069509 0.000209820027 -0.393602741975 0.402427741471 1.609342064291 0.247109805820 0.030313176712 0.075743437382 0.477273368607 0.078867454547 0.039417301367 0.004019607530 -0.396480082169 0.316724072492 2.077571399437 0.294963851944 0.233639410243 0.495886624956 
Arquivo CSV criado com sucesso em: dataset\decomposition_based\random_walk\l5\fv_3300
3300. Decomposition 0.479804805800 0.367191845324 0.002359974540 0.001804623226 -0.207636716769 0.580714641645 1.699053829569 0.515217673299 0.295462842612 0.271340770076 0.000461553965 0.000533449527 0.000148759534 0.000139833920 -0.546713297383 0.436837655938 1.455462417935 0.340600655921 0.021015270117 0.065876116741 0.505397727273 0.084054079005 0.035866708470 0.007815088474 -0.543807288555 0.378138149473 1.787311335081 0.516632048650 0.147692538428 0.402276507230 
Arquivo CSV criado com sucesso em: dataset\decomposition_based\random_walk\l5\fv_3600
3600. Decomposition 0.478986628289 0.366082071495 0.002995415841 0.002162791941 0.038272450872 0.359088652443 1.824053829569 0.370891889217 0.240921792652 0.338791527665 0.000550228646 0.000667647970 0.000243273978 0.000157100054 -0.396502104482 0.349771171499 1.580462417935 0.221400547267 0.195052481083 0.296465237696 0.513346774194 0.092870649461 0.033897286008 0.011035402395 -0.473339238936 0.305927568039 1.912311335081 0.341988069853 0.310827949292 0.439861465949 
Arquivo CSV criado com sucesso em: dataset\decomposition_based\random_walk\l5\fv_3900
3900. Decomposition 0.478222899061 0.365048071030 0.003258611805 0.002444543595 0.113027783507 0.370865349857 1.921794310881 0.320739838502 0.286887675979 0.280915823998 0.000453954319 0.000522445547 0.000269651111 0.000188885056 -0.390728278449 0.349870327780 1.826423517097 0.436952560034 -0.073635879135 0.187601764004 0.503325581395 0.081980240730 0.040512616712 0.003174130091 -0.238575606313 0.379471556429 1.897979538230 0.359708723431 0.026094442524 0.492039573567 
Arquivo CSV criado com sucesso em: dataset\decomposition_based\random_walk\l5\fv_4200
4200. Decomposition 0.499676236560 0.352963338430 0.002071629451 0.002022849894 0.090422226806 0.334778928481 1.921794310881 0.320739838502 0.286887675979 0.280915823998 0.000369498180 0.000373933841 0.000171328495 0.000159134305 -0.318578954043 0.351083261969 1.836573212908 0.452307232520 -0.087116969347 0.209671797894 0.499103296703 0.073457043136 0.032650993020 0.016598573878 -0.180433089633 0.365141779883 1.869127848558 0.397693804842 0.039127441429 0.478804802241 
Arquivo CSV criado com sucesso em: dataset\decomposition_based\random_walk\l5\fv_4500
4500. Decomposition 0.497374225820 0.351798144932 0.002562854733 0.001727207854 0.063298265454 0.346301871267 1.837435448705 0.332813620083 0.097064616511 0.455260514168 0.000407518235 0.000383208576 0.000250051063 0.000152639636 -0.509176957437 0.383573757311 1.769258570326 0.426368983975 -0.000129314172 0.255806995363 0.505652032520 0.073234780712 0.037321977680 0.007600030953 -0.224245936164 0.353830760351 1.795302278846 0.385135234562 0.153527160642 0.485543421274 
Arquivo CSV criado com sucesso em: dataset\decomposition_based\random_walk\l5\fv_4800
4800. Decomposition 0.497363424244 0.351842782642 0.002516418126 0.001730516150 0.089206169874 0.335116044504 1.997265673485 0.324164991162 0.008248073432 0.611302766694 0.000373999865 0.000372366382 0.000210359350 0.000133369221 -0.470411486980 0.344573112708 1.814199289381 0.407023139254 -0.052792110755 0.199706269143 0.506622527473 0.073400891147 0.037052564348 0.008097939614 -0.076316636980 0.462883968978 1.754138265334 0.423578454277 0.047466843395 0.428580696508 
Arquivo CSV criado com sucesso em: dataset\decomposition_based\random_walk\l5\fv_5100
5100. Decomposition 0.482770931735 0.332381967637 0.001592532788 0.001415828606 0.070538674505 0.308827169664 1.982353247628 0.311398096465 0.054255116936 0.528774611952 0.000442072135 0.000446281738 0.000148473876 0.000117770417 -0.362612617795 0.335277544351 1.807522355096 0.408706833110 -0.169158502635 0.249184796893 0.527818565401 0.081872057449 0.031791736545 0.015273686112 -0.148164784663 0.341047382400 1.917705067122 0.368737405998 0.191559324385 0.525685406574 
Arquivo CSV criado com sucesso em: dataset\decomposition_based\random_walk\l5\fv_5400
5400. Decomposition 0.482639940700 0.332186778075 0.001723523823 0.001293502556 -0.096127992162 0.507716457398 1.818627706357 0.463505745802 0.045212597447 0.483126271621 0.000443847776 0.000449504731 0.000196153724 0.000105253442 -0.529279284461 0.361149620014 1.672935295913 0.479342722231 -0.140965418862 0.236047599081 0.517910075330 0.071493371738 0.033201811875 0.012392318703 -0.314831451330 0.453667217657 1.764754222602 0.479870676692 0.159632770321 0.485164040825 
Arquivo CSV criado com sucesso em: dataset\decomposition_based\random_walk\l5\fv_5700
5700. Decomposition 0.480278468748 0.330420502046 0.002230173268 0.001421629824 -0.125712421259 0.561812484729 1.995028579388 0.285675746685 -0.075542848840 0.563240373318 0.000454192421 0.000470210508 0.000187531051 0.000099461279 -0.455216273713 0.296866483479 1.785131419259 0.376441008522 -0.218341460845 0.252663879612 0.516894736842 0.070736496188 0.034742907599 0.009443878181 -0.252858800762 0.374290755129 1.906475157604 0.337544984395 0.052896317574 0.571335951545 
Arquivo CSV criado com sucesso em: dataset\decomposition_based\random_walk\l5\fv_6000
6000. Decomposition 0.480059070497 0.330094225627 0.002310034903 0.001521412815 0.102273774827 0.309730043523 1.872441446765 0.375779632116 0.017539723614 0.489634822160 0.000385317504 0.000352446350 0.000220593142 0.000136821745 -0.293340884996 0.432020260300 1.736872864168 0.405163936822 -0.140078083802 0.236585234041 0.514159090909 0.069028359595 0.037881364030 0.005612810048 -0.150992730961 0.339875417373 1.991454096958 0.374834175550 0.008223670481 0.631147710288 
Arquivo CSV criado com sucesso em: dataset\decomposition_based\random_walk\l5\fv_6300
6300. Decomposition 0.501790354705 0.331197601329 0.001806132492 0.001363215409 -0.055193907291 0.480629227079 1.747806954370 0.462860635096 0.015034048812 0.453355308070 0.000314500665 0.000300071267 0.000175581084 0.000113743962 -0.405581491699 0.451224102297 1.641903183564 0.450247921547 -0.118849117700 0.225152109482 0.509889961390 0.065067111674 0.035665615934 0.007408798710 -0.287030809576 0.425498773693 1.897625787124 0.550734445958 -0.020736270622 0.630044272612 
Arquivo CSV criado com sucesso em: dataset\decomposition_based\random_walk\l5\fv_6600
6600. Decomposition 0.501479462381 0.330755071933 0.002187639910 0.001295833775 0.043213211951 0.321180523967 1.819235525799 0.371513993693 -0.080257786773 0.512717742179 0.000383398049 0.000308513718 0.000206323410 0.000113280454 -0.269843869333 0.390872732783 1.713331754992 0.376344232002 -0.180866999363 0.242959332493 0.515556840077 0.064132018145 0.036342517927 0.006338904151 -0.233712856597 0.349396501889 1.969054358553 0.453528851959 0.077781786031 0.677699361472 
Arquivo CSV criado com sucesso em: dataset\decomposition_based\random_walk\l5\fv_6900
6900. Decomposition 0.501343020495 0.330561225115 0.002148568523 0.001271714569 0.124145501603 0.291716065799 1.792222466365 0.399559677962 0.016906759103 0.453316411332 0.000369711236 0.000299376175 0.000273899276 0.000229051911 -0.390193376395 0.432122660780 1.807816196217 0.393555301616 -0.197995366122 0.263562745189 0.515444444444 0.064121495129 0.036796374743 0.005779181588 -0.271104930022 0.399827069302 1.937202595799 0.491585236349 0.017827724097 0.638340209014 
Arquivo CSV criado com sucesso em: dataset\decomposition_based\random_walk\l5\fv_7200
7200. Decomposition 0.502542366662 0.322438870773 0.001630901772 0.001202050457 0.108627313903 0.275946877517 1.792222466365 0.399559677962 0.016906759103 0.453316411332 0.000372557954 0.000290298718 0.000197833826 0.000179349607 -0.316962948379 0.396590218624 1.832910685414 0.420011593164 -0.248071944096 0.346653526980 0.520571428571 0.061303984956 0.032644090584 0.013317783223 -0.246223881661 0.400272831625 1.939940140086 0.487941131691 0.024714570048 0.641276399707 
Arquivo CSV criado com sucesso em: dataset\decomposition_based\random_walk\l5\fv_7500
7500. Decomposition 0.502288954190 0.322067310151 0.001876620808 0.001032512949 0.097500401460 0.281834543121 1.755694658069 0.386046512319 -0.041464528551 0.451286215435 0.000459922108 0.000462642275 0.000291947086 0.000238599767 -0.407464252374 0.396542662760 1.791296849737 0.408020220493 -0.135901409772 0.439571593362 0.527494791667 0.067458514893 0.038211041245 0.005553723463 -0.318595313346 0.401550194800 1.884947622575 0.479056331105 0.109178760625 0.640133103071 
Arquivo CSV criado com sucesso em: dataset\decomposition_based\random_walk\l5\fv_7800
7800. Decomposition 0.501764114307 0.321300857830 0.002564525942 0.002121604419 0.143809650231 0.277790805019 1.841601820243 0.395929524471 -0.108261316101 0.538031715642 0.000371547453 0.000288786319 0.000260616533 0.000186860572 -0.454288215354 0.449708084362 1.866630149201 0.402886506053 -0.325697059339 0.383832247097 0.521747891104 0.062012204825 0.037552195882 0.005054558873 -0.370631016010 0.455295805191 1.973740750726 0.465105470248 -0.097505208019 0.681465121832 
Arquivo CSV criado com sucesso em: dataset\decomposition_based\random_walk\l5\fv_8100
8100. Decomposition 0.504168294629 0.316737446995 0.002075686022 0.002045030766 0.160288496165 0.298390614964 1.722575597178 0.416709429860 -0.024481892079 0.437949701235 0.000352212710 0.000246692763 0.000208033626 0.000176055242 -0.309194188771 0.374553938131 1.922520717034 0.458877135474 -0.336008877610 0.399096372105 0.519111111111 0.058703481715 0.032840225082 0.012568375433 -0.236033383496 0.378479949286 1.988894461623 0.474448531115 -0.076182559165 0.656576429673 
Arquivo CSV criado com sucesso em: dataset\decomposition_based\random_walk\l5\fv_8400
8400. Decomposition 0.500098085991 0.314061508766 0.002195398559 0.001924862585 0.049177385054 0.472675424591 1.642289419713 0.453783679801 -0.021761681848 0.412974614990 0.000257879320 0.000287291104 0.000261147070 0.000178566723 -0.420305299882 0.412730256877 1.820018415141 0.520793174985 -0.298674557875 0.390808366904 0.518458937198 0.058944286815 0.034603510106 0.008186824749 -0.347144494607 0.435385623455 1.879017299220 0.544677948505 -0.067717830369 0.619489017178 
Arquivo CSV criado com sucesso em: dataset\decomposition_based\random_walk\l5\fv_8700
8700. Decomposition 0.498662671348 0.313576587093 0.002546033445 0.002003145676 0.164729777955 0.296261685360 1.674781826306 0.415483600149 -0.020348622289 0.413068405510 0.000311728809 0.000229007540 0.000256321663 0.000173189790 -0.344961338594 0.358339189697 1.931822156535 0.433432682408 -0.211730912107 0.514917925380 0.520777777778 0.058349098399 0.035164280711 0.006966269993 -0.331271478734 0.413340889067 2.010445870649 0.451448609361 0.034730336145 0.693978956528 
Arquivo CSV criado com sucesso em: dataset\decomposition_based\random_walk\l5\fv_9000
9000. Decomposition 0.498597604516 0.313478350458 0.002512587407 0.001973373302 0.154118073272 0.302191408979 1.698516232672 0.398727337767 0.019184647290 0.430979082510 0.000319027827 0.000228365445 0.000257048809 0.000174039524 -0.306915964010 0.376485063113 1.961537040101 0.446486218926 -0.217024363313 0.504815694428 0.520485674354 0.058383861611 0.035284503907 0.006724486541 -0.300101811862 0.381890827689 2.095680502572 0.539737166942 0.074383764159 0.751368864865 
Arquivo CSV criado com sucesso em: dataset\decomposition_based\random_walk\l5\fv_9300
9300. Decomposition 0.500075288834 0.310519196452 0.002234023240 0.001679391324 0.038706265944 0.449518242488 1.628664609405 0.432433098123 0.017266182561 0.408903163557 0.000290521930 0.000194927364 0.000298109070 0.000251614446 -0.380343223134 0.409492791938 1.877077675901 0.522881259128 -0.187666460152 0.498360553736 0.519620175439 0.055450674907 0.036687222014 0.007251803464 -0.380891238506 0.425269516324 1.972323750084 0.587674658959 0.055116415992 0.693674453094 
Arquivo CSV criado com sucesso em: dataset\decomposition_based\random_walk\l5\fv_9600
9600. Decomposition 0.499590415816 0.309776151010 0.002733578184 0.002213259620 0.124768679529 0.299900258607 1.678664609405 0.382925480233 -0.035723720555 0.440798176425 0.000183954231 0.000359972862 0.000255544992 0.000166147990 -0.371344956309 0.396561964724 1.927077675901 0.456286142193 -0.232859320814 0.499782377685 0.515298938429 0.057430881836 0.032574905195 0.010492196615 -0.360993008629 0.399724005502 2.022323750084 0.520220270438 0.125826020633 0.719991917040 
Arquivo CSV criado com sucesso em: dataset\decomposition_based\random_walk\l5\fv_9900
9900. Decomposition 0.499652895630 0.309871615181 0.002579892845 0.001944424576 0.128540824208 0.296775072945 1.806491489248 0.498009081431 -0.082245293163 0.509667507290 0.000187815973 0.000350274296 0.000249888196 0.000159106753 -0.336384012841 0.361381807854 2.041745333296 0.478112011129 -0.285717644858 0.545974099592 0.513870175439 0.058703932490 0.034614366823 0.006597218722 -0.358231100266 0.396758513529 2.150213088389 0.533133189630 -0.060471975688 0.783691246127 

Multi adaptive decomposition walk:
Arquivo CSV criado com sucesso em: dataset\decomposition_based\adaptative_walk\l5_r1.0\fv_300
300. Decomposition 0.000103580376 0.000000000000 0.000022123798 0.000000000000 -1.000000000000 0.000000000000 1.000000000000 0.000000000000 0.000000000000 0.000000000000 -0.000000808215 0.000000000000 0.000000550160 0.000000000000 -1.000000000000 0.000000000000 1.000000000000 0.000000000000 0.000000000000 0.000000000000 0.365969387755 0.000000000000 0.019030612245 0.000000000000 -1.000000000000 0.000000000000 1.000000000000 0.000000000000 0.000000000000 0.000000000000 
Arquivo CSV criado com sucesso em: dataset\decomposition_based\adaptative_walk\l5_r1.0\fv_600
600. Decomposition 0.000085946356 0.000000000000 0.000035889933 0.000000000000 -0.000019488653 0.000000000000 1.500000000000 0.000000000000 0.008127931332 0.000000000000 -0.000002216109 0.000000000000 0.000002035593 0.000000000000 -0.158104482728 0.000000000000 1.500000000000 0.000000000000 -0.552838890280 0.000000000000 0.370084602369 0.000000000000 0.014604687160 0.000000000000 -0.097965017572 0.000000000000 1.500000000000 0.000000000000 -0.466720467328 0.000000000000 
Arquivo CSV criado com sucesso em: dataset\decomposition_based\adaptative_walk\l5_r1.0\fv_900
900. Decomposition 0.000102128425 0.000000000000 0.000058635640 0.000000000000 0.642089661945 0.000000000000 1.666688792944 0.000000000000 0.106939021097 0.000000000000 -0.000004455830 0.000000000000 0.000003216600 0.000000000000 0.690674512218 0.000000000000 1.426394186909 0.000000000000 0.067970969877 0.000000000000 0.314583333333 0.000000000000 0.070898009688 0.000000000000 0.862500753421 0.000000000000 1.804637565941 0.000000000000 -0.605406774127 0.000000000000 
Arquivo CSV criado com sucesso em: dataset\decomposition_based\adaptative_walk\l5_r1.0\fv_1200
1200. Decomposition 0.000115426225 0.000000000000 0.000067662899 0.000000000000 0.734414128028 0.000000000000 1.715867734115 0.000000000000 0.162052429637 0.000000000000 -0.000005553631 0.000000000000 0.000003793488 0.000000000000 0.774277004676 0.000000000000 1.550542320004 0.000000000000 0.131066922126 0.000000000000 0.314508547009 0.000000000000 0.057350049198 0.000000000000 0.602533336934 0.000000000000 1.463398288728 0.000000000000 -0.111264097678 0.000000000000 
Arquivo CSV criado com sucesso em: dataset\decomposition_based\adaptative_walk\l5_r1.0\fv_1500
1500. Decomposition 0.000125879461 0.000000000000 0.000080486916 0.000000000000 0.803692415180 0.000000000000 1.795519700844 0.000000000000 0.314449624176 0.000000000000 -0.000007299662 0.000000000000 0.000004460770 0.000000000000 0.815443681401 0.000000000000 1.685035369188 0.000000000000 0.342972076580 0.000000000000 0.270230263158 0.000000000000 0.090970874983 0.000000000000 0.734425073360 0.000000000000 1.701198576668 0.000000000000 -0.260076710281 0.000000000000 
Arquivo CSV criado com sucesso em: dataset\decomposition_based\adaptative_walk\l5_r1.0\fv_1800
1800. Decomposition 0.000129050532 0.000000000000 0.000085575113 0.000000000000 0.821426498162 0.000000000000 1.852311579094 0.000000000000 0.373594554969 0.000000000000 -0.000008498606 0.000000000000 0.000005334896 0.000000000000 0.905243941336 0.000000000000 1.976188992327 0.000000000000 0.060948084002 0.000000000000 0.250523560209 0.000000000000 0.101874718124 0.000000000000 0.807440105751 0.000000000000 1.544601073923 0.000000000000 -0.126084648805 0.000000000000 
Arquivo CSV criado com sucesso em: dataset\decomposition_based\adaptative_walk\l5_r1.0\fv_2100
2100. Decomposition 0.000129863488 0.000000000000 0.000093666571 0.000000000000 0.842424051047 0.000000000000 1.971917540502 0.000000000000 0.478786582610 0.000000000000 -0.000009798936 0.000000000000 0.000005613424 0.000000000000 0.836309889428 0.000000000000 1.948816798361 0.000000000000 0.298328867963 0.000000000000 0.217997002997 0.000000000000 0.116292030052 0.000000000000 0.866567591091 0.000000000000 1.615804394683 0.000000000000 0.037064583161 0.000000000000 
Arquivo CSV criado com sucesso em: dataset\decomposition_based\adaptative_walk\l5_r1.0\fv_2400
2400. Decomposition 0.000125447845 0.000000000000 0.000096594257 0.000000000000 0.846776423128 0.000000000000 2.034774962910 0.000000000000 0.535183560129 0.000000000000 -0.000010325320 0.000000000000 0.000005655252 0.000000000000 0.798831086892 0.000000000000 1.985238924507 0.000000000000 0.425499986998 0.000000000000 0.209057017544 0.000000000000 0.114125779979 0.000000000000 0.836129097316 0.000000000000 1.519538620846 0.000000000000 0.276344022887 0.000000000000 
Arquivo CSV criado com sucesso em: dataset\decomposition_based\adaptative_walk\l5_r1.0\fv_2700
2700. Decomposition 0.000108133567 0.000000000000 0.000099669406 0.000000000000 0.845088482241 0.000000000000 2.192929421311 0.000000000000 0.677211243632 0.000000000000 -0.000010983250 0.000000000000 0.000005498816 0.000000000000 0.776584337950 0.000000000000 2.233073109947 0.000000000000 0.654648275575 0.000000000000 0.187175324675 0.000000000000 0.118549774164 0.000000000000 0.852461410392 0.000000000000 1.661779716647 0.000000000000 0.458521168620 0.000000000000 
Arquivo CSV criado com sucesso em: dataset\decomposition_based\adaptative_walk\l5_r1.0\fv_3000
3000. Decomposition 0.000100949786 0.000000000000 0.000099996401 0.000000000000 0.842824285181 0.000000000000 2.298693260732 0.000000000000 0.758231082646 0.000000000000 -0.000011299509 0.000000000000 0.000005440125 0.000000000000 0.781347678097 0.000000000000 2.368785096284 0.000000000000 0.763222634748 0.000000000000 0.174023172906 0.000000000000 0.124322866262 0.000000000000 0.875627564386 0.000000000000 1.766198023623 0.000000000000 0.445094993580 0.000000000000 
Arquivo CSV criado com sucesso em: dataset\decomposition_based\adaptative_walk\l5_r1.0\fv_3300
3300. Decomposition 0.057816048115 0.057721407690 0.000049928564 0.000049928564 0.420528393777 0.420528393777 2.420442161301 0.000000000000 0.839049798542 0.000000000000 0.000084008332 0.000095744062 0.000002759670 0.000002759670 0.397884840778 0.397884840778 2.452633496797 0.000000000000 0.807874122066 0.000000000000 0.375680147059 0.212555147059 0.063779864328 0.063779864328 0.438826022505 0.438826022505 1.833547665727 0.000000000000 0.483652208437 0.000000000000 
Arquivo CSV criado com sucesso em: dataset\decomposition_based\adaptative_walk\l5_r1.0\fv_3600
3600. Decomposition 0.057269275714 0.057174635289 0.000596700965 0.000496843838 -0.079471606223 0.920528393777 1.710221080650 0.710221080650 0.419524899271 0.419524899271 0.000052925178 0.000064660909 0.000029705350 0.000024186010 -0.102115159222 0.897884840778 1.726316748399 0.726316748399 0.403937061033 0.403937061033 0.357942281421 0.194817281421 0.072400082908 0.055159645749 -0.061173977495 0.938826022505 1.416773832863 0.416773832863 0.241826104218 0.241826104218 
Arquivo CSV criado com sucesso em: dataset\decomposition_based\adaptative_walk\l5_r1.0\fv_3900
3900. Decomposition 0.056193987595 0.056099347171 0.001250064173 0.001150207045 0.645718263242 0.195338524313 2.026939757720 0.393502403580 0.433408506155 0.405641292387 0.000042508148 0.000054243878 0.000036631531 0.000031112191 -0.101542118926 0.897311800482 1.787573501407 0.665059995391 0.378257512148 0.429616609918 0.351836890244 0.188711890244 0.074596248322 0.052963480335 0.121239519091 0.756412525918 1.726699214497 0.106848451229 0.271722464861 0.211929743575 
Arquivo CSV criado com sucesso em: dataset\decomposition_based\adaptative_walk\l5_r1.0\fv_4200
4200. Decomposition 0.055714863888 0.055620223464 0.001488851247 0.001388994120 0.739596074744 0.101460712810 2.039693876990 0.380748284311 0.482421700573 0.356628097968 0.000031686163 0.000043421894 0.000039988216 0.000034468877 0.276076805302 0.519692876255 1.868820363624 0.583813133173 0.530204563958 0.277669558108 0.349673611111 0.186548611111 0.074417556457 0.053142172200 0.404510666043 0.473141378967 1.798314639425 0.035233026301 0.457913977371 0.025738231066 
Arquivo CSV criado com sucesso em: dataset\decomposition_based\adaptative_walk\l5_r1.0\fv_4500
4500. Decomposition 0.054788516711 0.054693876286 0.001966451585 0.001866594457 0.820253707380 0.020803080174 2.100071021996 0.320371139305 0.494634849199 0.344414949343 -0.000019327614 0.000007591884 0.000089784454 0.000084265115 0.810957152702 0.015187471146 2.317985073545 0.134648423252 0.084123431306 0.723750690760 0.335463598901 0.172338598901 0.091674749570 0.035884979087 0.817862183365 0.059789861645 2.751085426386 0.917537760659 -0.394314195809 0.877966404245 
Arquivo CSV criado com sucesso em: dataset\decomposition_based\adaptative_walk\l5_r1.0\fv_4800
4800. Decomposition 0.054336865850 0.054242225426 0.002204423267 0.002104566139 0.842240803262 0.001184015708 2.118467952589 0.301974208712 0.490043158355 0.349006640187 -0.000035939916 0.000024204185 0.000095214871 0.000089695532 0.782930420867 0.012839260690 2.033091913962 0.419541582835 0.260266680351 0.547607441715 0.329185393258 0.166060393258 0.095539755562 0.032019973095 0.723453471767 0.154198573242 2.266684240222 0.433136574495 -0.218033996608 0.701686205045 
Arquivo CSV criado com sucesso em: dataset\decomposition_based\adaptative_walk\l5_r1.0\fv_5100
5100. Decomposition 0.053452775977 0.053358135552 0.002672100249 0.002572243122 0.867949457468 0.026892669914 2.132257989240 0.288184172061 0.483448401002 0.355601397539 -0.000077974685 0.000066238954 0.000121140235 0.000115620895 0.839729556888 0.043959875331 2.019787858820 0.432845637977 0.326979037964 0.480895084102 0.306774038462 0.143649038462 0.116706871813 0.010852856844 0.854799741810 0.022852303200 1.896381701487 0.062834035760 -0.102808413464 0.586460621901 
Arquivo CSV criado com sucesso em: dataset\decomposition_based\adaptative_walk\l5_r1.0\fv_5400
5400. Decomposition 0.053024484756 0.052929844331 0.002893350225 0.002793493097 0.874542619707 0.033485832153 2.130737099397 0.289705061904 0.485994910662 0.353054887879 -0.000094793230 0.000083057500 0.000128451166 0.000122931826 0.846568463864 0.050798782307 2.029868020890 0.422765475907 0.370461992340 0.437412129726 0.297058367769 0.133933367769 0.123285230477 0.004274498180 0.884273959742 0.006621914732 1.807303535837 0.026244129890 -0.030262595907 0.513914804343 
Arquivo CSV criado com sucesso em: dataset\decomposition_based\adaptative_walk\l5_r1.0\fv_5700
5700. Decomposition 0.052186064451 0.052091424027 0.003325429862 0.003225572735 0.884754482861 0.043697695307 2.131451093208 0.288991068093 0.489371391343 0.349678407199 -0.000130452564 0.000118716833 0.000146760672 0.000141241332 0.857559835758 0.061790154202 2.087403195889 0.365230300909 0.399996520743 0.407877601323 0.277742689673 0.114617689673 0.135072769619 0.007513040962 0.906559218916 0.028907173906 1.693513947402 0.140033718324 0.086341953385 0.397310255052 
Arquivo CSV criado com sucesso em: dataset\decomposition_based\adaptative_walk\l5_r1.0\fv_6000
6000. Decomposition 0.051777427431 0.051682787006 0.003533224836 0.003433367708 0.888153800717 0.047097013163 2.131571020866 0.288871140435 0.492008681430 0.347041117112 -0.000146140801 0.000134405070 0.000152754216 0.000147234877 0.838113130046 0.042343448490 2.066560618052 0.386072878746 0.441524497353 0.366349624713 0.270132896367 0.107007896367 0.137802884588 0.010243155931 0.887015613688 0.009363568678 1.633465451419 0.200082214308 0.158187763731 0.325464444705 
Arquivo CSV criado com sucesso em: dataset\decomposition_based\adaptative_walk\l5_r1.0\fv_6300
6300. Decomposition 0.051004329437 0.050909689012 0.003899056877 0.003799199750 0.891020843816 0.049964056262 2.126456860823 0.293985300478 0.510080972963 0.328968825579 -0.000173622629 0.000161886899 0.000161492091 0.000155972752 0.848082052485 0.052312370928 2.076921020142 0.375712476655 0.509436335490 0.298437786576 0.258591549296 0.095466549296 0.139674423084 0.012114694428 0.886838454600 0.009186409591 1.602083276633 0.231464389093 0.280489491005 0.203162717432 
Arquivo CSV criado com sucesso em: dataset\decomposition_based\adaptative_walk\l5_r1.0\fv_6600
6600. Decomposition 0.050632412963 0.050537772538 0.004069558099 0.003969700972 0.891930032553 0.050873244999 2.126460311165 0.293981850136 0.519087813211 0.319961985331 -0.000178448913 0.000166713183 0.000155778883 0.000150259544 0.830936161592 0.035166480036 2.081613119649 0.371020377149 0.602167700104 0.205706421962 0.252502472480 0.089377472480 0.141548580414 0.013988851757 0.894115186023 0.016463141014 1.626572196155 0.206975469572 0.313098667508 0.170553540929 
Arquivo CSV criado com sucesso em: dataset\decomposition_based\adaptative_walk\l5_r1.0\fv_6900
6900. Decomposition 0.049936608204 0.049841967780 0.004359895431 0.004260038303 0.891759889077 0.050703101523 2.126100372993 0.294341788308 0.545695754882 0.293354043660 -0.000194400777 0.000182665046 0.000154818583 0.000149299243 0.830197818773 0.034428137216 2.151097880305 0.301535616493 0.689950690805 0.117923431261 0.245927488558 0.082802488558 0.140013004898 0.012453276242 0.866675089179 0.010976955831 1.664802306914 0.168745358812 0.405556778600 0.078095429836 
Arquivo CSV criado com sucesso em: dataset\decomposition_based\adaptative_walk\l5_r1.0\fv_7200
7200. Decomposition 0.049616864236 0.049522223811 0.004475932583 0.004376075456 0.890980010623 0.049923223069 2.127427432246 0.293014729055 0.563351317467 0.275698481075 -0.000202205629 0.000190469899 0.000154759843 0.000149240503 0.831404548491 0.035634866934 2.190355377622 0.262278119175 0.727129169184 0.080744952882 0.239854166667 0.076729166667 0.141441199535 0.013881470878 0.882376816759 0.004724771749 1.675615676522 0.157931989205 0.458225759564 0.025426448872 
Arquivo CSV criado com sucesso em: dataset\decomposition_based\adaptative_walk\l5_r1.0\fv_7500
7500. Decomposition 0.049019071082 0.048924430657 0.004674144472 0.004574287344 0.890462173193 0.049405385639 2.138399666224 0.282042495077 0.598343854703 0.240705943839 -0.000220949238 0.000209213508 0.000159197464 0.000153678125 0.839425189693 0.043655508136 2.262435612312 0.190197884485 0.752836833288 0.055037288778 0.230609702797 0.067484702797 0.143291647815 0.015731919158 0.887914005432 0.010261960422 1.740709385428 0.092838280298 0.509352230366 0.025700021929 
Arquivo CSV criado com sucesso em: dataset\decomposition_based\adaptative_walk\l5_r1.0\fv_7800
7800. Decomposition 0.048743148489 0.048648508064 0.004754032411 0.004654175283 0.890153516720 0.049096729166 2.147199784258 0.273242377043 0.616709103368 0.222340695174 -0.000228661702 0.000216925972 0.000159977249 0.000154457910 0.839163845693 0.043394164136 2.298720036622 0.153913460175 0.775143317561 0.032730804505 0.227264081028 0.064139081028 0.143101710202 0.015541981546 0.886740051451 0.009088006442 1.776463687869 0.057083977857 0.543402793628 0.059750585191 
Arquivo CSV criado com sucesso em: dataset\decomposition_based\adaptative_walk\l5_r1.0\fv_8100
8100. Decomposition 0.048223632721 0.048128992297 0.004893952766 0.004794095639 0.890337912685 0.049281125131 2.171185357121 0.249256804180 0.650568028457 0.188481770084 -0.000243349306 0.000231613576 0.000161683609 0.000156164269 0.838237789064 0.042468107508 2.372473344999 0.080160151798 0.809440228172 0.001566106105 0.220162500000 0.057037500000 0.143582997099 0.016023268442 0.886909674496 0.009257629486 1.851260299800 0.017712634073 0.593071852369 0.109419643932 
Arquivo CSV criado com sucesso em: dataset\decomposition_based\adaptative_walk\l5_r1.0\fv_8400
8400. Decomposition 0.047978642617 0.047884002192 0.004955292035 0.004855434907 0.890182742510 0.049125954956 2.185361691440 0.235080469861 0.666322425228 0.172727373313 -0.000248836972 0.000237101241 0.000161028165 0.000155508826 0.838094157933 0.042324476376 2.416884253032 0.035749243765 0.836057994209 0.028183872143 0.216750117261 0.053625117261 0.143853415100 0.016293686443 0.888641239271 0.010989194261 1.888876384461 0.055328718734 0.614661059886 0.131008851449 
Arquivo CSV criado com sucesso em: dataset\decomposition_based\adaptative_walk\l5_r1.0\fv_8700
8700. Decomposition 0.047513658057 0.047419017632 0.005065441484 0.004965584356 0.890312260484 0.049255472930 2.216683750354 0.203758410947 0.695234928637 0.143814869905 -0.000264434034 0.000252698303 0.000165097216 0.000159577877 0.845547675353 0.049777993796 2.470874929740 0.018241432943 0.837861873888 0.029987751822 0.210632200461 0.047507200461 0.144042576371 0.016482847714 0.888231184296 0.010579139286 1.967109815409 0.133562149682 0.656316446703 0.172664238266 
Arquivo CSV criado com sucesso em: dataset\decomposition_based\adaptative_walk\l5_r1.0\fv_9000
9000. Decomposition 0.047295406350 0.047200765925 0.005111715789 0.005011858662 0.890196607547 0.049139819993 2.233509199294 0.186932962007 0.709502236379 0.129547562163 -0.000268598175 0.000256862444 0.000163459390 0.000157940051 0.842018698477 0.046249016920 2.517061047616 0.064427550819 0.873636598506 0.065762476439 0.206994632660 0.043869632660 0.144857222686 0.017297494029 0.892478214550 0.014826169540 2.000448147287 0.166900481561 0.663689139719 0.180036931282 
Arquivo CSV criado com sucesso em: dataset\decomposition_based\adaptative_walk\l5_r1.0\fv_9300
9300. Decomposition 0.046886173797 0.046791533373 0.005187785880 0.005087928752 0.890008844214 0.048952056660 2.269468818318 0.150973342983 0.737909755077 0.101140043465 -0.000282631720 0.000270895989 0.000167364092 0.000161844753 0.849971134417 0.054201452861 2.571229955262 0.118596458465 0.860641013343 0.052766891277 0.200594758065 0.037469758065 0.146153123327 0.018593394671 0.897375489390 0.019723444380 2.077927327102 0.244379661375 0.667278349134 0.183626140698 
Arquivo CSV criado com sucesso em: dataset\decomposition_based\adaptative_walk\l5_r1.0\fv_9600
9600. Decomposition 0.046693033226 0.046598392802 0.005219943571 0.005120086444 0.889951034934 0.048894247379 2.288421346601 0.132020814700 0.751609248710 0.087440549831 -0.000286567950 0.000274832220 0.000165638570 0.000160119230 0.844618809393 0.048849127836 2.608640502286 0.156007005489 0.902196533823 0.094322411757 0.197671469156 0.034546469156 0.146412058704 0.018852330048 0.895592875907 0.017940830898 2.104609675610 0.271062009884 0.683406075766 0.199753867330 
Arquivo CSV criado com sucesso em: dataset\decomposition_based\adaptative_walk\l5_r1.0\fv_9900
9900. Decomposition 0.046330050938 0.046235410514 0.005271519796 0.005171662668 0.889728400682 0.048671613128 2.328273845629 0.092168315672 0.778793765642 0.060256032900 -0.000296535207 0.000284799476 0.000165847282 0.000160327943 0.846364411954 0.050594730398 2.676750084974 0.224116588177 0.927546934990 0.119672812924 0.191960103486 0.028835103486 0.147133467314 0.019573738657 0.894799687010 0.017147642000 2.162749042383 0.329201376656 0.703322783004 0.219670574567 
Arquivo CSV criado com sucesso em: dataset\decomposition_based\adaptative_walk\l5_r1.0\fv_10200
10200. Decomposition 0.046160786352 0.046066145927 0.005290170121 0.005190312993 0.889516385121 0.048459597567 2.349363622842 0.071078538458 0.792642091664 0.046407706878 -0.000301291158 0.000289555427 0.000165871705 0.000160352365 0.844741154193 0.048971472636 2.709891845737 0.257258348940 0.940994636469 0.133120514403 0.189150268441 0.026025268441 0.147549982990 0.019990254333 0.895908644142 0.018256599132 2.189759925908 0.356212260182 0.710777976219 0.227125767783 
Arquivo CSV criado com sucesso em: dataset\decomposition_based\adaptative_walk\l5_r1.0\fv_10500
10500. Decomposition 0.045840717495 0.045746077071 0.005319524292 0.005219667165 0.889381245453 0.048324457899 2.393171033978 0.027271127323 0.819478947957 0.019570850585 -0.000310370139 0.000298634409 0.000165907254 0.000160387914 0.845734166210 0.049964484653 2.775322002771 0.322688505974 0.965290934792 0.157416812725 0.184639423077 0.021514423077 0.147419628240 0.019859899583 0.893445764016 0.015793719006 2.254906274726 0.421358608999 0.741332054310 0.257679845873 
Arquivo CSV criado com sucesso em: dataset\decomposition_based\adaptative_walk\l5_r1.0\fv_10800
10800. Decomposition 0.045690793090 0.045596152666 0.005329090106 0.005229232978 0.889246359365 0.048189571811 2.416101394157 0.004340767144 0.832914022968 0.006135775574 -0.000314122762 0.000302387032 0.000165345400 0.000159826060 0.845558933202 0.049789251645 2.814725911927 0.362092415130 0.982146223097 0.174272101031 0.181911053503 0.018786053503 0.147896294865 0.020336566208 0.896104712270 0.018452667261 2.277688070516 0.444140404790 0.746547115203 0.262894906767 
Arquivo CSV criado com sucesso em: dataset\decomposition_based\adaptative_walk\l5_r1.0\fv_11100
11100. Decomposition 0.045410616537 0.045315976112 0.005338366041 0.005238508913 0.888938740274 0.047881952720 2.464221913961 0.043779752660 0.859983227298 0.020933428757 -0.000322960174 0.000311224443 0.000165881695 0.000160362355 0.847759530409 0.051989848853 2.871087793873 0.418454297076 0.996668960788 0.188794838722 0.177437500000 0.014312500000 0.148085020606 0.020525291949 0.897806063513 0.020154018504 2.335348654891 0.501800989165 0.766683351838 0.283031143401 
Arquivo CSV criado com sucesso em: dataset\decomposition_based\adaptative_walk\l5_r1.0\fv_11400
11400. Decomposition 0.045278633347 0.045183992923 0.005339750637 0.005239893509 0.888873415772 0.047816628217 2.489128640482 0.068686479181 0.873281564102 0.034231765560 -0.000326798000 0.000315062270 0.000165818649 0.000160299310 0.848353362743 0.052583681186 2.903511034249 0.450877537452 1.004995137157 0.197121015091 0.175567656327 0.012442656327 0.147861785322 0.020302056666 0.897096438080 0.019444393070 2.368755404159 0.535207738432 0.782981472660 0.299329264223 
Arquivo CSV criado com sucesso em: dataset\decomposition_based\adaptative_walk\l5_r1.0\fv_11700
11700. Decomposition 0.045030903689 0.044936263264 0.005335647801 0.005235790673 0.888652091017 0.047595303463 2.540848650053 0.120406488753 0.899742570881 0.060692772339 -0.000334111319 0.000322375588 0.000165360437 0.000159841097 0.848649017121 0.052879335565 2.969140575433 0.516507078636 1.028925320096 0.221051198030 0.171916083294 0.008791083294 0.147525674731 0.019965946074 0.896719305802 0.019067260792 2.434639083877 0.601091418150 0.810531220512 0.326879012076 
Arquivo CSV criado com sucesso em: dataset\decomposition_based\adaptative_walk\l5_r1.0\fv_12000
12000. Decomposition 0.044913787962 0.044819147537 0.005331372165 0.005231515037 0.888593992001 0.047537204447 2.567389408689 0.146947247388 0.912681995183 0.073632196641 -0.000335366020 0.000323630289 0.000163214566 0.000157695226 0.844840838920 0.049071157363 3.032821364382 0.580187867585 1.057525510848 0.249651388782 0.170392352580 0.007267352580 0.147160486101 0.019600757444 0.896273421244 0.018621376235 2.472307570653 0.638759904927 0.826728478853 0.343076270417 
Arquivo CSV criado com sucesso em: dataset\decomposition_based\adaptative_walk\l5_r1.0\fv_12300
12300. Decomposition 0.044689725996 0.044595085571 0.005321114511 0.005221257383 0.888589824490 0.047533036936 2.621026006273 0.200583844973 0.937481886093 0.098432087551 -0.000343769106 0.000332033376 0.000164934993 0.000159415654 0.850278822397 0.054509140840 3.069959012334 0.617325515537 1.042214951939 0.234340829873 0.166897644928 0.003772644928 0.146956602140 0.019396873483 0.896761061828 0.019109016818 2.534869928230 0.701322262503 0.848939650088 0.365287441652 
Arquivo CSV criado com sucesso em: dataset\decomposition_based\adaptative_walk\l5_r1.0\fv_12600
12600. Decomposition 0.044583952123 0.044489311699 0.005313850647 0.005213993519 0.888491724159 0.047434936605 2.648515522266 0.228073360966 0.949746940757 0.110697142215 -0.000345767624 0.000334031894 0.000163098677 0.000157579338 0.846769368818 0.050999687262 3.121503653843 0.668870157046 1.079948582532 0.272074460466 0.165343437907 0.002218437907 0.146739522830 0.019179794174 0.896822976135 0.019170931125 2.568871699511 0.735324033784 0.861537803378 0.377885594941 
Arquivo CSV criado com sucesso em: dataset\decomposition_based\adaptative_walk\l5_r1.0\fv_12900
12900. Decomposition 0.044382758210 0.044288117785 0.005296754691 0.005196897563 0.888428813520 0.047372025966 2.704370335784 0.283928174483 0.973716194390 0.134666395848 -0.000351508917 0.000339773187 0.000162245400 0.000156726060 0.846378470424 0.050608788867 3.192630506531 0.739997009734 1.102741611315 0.294867489249 0.162289812201 0.000835187799 0.146366877879 0.018807149222 0.896923613680 0.019271568670 2.634976958011 0.801429292284 0.884624141381 0.400971932944 
Arquivo CSV criado com sucesso em: dataset\decomposition_based\adaptative_walk\l5_r1.0\fv_13200
13200. Decomposition 0.044287104147 0.044192463722 0.005287001792 0.005187144665 0.888382413078 0.047325625524 2.732726625076 0.312284463775 0.985456034446 0.146406235904 -0.000355032213 0.000343296482 0.000162548125 0.000157028785 0.848408687542 0.052639005986 3.213537880029 0.760904383232 1.104727127263 0.296853005197 0.160699486301 0.002425513699 0.146286080224 0.018726351568 0.897400962316 0.019748917307 2.664685774953 0.831138109227 0.893756061856 0.410103853419 
Arquivo CSV criado com sucesso em: dataset\decomposition_based\adaptative_walk\l5_r1.0\fv_13500
13500. Decomposition 0.044105295202 0.044010654778 0.005265139477 0.005165282349 0.888301658945 0.047244871390 2.790342209518 0.369900048217 1.008554189309 0.169504390767 -0.000359873215 0.000348137484 0.000161254123 0.000155734783 0.847220037180 0.051450355624 3.292314200816 0.839680704018 1.131504275749 0.323630153683 0.158026175214 0.005098824786 0.145781023816 0.018221295159 0.897125884088 0.019473839078 2.734122277933 0.900574612207 0.917530591450 0.433878383014 
Arquivo CSV criado com sucesso em: dataset\decomposition_based\adaptative_walk\l5_r1.0\fv_13800
13800. Decomposition 0.044019248472 0.043924608048 0.005252837087 0.005152979960 0.888228833462 0.047172045908 2.819715220396 0.399273059095 1.020006060838 0.180956262296 -0.000362392148 0.000350656418 0.000160804099 0.000155284759 0.846792441126 0.051022759570 3.327760418756 0.875126921959 1.142031948933 0.334157826867 0.156746299610 0.006378700390 0.145538600265 0.017978871608 0.896587795180 0.018935750170 2.768397238827 0.934849573100 0.928427494225 0.444775285788 
Arquivo CSV criado com sucesso em: dataset\decomposition_based\adaptative_walk\l5_r1.0\fv_14100
14100. Decomposition 0.043855105351 0.043760464926 0.005226788697 0.005126931569 0.888172442813 0.047115655259 2.879141819299 0.458699657998 1.042472023013 0.203422224471 -0.000367273883 0.000355538153 0.000159994537 0.000154475198 0.846021905904 0.050252224348 3.395835453944 0.943201957147 1.160440665852 0.352566543786 0.154491792929 0.008633207071 0.144874193196 0.017314464539 0.897048021186 0.019395976177 2.843333866308 1.009786200581 0.953412736559 0.469760528122 
Arquivo CSV criado com sucesso em: dataset\decomposition_based\adaptative_walk\l5_r1.0\fv_14400
14400. Decomposition 0.043777031235 0.043682390811 0.005212928443 0.005113071315 0.888123399460 0.047066611906 2.909267804816 0.488825643515 1.053551076114 0.214501277572 -0.000369699968 0.000357964237 0.000159595735 0.000154076395 0.847205534279 0.051435852723 3.430065258528 0.977431761731 1.170357965224 0.362483843158 0.153265086207 0.009859913793 0.144659118114 0.017099389458 0.897110415903 0.019458370893 2.876834136424 1.043286470698 0.963608596312 0.479956387876 
Arquivo CSV criado com sucesso em: dataset\decomposition_based\adaptative_walk\l5_r1.0\fv_14700
14700. Decomposition 0.043627992679 0.043533352254 0.005184061986 0.005084204858 0.888057829415 0.047001041861 2.970167702688 0.549725541387 1.075341175773 0.236291377232 -0.000373263434 0.000361527704 0.000158088753 0.000152569413 0.845443006523 0.049673324967 3.513416117769 1.060782620972 1.194093422137 0.386219300070 0.151307797806 0.011817202194 0.143937273917 0.016377545261 0.896226308786 0.018574263776 2.954238808314 1.120691142588 0.987889776916 0.504237568479 
Arquivo CSV criado com sucesso em: dataset\decomposition_based\adaptative_walk\l5_r1.0\fv_15000
15000. Decomposition 0.043556928031 0.043462287606 0.005169056267 0.005069199140 0.888029253361 0.046972465807 3.000962037539 0.580519876238 1.086079964087 0.247030165546 -0.000375276915 0.000363541184 0.000157515762 0.000151996422 0.846460007939 0.050690326383 3.552076792831 1.099443296033 1.205196685391 0.397322563325 0.149909957627 0.013215042373 0.143903722592 0.016343993935 0.897966524311 0.020314479301 2.981185649782 1.147637984055 0.994947396409 0.511295187972 
Arquivo CSV criado com sucesso em: dataset\decomposition_based\adaptative_walk\l5_r1.0\fv_15300
15300. Decomposition 0.043421246077 0.043326605652 0.005138087017 0.005038229890 0.887966704162 0.046909916608 3.063200771858 0.642758610557 1.107258548473 0.268208749931 -0.000380348875 0.000368613145 0.000157391508 0.000151872168 0.847549013998 0.051779332441 3.601426849959 1.148793353161 1.214256897499 0.406382775433 0.147832991803 0.015292008197 0.143383934461 0.015824205805 0.898028726238 0.020376681228 3.051498573622 1.217950907895 1.015463180138 0.531810971701 
Arquivo CSV criado com sucesso em: dataset\decomposition_based\adaptative_walk\l5_r1.0\fv_15600
15600. Decomposition 0.103825873106 0.092460267708 0.003425391345 0.004773799313 0.591977802775 0.420340203097 3.063200771858 0.642758610557 1.107258548473 0.268208749931 -0.000101059844 0.000496321918 0.000104840037 0.000144381023 0.564718656617 0.401507918430 3.605021087511 1.152387590714 1.215865675778 0.407991553712 0.295198013720 0.208779300648 0.095589289641 0.068815646040 0.598685817492 0.423661610398 3.051498573622 1.217950907895 1.015463180138 0.531810971701 
Arquivo CSV criado com sucesso em: dataset\decomposition_based\adaptative_walk\l5_r1.0\fv_15900
15900. Decomposition 0.102276414877 0.090439620524 0.004681691510 0.004164024575 0.591911500112 0.420433579227 2.542133847905 0.904680735272 0.746868738299 0.554724183338 -0.000193885155 0.000399908216 0.000167583708 0.000124753031 0.545916580211 0.427961927484 2.903347391674 1.367487985449 0.685485874694 0.820717291193 0.284257082255 0.193336395748 0.104269807492 0.056804637574 0.597326053751 0.425583130039 2.534332382415 1.234446440590 0.717220566261 0.605347767716 
Arquivo CSV criado com sucesso em: dataset\decomposition_based\adaptative_walk\l5_r1.0\fv_16200
16200. Decomposition 0.101626827579 0.089594880477 0.004990513880 0.004118988056 0.733087517883 0.222355911852 2.577594019755 0.864322618976 0.799116461169 0.487709320151 -0.000210679959 0.000384674921 0.000171757570 0.000125580727 0.595308795123 0.358511475220 2.976400261997 1.294472759090 0.734142255287 0.758344455355 0.277801069961 0.184226218791 0.108031919694 0.051637843576 0.688562986114 0.296696138605 2.523661854515 1.243446613291 0.758067619236 0.566615880432 
Arquivo CSV criado com sucesso em: dataset\decomposition_based\adaptative_walk\l5_r1.0\fv_16500
16500. Decomposition 0.100316433419 0.087895323293 0.005715660857 0.004194006441 0.837455062862 0.081054788041 2.657861985119 0.777190335997 0.765572799942 0.530523883086 -0.000290081184 0.000326720369 0.000219493513 0.000151974240 0.758670642461 0.131858804786 2.932120375653 1.338253404825 0.823497935490 0.647206530024 0.255905177719 0.153346313118 0.127554554238 0.025847157473 0.888029024220 0.021835617069 2.812393797789 1.050370631578 0.469206811334 0.886194474894 
Arquivo CSV criado com sucesso em: dataset\decomposition_based\adaptative_walk\l5_r1.0\fv_16800
16800. Decomposition 0.099661465028 0.087048191405 0.006084320171 0.004325878097 0.861645997378 0.053409606459 2.652875245376 0.782406435085 0.760364469134 0.537241373675 -0.000307606565 0.000317873567 0.000221135960 0.000153331098 0.751520501958 0.141483190163 2.972559234294 1.298209317112 0.881328447427 0.578620531587 0.258281959262 0.156696668233 0.119823749663 0.035736558429 0.777040638697 0.171909978609 2.720865057489 1.098896410045 0.656621446653 0.667894741554 
Arquivo CSV criado com sucesso em: dataset\decomposition_based\adaptative_walk\l5_r1.0\fv_17100
17100. Decomposition 0.098475876773 0.085518932954 0.006660968493 0.004643365474 0.879310100535 0.040210700361 2.634811701486 0.801536116170 0.790536937821 0.498580431158 -0.000355411335 0.000302877148 0.000240594356 0.000170995247 0.802947649403 0.075166488697 3.048369580118 1.226806113798 0.909121405509 0.546951094663 0.241055327869 0.132426224340 0.133942746517 0.018579802273 0.891029440563 0.019359392858 2.958795911761 1.003057248147 0.485392179816 0.866313532838 
Arquivo CSV criado com sucesso em: dataset\decomposition_based\adaptative_walk\l5_r1.0\fv_17400
17400. Decomposition 0.097933535969 0.084821239499 0.006899476183 0.004809104962 0.883315929335 0.038862401673 2.635361316570 0.800948783193 0.806807590493 0.478015528334 -0.000372072469 0.000301061935 0.000242851785 0.000173211003 0.801237441874 0.077186389803 3.053467024486 1.222192786906 0.960307607050 0.491519336600 0.239557911848 0.130318145031 0.129450523790 0.023563040100 0.846527265110 0.074710153852 2.672932024331 1.129407606010 0.709335440827 0.613169627400 
Arquivo CSV criado com sucesso em: dataset\decomposition_based\adaptative_walk\l5_r1.0\fv_17700
17700. Decomposition 0.096894018906 0.083487352573 0.007361690110 0.005177965660 0.891445650299 0.038616485900 2.651997441197 0.783327589575 0.823256083240 0.457462664644 -0.000407715086 0.000303350528 0.000253402154 0.000183947737 0.818798805011 0.057917631423 3.087091369327 1.192406736581 0.998178732001 0.453593007276 0.230916438980 0.118159279785 0.132081667925 0.020552845317 0.866569761714 0.047498831457 2.648181871598 1.146413974222 0.776801370195 0.549970476903 
Arquivo CSV criado com sucesso em: dataset\decomposition_based\adaptative_walk\l5_r1.0\fv_18000
18000. Decomposition 0.096395442755 0.082849225698 0.007582975439 0.005373775743 0.894207926581 0.039305630199 2.660258275682 0.774694174979 0.828172099095 0.451371002036 -0.000426725650 0.000307956651 0.000261652929 0.000192732736 0.821758596601 0.055110532992 3.108686757437 1.173893936396 0.985613366265 0.465836513532 0.225734815048 0.110875088003 0.134977694240 0.017557526655 0.861427693793 0.054369819238 2.677127379812 1.126607233040 0.754315680182 0.570039156445 
Arquivo CSV criado com sucesso em: dataset\decomposition_based\adaptative_walk\l5_r1.0\fv_18300
18300. Decomposition 0.095433352730 0.081620963291 0.008009702391 0.005780558508 0.898498135671 0.041095607430 2.673933925690 0.760580771088 0.834596075848 0.443448911355 -0.000463360784 0.000323018112 0.000279927487 0.000213177769 0.847812865741 0.041905943445 3.175210768375 1.120180905193 0.928795426086 0.525157178170 0.216180842272 0.097461553123 0.139575402987 0.013998100474 0.885705805212 0.024093875926 2.678543969508 1.125667157506 0.754590723319 0.569787226838 
Arquivo CSV criado com sucesso em: dataset\decomposition_based\adaptative_walk\l5_r1.0\fv_18600
18600. Decomposition 0.094980034088 0.081043694473 0.008198742412 0.005971409368 0.899373234528 0.041560133791 2.677878699973 0.756552676593 0.840413175665 0.436314330505 -0.000477857684 0.000331034448 0.000282989023 0.000216715736 0.843053861688 0.042277832632 3.151080877764 1.139058763864 0.958720380033 0.493172192560 0.212113528927 0.091759860046 0.140995768708 0.013354537215 0.885916875632 0.023878859733 2.671461335845 1.130395010704 0.771785013227 0.554352509215 
Arquivo CSV criado com sucesso em: dataset\decomposition_based\adaptative_walk\l5_r1.0\fv_18900
18900. Decomposition 0.094131711744 0.079966029212 0.008525983942 0.006314918693 0.900290858948 0.042080832135 2.685279694083 0.749049021326 0.855970352348 0.417431196786 -0.000506557003 0.000349918443 0.000291505563 0.000226702174 0.845455996327 0.041955806397 3.152109273526 1.138239720789 0.980144498010 0.471275240772 0.207444216758 0.085222610210 0.140482853754 0.013556162121 0.869956731375 0.043045091278 2.706772316844 1.107523661261 0.834237110841 0.504216603059 
Arquivo CSV criado com sucesso em: dataset\decomposition_based\adaptative_walk\l5_r1.0\fv_19200
19200. Decomposition 0.093742930563 0.079473310178 0.008656786364 0.006456391960 0.900210402368 0.042033833305 2.689623017093 0.744678744162 0.866669630632 0.404627413557 -0.000518567560 0.000358890376 0.000293542094 0.000229119514 0.846101090945 0.041915828038 3.160027510854 1.131976150817 0.998721874841 0.453072031623 0.203139368616 0.079205351095 0.142164832137 0.013034930527 0.883117210681 0.026860988148 2.697840046228 1.113141942443 0.848410726797 0.494329496134 
Arquivo CSV criado com sucesso em: dataset\decomposition_based\adaptative_walk\l5_r1.0\fv_19500
19500. Decomposition 0.093018667188 0.078557440980 0.008879378095 0.006702016473 0.900352056538 0.042116751509 2.702551811190 0.731820401436 0.888209959526 0.379370343683 -0.000548197550 0.000383351661 0.000306555484 0.000244802805 0.860083034335 0.045752493010 3.180018419313 1.116506146619 0.975778600992 0.475662708467 0.196736832355 0.070278504901 0.144017076602 0.012951398798 0.887752288687 0.022091093893 2.722216407273 1.098084589720 0.866601247356 0.482564354752 
Arquivo CSV criado com sucesso em: dataset\decomposition_based\adaptative_walk\l5_r1.0\fv_19800
19800. Decomposition 0.092686746953 0.078138609692 0.008966823809 0.006800070425 0.900292250982 0.042081647539 2.710956737296 0.723586535298 0.900015544412 0.365864202253 -0.000561862711 0.000395620130 0.000311613048 0.000250997722 0.860912441638 0.046236483230 3.177058963662 1.118764764544 0.976808399840 0.474624238345 0.192949883178 0.065015111970 0.145851708878 0.013383452994 0.895722867551 0.016954057346 2.735843882359 1.090051395239 0.852695519074 0.491462337713 
Arquivo CSV criado com sucesso em: dataset\decomposition_based\adaptative_walk\l5_r1.0\fv_20100
20100. Decomposition 0.092070161338 0.077362116593 0.009111516516 0.006964107331 0.900334715485 0.042106558384 2.731603472721 0.703803446913 0.923085619884 0.340289030497 -0.000576938983 0.000409787227 0.000308040529 0.000246616435 0.851746099406 0.042410029262 3.209884231915 1.094348074786 1.037380618041 0.417953630129 0.188142316173 0.058357349769 0.146250491016 0.013541465425 0.891402166946 0.019095252499 2.762536813709 1.075143745465 0.890168393373 0.468984193332 
Arquivo CSV criado com sucesso em: dataset\decomposition_based\adaptative_walk\l5_r1.0\fv_20400
20400. Decomposition 0.091782282044 0.077000277734 0.009172366758 0.007033728244 0.900422713311 0.042158405788 2.743455800528 0.692747751839 0.934057863262 0.328563911198 -0.000583359774 0.000416006155 0.000306524966 0.000244765583 0.851381952449 0.042332921814 3.237699299423 1.074793948390 1.057346774464 0.401531928264 0.185451686412 0.054646403157 0.146946409715 0.013867928928 0.894679537378 0.017298561326 2.775821023542 1.068144418731 0.895953023989 0.465954891872 
Arquivo CSV criado com sucesso em: dataset\decomposition_based\adaptative_walk\l5_r1.0\fv_20700
20700. Decomposition 0.091241722901 0.076322075305 0.009276522370 0.007153726391 0.900686346690 0.042315546349 2.769334317899 0.669433148134 0.954708025863 0.307409519897 -0.000595160369 0.000427702764 0.000304105273 0.000241820593 0.845970895919 0.041922300611 3.292709871748 1.039426779754 1.088140447158 0.378944419829 0.181736155756 0.049545393951 0.146735076967 0.013762169345 0.890505181871 0.019748760255 2.819515315444 1.047171781600 0.931265666514 0.450252206008 
Arquivo CSV criado com sucesso em: dataset\decomposition_based\adaptative_walk\l5_r1.0\fv_21000
21000. Decomposition 0.090985482581 0.076001160254 0.009323342278 0.007207997652 0.900820110728 0.042396308465 2.782913304731 0.657683725474 0.964083768191 0.298253792002 -0.000608908683 0.000441734675 0.000309208991 0.000248046612 0.854374492173 0.043145173918 3.285718716498 1.043666348867 1.091001943408 0.377032238131 0.178694900939 0.045396165927 0.147953736379 0.014446562637 0.895394514622 0.017049464320 2.823754898237 1.045308872719 0.925967475398 0.452291464377 
Arquivo CSV criado com sucesso em: dataset\decomposition_based\adaptative_walk\l5_r1.0\fv_21300
21300. Decomposition 0.090506868002 0.075402750320 0.009398179976 0.007295155309 0.900811994677 0.042391388602 2.811527141883 0.634117486233 0.982894672617 0.280873701621 -0.000628651620 0.000462570301 0.000315861415 0.000256240017 0.861925825626 0.046860908478 3.304587842299 1.032400943986 1.077878372245 0.386073046379 0.174110883424 0.039203981761 0.149084414606 0.015229180564 0.899130494716 0.016710292621 2.853156682766 1.033254705949 0.929900152652 0.450766757602 
Arquivo CSV criado com sucesso em: dataset\decomposition_based\adaptative_walk\l5_r1.0\fv_21600
21600. Decomposition 0.090282896851 0.075123177502 0.009427750511 0.007329729376 0.900828574827 0.042401442013 2.826524789676 0.622460276146 0.992206336152 0.272821025851 -0.000631033530 0.000465134249 0.000310827789 0.000250032520 0.853467765665 0.042856581667 3.341009351013 1.012292365626 1.118194364585 0.360625533383 0.173321573778 0.038147511478 0.147991857623 0.014470760333 0.893979285916 0.017595511523 2.883265553639 1.022516979837 0.965964596821 0.439828177718 
Arquivo CSV criado com sucesso em: dataset\decomposition_based\adaptative_walk\l5_r1.0\fv_21900
21900. Decomposition 0.089858730323 0.074594524315 0.009477957070 0.007388602785 0.900896927199 0.042442999262 2.857295800884 0.600182862501 1.009879694140 0.258693972811 -0.000649808044 0.000485687739 0.000318814383 0.000259903376 0.863406930474 0.047836146603 3.366532748592 0.999542302801 1.081387164363 0.383588771123 0.169430748744 0.032997321400 0.148630371331 0.014899234630 0.894667460933 0.017303245384 2.914226099782 1.013224427349 0.976695663659 0.437669335323 
Arquivo CSV criado com sucesso em: dataset\decomposition_based\adaptative_walk\l5_r1.0\fv_22200
22200. Decomposition 0.089661370508 0.074348916511 0.009495109134 0.007408764431 0.900871538063 0.042427542078 2.873461969278 0.589429708028 1.018939211860 0.252106920702 -0.000654740542 0.000491183032 0.000316120052 0.000256560247 0.859390818230 0.045367826974 3.373632231555 0.996199299743 1.119232250930 0.360065886836 0.167661795017 0.030696251947 0.148807096673 0.015025257723 0.896246756036 0.016827267381 2.930474588384 1.009073776309 0.984719772795 0.436393080381 
Arquivo CSV criado com sucesso em: dataset\decomposition_based\adaptative_walk\l5_r1.0\fv_22500
22500. Decomposition 0.089286596056 0.073883176900 0.009523148088 0.007441775872 0.900978882721 0.042493063345 2.906383956642 0.569744487789 1.036159547464 0.240971834278 -0.000660938380 0.000498140582 0.000313740932 0.000253619189 0.848416203254 0.041935780105 3.416434171036 0.977988491557 1.127656164036 0.355715112401 0.165627977442 0.028093060309 0.148170114408 0.014586021728 0.890532449381 0.019728011186 2.981886028342 0.999313809046 1.005816739515 0.434436087414 
Arquivo CSV criado com sucesso em: dataset\decomposition_based\adaptative_walk\l5_r1.0\fv_22800
22800. Decomposition 0.089110660430 0.073664837877 0.009532110722 0.007452341617 0.900962587970 0.042483088902 2.923400870118 0.560815280952 1.044736891194 0.236167746071 -0.000672985998 0.000511823849 0.000316678904 0.000257252604 0.857043101795 0.044199944625 3.425044969219 0.974738039577 1.143745250777 0.348387882498 0.163588087902 0.025541008514 0.148425686448 0.014757219219 0.895512281640 0.017013849616 2.998447350210 0.997278868040 1.019567270526 0.434260628575 
Arquivo CSV criado com sucesso em: dataset\decomposition_based\adaptative_walk\l5_r1.0\fv_23100
23100. Decomposition 0.088778692257 0.073253389133 0.009542453390 0.007464542400 0.900974267130 0.042490236991 2.958327635442 0.545364560437 1.061604393862 0.228310956138 -0.000681316138 0.000521400528 0.000314565587 0.000254637436 0.854599424434 0.043222356495 3.475231653289 0.958656369070 1.165889894029 0.340538636266 0.160521139835 0.021860357059 0.148716390632 0.014960186179 0.898404497771 0.016645975502 3.031830787742 0.994841655557 1.030016251028 0.434709316853 
Arquivo CSV criado com sucesso em: dataset\decomposition_based\adaptative_walk\l5_r1.0\fv_23400
23400. Decomposition 0.088621893400 0.073059292416 0.009544364808 0.007466798169 0.900990960220 0.042500462850 2.976192233336 0.539042415630 1.069879684953 0.225281263985 -0.000688668585 0.000529927012 0.000315995550 0.000256406080 0.858617160047 0.044959238443 3.482648371908 0.956703508165 1.170934194133 0.339129888616 0.159464058028 0.020650917966 0.148421791852 0.014754558857 0.897730406214 0.016642838748 3.057805318755 0.994492748137 1.044215580909 0.436121551307 
Arquivo CSV criado com sucesso em: dataset\decomposition_based\adaptative_walk\l5_r1.0\fv_23700
23700. Decomposition 0.088324818992 0.072691986440 0.009542917704 0.007465090335 0.901045756811 0.042534104988 3.012590778886 0.529668289662 1.086069064322 0.221032299684 -0.000688595490 0.000529841916 0.000313979582 0.000253913733 0.847416267120 0.041895785780 3.476090045707 0.958424679653 1.164259673873 0.341024579953 0.157087073901 0.018087926380 0.148260278992 0.014645629548 0.898574087118 0.016655357363 3.101166373013 0.996930316833 1.060558886922 0.438880225067 
Arquivo CSV criado com sucesso em: dataset\decomposition_based\adaptative_walk\l5_r1.0\fv_24000
24000. Decomposition 0.088184604203 0.072518822612 0.009539271294 0.007460787695 0.901009367130 0.042511750909 3.031215109727 0.526756034100 1.094090262303 0.219781929530 -0.000701696081 0.000545194280 0.000313965190 0.000253895967 0.858565867427 0.044932959897 3.551083096378 0.944007443436 1.201605537789 0.333733588867 0.155992672642 0.017001699697 0.148110855041 0.014547321032 0.897944030134 0.016637921708 3.124100945261 0.999739208376 1.070657781832 0.441181929057 
Arquivo CSV criado com sucesso em: dataset\decomposition_based\adaptative_walk\l5_r1.0\fv_24300
24300. Decomposition 0.087919570316 0.072191861672 0.009526906219 0.007446205404 0.901005591328 0.042509434339 3.069285993272 0.524880761827 1.109976712182 0.219025263050 -0.000713327894 0.000558986695 0.000316530414 0.000257068585 0.861986971222 0.046899720054 3.568443939441 0.942341347394 1.194722130038 0.334463008896 0.153666438980 0.014965133535 0.148065504123 0.014517960666 0.898774718509 0.016670905820 3.163095142981 1.006898140138 1.083261585965 0.444681744712 
Arquivo CSV criado com sucesso em: dataset\decomposition_based\adaptative_walk\l5_r1.0\fv_24600
24600. Decomposition 0.087793830974 0.072036905489 0.009518882634 0.007436749789 0.901011330953 0.042512955990 3.088622713300 0.526040211876 1.117773245051 0.219495801132 -0.000714592260 0.000560494556 0.000312912740 0.000252597862 0.858368643868 0.044832866907 3.611969649907 0.940971840453 1.224436319314 0.333344142184 0.152896822170 0.014393809981 0.147707632382 0.014294254801 0.897804096375 0.016640523101 3.192725035890 1.014310654247 1.096519058108 0.449097669913 
Arquivo CSV criado com sucesso em: dataset\decomposition_based\adaptative_walk\l5_r1.0\fv_24900
24900. Decomposition 0.087553780797 0.071741371698 0.009500664992 0.007415300407 0.901067651639 0.042547579254 3.127605595094 0.532655345236 1.132926069572 0.221979576324 -0.000718060665 0.000564639315 0.000310200685 0.000249262585 0.853972754134 0.043012831589 3.656353689495 0.943716859837 1.235206613679 0.334244744199 0.150846994536 0.013193386022 0.147560418779 0.014206443447 0.898964046788 0.016689989244 3.234196895229 1.027469527268 1.109723858145 0.454223246049 
Arquivo CSV criado com sucesso em: dataset\decomposition_based\adaptative_walk\l5_r1.0\fv_25200
25200. Decomposition 0.087439043683 0.071600252679 0.009490670157 0.007403544214 0.901089863136 0.042561267059 3.147212820281 0.538090887172 1.140286116587 0.223917238143 -0.000723986859 0.000571748990 0.000309850793 0.000248833338 0.857864121054 0.044583735393 3.691529510904 0.948840794930 1.253496008964 0.337347727454 0.149949212155 0.012839539982 0.147395572535 0.014111111684 0.898740869178 0.016667944896 3.257839225594 1.036382750407 1.118351157201 0.457952484503 
