
Multi Random walk:
Arquivo CSV criado com sucesso em: dataset\decomposition_based\random_walk\l5\fv_300
300. Decomposition 0.491050080131 0.490924924224 0.000014744676 0.000014744676 -0.032046509474 0.032046509474 2.294937308652 0.000000000000 0.714201865926 0.000000000000 0.000058136191 0.000058509207 0.000002060378 0.000002060378 0.033177577762 0.033177577762 1.925993107902 0.000000000000 -0.594906525031 0.000000000000 0.501957446809 0.029957446809 0.012000000000 0.012000000000 -0.347953216374 0.347953216374 1.398148148148 0.000000000000 0.111111111111 0.000000000000 
Arquivo CSV criado com sucesso em: dataset\decomposition_based\random_walk\l5\fv_600
600. Decomposition 0.503450943314 0.397875439840 0.001301397949 0.000984944025 -0.374444533409 0.442338948375 1.519250079767 0.558889176206 0.192469686807 0.373123230721 0.000115812998 0.000469024610 0.000376876205 0.000360644507 -0.295131338845 0.498472208372 1.903470752384 0.728660125356 0.193657579408 0.735775337334 0.533246376812 0.050634005989 0.042724296834 0.035504509402 -0.485069291807 0.527997760436 1.568414403968 0.547032799032 0.298465264020 0.346508103947 
Arquivo CSV criado com sucesso em: dataset\decomposition_based\random_walk\l5\fv_900
900. Decomposition 0.488116230866 0.358866734450 0.002208269400 0.001730034686 -0.061054573028 0.057842247764 1.868385301824 0.495990222993 -0.177857128673 0.560668900639 0.000275585784 0.000622472177 0.000334728293 0.000205754317 -0.022611294522 0.089974166922 2.201459189981 0.515504010503 -0.194868814680 0.814589027509 0.547444444444 0.052755550875 0.051359221966 0.025180007707 -0.437245830723 0.403580896777 1.731481624767 0.352186876700 0.036988049100 0.503095250732 
Arquivo CSV criado com sucesso em: dataset\decomposition_based\random_walk\l5\fv_1200
1200. Decomposition 0.470543489397 0.335883063035 0.003609435227 0.003298599713 -0.064983144259 0.493642918152 1.779001570409 0.492737186080 0.025202334358 0.506347387343 0.000460348796 0.000741489059 0.000480228255 0.000465758307 0.140200218497 0.206900258836 2.110014794674 0.527996350632 0.044011699386 0.761250743763 0.550163636364 0.049210104452 0.059163215668 0.023671369764 -0.114404228088 0.412971950761 1.787095914173 0.416006234502 0.409703332869 0.411834478476 
Arquivo CSV criado com sucesso em: dataset\decomposition_based\random_walk\l5\fv_1500
1500. Decomposition 0.500155326496 0.336971781800 0.004210604727 0.003682870723 0.122381801568 0.395706619327 1.792247949288 0.493174108397 0.045634164214 0.486346871515 0.000140259373 0.000677422787 0.000532426079 0.000451492826 -0.097619444271 0.314525593336 2.087814478908 0.520401929537 0.094333327080 0.736270604862 0.535333333333 0.054621932917 0.058306005834 0.021488206465 -0.237563101583 0.411694001449 1.863453915472 0.625464846705 0.390846345675 0.506096939399 
Arquivo CSV criado com sucesso em: dataset\decomposition_based\random_walk\l5\fv_1800
1800. Decomposition 0.468211852085 0.308590563841 0.002687665224 0.002433857942 0.111471966279 0.345463404314 1.907063470297 0.536256011551 -0.090427928563 0.560196545408 -0.000322187314 0.000868465427 0.000311022326 0.000285848144 -0.032707537824 0.286970476607 1.979321276152 0.559452337594 0.070702766286 0.703024941740 0.500750000000 0.079397339376 0.051041908964 0.026883517801 -0.152259097958 0.364318479178 1.863817097158 0.572999486187 0.332230022222 0.529927141049 
Arquivo CSV criado com sucesso em: dataset\decomposition_based\random_walk\l5\fv_2100
2100. Decomposition 0.481203208856 0.314759234052 0.003219839395 0.002274703817 -0.056682962836 0.492926937522 1.856321635965 0.578833455204 -0.056413054409 0.499002821607 0.000122149914 0.000957407735 0.000518040378 0.000435496307 -0.202213561073 0.423086274298 1.911351116057 0.600325966199 0.108093102554 0.634030294468 0.524410256410 0.079796190089 0.053845921355 0.024250366270 -0.250132237141 0.432728787509 1.769047184904 0.573852998521 0.277312532844 0.480190437712 
Arquivo CSV criado com sucesso em: dataset\decomposition_based\random_walk\l5\fv_2400
2400. Decomposition 0.489581136566 0.315034907714 0.003328381009 0.002105104469 -0.008380994493 0.378442200087 1.911065502265 0.487995225548 0.007175525486 0.527337945301 0.000071679775 0.000824649609 0.000495807476 0.000387204873 -0.206406200644 0.365049814932 1.960500047221 0.505775299184 0.027297309093 0.645687083643 0.524477192982 0.075315665159 0.050023524721 0.025686869649 -0.164872623921 0.334746247406 1.826836343965 0.491669545644 0.256806674118 0.489785408707 

Multi adaptive decomposition walk:
Arquivo CSV criado com sucesso em: dataset\decomposition_based\adaptative_walk\l5_r0.25\fv_300
300. Decomposition 0.000017809642 0.000000000000 0.000012771797 0.000000000000 0.675240864508 0.000000000000 1.715160931660 0.000000000000 0.406799657987 0.000000000000 -0.000002878137 0.000000000000 0.000001193284 0.000000000000 0.319167207097 0.000000000000 2.088527454556 0.000000000000 0.355914511497 0.000000000000 0.281666666667 0.000000000000 0.098728021464 0.000000000000 0.271927705021 0.000000000000 2.511951720288 0.000000000000 0.454551629118 0.000000000000 
Arquivo CSV criado com sucesso em: dataset\decomposition_based\adaptative_walk\l5_r0.25\fv_600
600. Decomposition 0.000018452166 0.000000000000 0.000016138224 0.000000000000 0.793817382972 0.000000000000 2.431380888625 0.000000000000 0.769878241765 0.000000000000 -0.000003383551 0.000000000000 0.000001080300 0.000000000000 0.252892565108 0.000000000000 3.247581416856 0.000000000000 0.815027439072 0.000000000000 0.213750000000 0.000000000000 0.107763726891 0.000000000000 0.356602136737 0.000000000000 3.111948608893 0.000000000000 0.600263362267 0.000000000000 
Arquivo CSV criado com sucesso em: dataset\decomposition_based\adaptative_walk\l5_r0.25\fv_900
900. Decomposition 0.051363503371 0.051343924773 0.000791442702 0.000774747850 0.407169604626 0.408972455940 2.127839380642 0.627839380642 0.421350229328 0.497618406318 0.000045690640 0.000049282264 0.000044603255 0.000043540399 -0.026450011308 0.331665423290 2.590407619191 1.090407619191 0.748976888148 0.273490135339 0.387531914894 0.196865248227 0.075429166087 0.036013893615 0.130184519521 0.291626936355 2.403836915990 0.903836915990 0.626288539366 0.065026881186 
Arquivo CSV criado com sucesso em: dataset\decomposition_based\adaptative_walk\l5_r0.25\fv_1200
1200. Decomposition 0.048663203319 0.048643624721 0.002261653519 0.002244958668 0.841014151636 0.024872091069 2.224739828351 0.530938932933 0.554714412052 0.364254223595 -0.000105333044 0.000101741419 0.000120342653 0.000119279797 0.500369814526 0.195154402544 2.779662077182 0.901153161200 0.622765315650 0.399701707837 0.305286052009 0.114619385343 0.124231637904 0.012788578203 0.567679240938 0.145867785062 2.489465041770 0.818208790210 0.324647499677 0.236614158504 
Arquivo CSV criado com sucesso em: dataset\decomposition_based\adaptative_walk\l5_r0.25\fv_1500
1500. Decomposition 0.046690380126 0.046670801528 0.003039758873 0.003023064021 0.862080641824 0.045938581258 2.345377389443 0.410301371841 0.655229255777 0.263739379870 -0.000160601719 0.000157010094 0.000120862728 0.000119799872 0.519259339344 0.214043927361 3.092127243916 0.588687994465 0.859911602271 0.162555421216 0.273758865248 0.083092198582 0.125808276850 0.014365217149 0.578027069071 0.156215613195 2.833717169780 0.473956662199 0.509141248502 0.052120409679 
Arquivo CSV criado com sucesso em: dataset\decomposition_based\adaptative_walk\l5_r0.25\fv_1800
1800. Decomposition 0.045256011173 0.045236432575 0.003437686705 0.003420991853 0.864355824597 0.048213764030 2.450756280523 0.304922480761 0.761997494749 0.156971140898 -0.000222227915 0.000218636290 0.000143849792 0.000142786936 0.564356503999 0.259141092017 3.130594503353 0.550220735028 0.782082644315 0.240384379172 0.242628166160 0.051961499493 0.133554749351 0.022111689650 0.605395015577 0.183583559702 2.904948090295 0.402725741684 0.592875823271 0.031614165091 
Arquivo CSV criado com sucesso em: dataset\decomposition_based\adaptative_walk\l5_r0.25\fv_2100
2100. Decomposition 0.044226402036 0.044206823438 0.003595321495 0.003578626643 0.864433915674 0.048291855108 2.604825111812 0.150853649472 0.866648808213 0.052319827434 -0.000262064763 0.000258473138 0.000147681008 0.000146618152 0.565828692070 0.260613280088 3.221372188582 0.459443049799 0.911181519733 0.111285503755 0.222094562648 0.031427895981 0.134875323929 0.023432264228 0.610016325373 0.188204869497 3.060397385058 0.247276446922 0.711844666165 0.150583007985 
Arquivo CSV criado com sucesso em: dataset\decomposition_based\adaptative_walk\l5_r0.25\fv_2400
2400. Decomposition 0.100903758162 0.088432389107 0.003231923405 0.003021599836 0.243481938811 0.880187263680 2.146449888582 0.811195329183 0.615909882145 0.435532402044 -0.000180964868 0.000265264575 0.000165223158 0.000121791691 0.042439025111 0.766725587599 2.569352154551 1.141326534170 0.645468815291 0.458560831068 0.323952937510 0.161268957182 0.100402331937 0.054250575295 0.081246136747 0.781811149066 2.446028989075 1.028743003677 0.496762943445 0.382006051263 
Arquivo CSV criado com sucesso em: dataset\decomposition_based\adaptative_walk\l5_r0.25\fv_2700
2700. Decomposition 0.097352915903 0.083861225970 0.005094387263 0.003602224690 0.853460361886 0.043389723011 2.411996678062 0.436114529073 0.663096137097 0.368804280196 -0.000310742614 0.000229706987 0.000237540251 0.000175026701 0.460007567109 0.256935037582 2.882482009747 0.718265162888 0.497496154804 0.667153151843 0.284126045400 0.105381550196 0.125893815720 0.024680024104 0.544159190233 0.196874989565 2.624332250774 0.778609596238 0.433959034169 0.464988811593 
Arquivo CSV criado com sucesso em: dataset\decomposition_based\adaptative_walk\l5_r0.25\fv_3000
3000. Decomposition 0.094300641101 0.079975090348 0.006601340200 0.005122788376 0.884905910627 0.048793383143 2.428153266037 0.413320500864 0.684250624926 0.338889229416 -0.000369210672 0.000258551356 0.000241525680 0.000179201982 0.494998774765 0.232286229091 2.906227107252 0.687200741737 0.625429052473 0.486776441405 0.271864140638 0.088286657060 0.126570040938 0.024136660481 0.540212980690 0.200043861854 2.731365106528 0.629235228294 0.504096553558 0.372491684988 
Arquivo CSV criado com sucesso em: dataset\decomposition_based\adaptative_walk\l5_r0.25\fv_3300
3300. Decomposition 0.091932843641 0.076992018722 0.007473680681 0.006170412849 0.885928135441 0.049632307417 2.448200609058 0.385046356904 0.753011039887 0.241656806909 -0.000446750007 0.000326524043 0.000271326358 0.000212570379 0.598352170483 0.216646861178 2.877399328367 0.724943713904 0.704847867796 0.375066828973 0.248511567286 0.056148682901 0.138770215110 0.020450188047 0.658286721726 0.171273289570 2.767664554978 0.578811141647 0.502879287789 0.374067769394 
Arquivo CSV criado com sucesso em: dataset\decomposition_based\adaptative_walk\l5_r0.25\fv_3600
3600. Decomposition 0.090212726462 0.074844320490 0.007859205680 0.006653759664 0.885322758286 0.049132077265 2.518951018672 0.285384456039 0.826839366875 0.137272940252 -0.000509386112 0.000395352333 0.000289828746 0.000234712904 0.626659293115 0.229056230032 2.886638914801 0.712810432333 0.777341764090 0.273531045733 0.231017394792 0.033233520063 0.144011052768 0.023030706735 0.677562793441 0.181343928073 2.733686228334 0.626006492330 0.597207453767 0.257512332343 
Arquivo CSV criado com sucesso em: dataset\decomposition_based\adaptative_walk\l5_r0.25\fv_3900
3900. Decomposition 0.088881207211 0.073194060052 0.008056029180 0.006904079387 0.885678130295 0.049424541386 2.612264315296 0.154719834365 0.884616053506 0.055649920182 -0.000555933488 0.000450989088 0.000296314150 0.000242663913 0.643611939642 0.239402713261 2.947296962533 0.634077137221 0.856048806408 0.164682319414 0.217678233952 0.019113008642 0.146251937769 0.024737033915 0.691281410027 0.190573285296 2.774741321316 0.568999683107 0.679827116212 0.176279923126 
Arquivo CSV criado com sucesso em: dataset\decomposition_based\adaptative_walk\l5_r0.25\fv_4200
4200. Decomposition 0.087813353854 0.071878851376 0.008152338828 0.007027334228 0.886112071615 0.049786216623 2.711591177198 0.031541711307 0.932592396286 0.012973928928 -0.000588036647 0.000490832786 0.000295285153 0.000241396599 0.643964718414 0.239638752030 3.054024157046 0.501196622966 0.923267540443 0.077469162612 0.207722093602 0.016657503756 0.146648663407 0.025068779551 0.697326568542 0.195114571669 2.859192760941 0.452578379590 0.751089460986 0.150374862763 
Arquivo CSV criado com sucesso em: dataset\decomposition_based\adaptative_walk\l5_r0.25\fv_4500
4500. Decomposition 0.086949537059 0.070820632891 0.008175913477 0.007057577030 0.886451926769 0.050072902134 2.815595504774 0.138801077698 0.976350848068 0.074334025707 -0.000608733839 0.000517006377 0.000289441585 0.000234241073 0.641877590748 0.238254080074 3.188210533724 0.355224130811 0.986096681208 0.051023442958 0.201591200831 0.020509521242 0.145075530009 0.023803928557 0.696203042271 0.194250115521 2.983125019876 0.286257924447 0.819466951219 0.183274632565 
Arquivo CSV criado com sucesso em: dataset\decomposition_based\adaptative_walk\l5_r0.25\fv_4800
4800. Decomposition 0.144729693316 0.117941351754 0.006122395700 0.007048336550 0.664907959664 0.386333892383 2.904352430706 0.262822789836 1.010014281768 0.121899303466 -0.000319181729 0.000714019026 0.000217294197 0.000238772435 0.483639475517 0.348215729049 3.270834095393 0.291608802638 1.013991836514 0.078461674084 0.305722672704 0.190932065906 0.108486011647 0.065853817834 0.524560389253 0.347494619588 3.076594232935 0.172933446429 0.860350636903 0.221555544422 
Arquivo CSV criado com sucesso em: dataset\decomposition_based\adaptative_walk\l5_r0.25\fv_5100
5100. Decomposition 0.141012140115 0.112469211222 0.008555751263 0.006135696761 0.867706746012 0.054321866041 2.584018752962 0.599706477733 0.786047060087 0.402030507924 -0.000538041085 0.000496319449 0.000324948032 0.000212120752 0.480675980252 0.352345097115 3.061838930193 0.441377058265 0.885555618423 0.232604303652 0.262865529847 0.117535771973 0.128749515145 0.034233619330 0.458694333421 0.450409780475 3.180945133470 0.234727105375 0.961804287807 0.260180080509 
Arquivo CSV criado com sucesso em: dataset\decomposition_based\adaptative_walk\l5_r0.25\fv_5400
5400. Decomposition 0.137983994754 0.108090627450 0.009989962234 0.006869913782 0.894833227932 0.045743648403 2.645816639316 0.502323730708 0.814125201805 0.355333892397 -0.000651282728 0.000472039806 0.000377300214 0.000253537560 0.641290025094 0.208142314483 2.971114298012 0.577297705832 0.817798292668 0.346544218918 0.245338057319 0.087923178252 0.135877061897 0.025385874652 0.644888703261 0.194808330495 3.000733219722 0.199233939497 0.757884215620 0.261368029643 
Arquivo CSV criado com sucesso em: dataset\decomposition_based\adaptative_walk\l5_r0.25\fv_5700
5700. Decomposition 0.135567772547 0.104654018937 0.010925699980 0.007751050587 0.895834212975 0.046317080699 2.658393001765 0.483006196852 0.858071580058 0.283556579800 -0.000738199311 0.000506919147 0.000405371308 0.000285298344 0.654724356113 0.208752243634 2.997990532793 0.535824224246 0.861780223732 0.272254110937 0.229637948699 0.062013394385 0.142374846635 0.020716072008 0.686432155274 0.171862978447 3.002255274218 0.197505253145 0.702951670369 0.333374336814 
Arquivo CSV criado com sucesso em: dataset\decomposition_based\adaptative_walk\l5_r0.25\fv_6000
6000. Decomposition 0.133784035607 0.102152831544 0.011382863316 0.008263369659 0.896653254298 0.046828827924 2.706264045624 0.411732788415 0.908151246263 0.205603536317 -0.000796885647 0.000552862399 0.000416306154 0.000298900093 0.666013621904 0.211254606472 3.057062962582 0.448186414343 0.900481825221 0.208016210224 0.220005599533 0.046843061362 0.143249482324 0.020482222398 0.696255008421 0.170473589946 2.977895185398 0.227275138597 0.781106209989 0.235911385988 
Arquivo CSV criado com sucesso em: dataset\decomposition_based\adaptative_walk\l5_r0.25\fv_6300
6300. Decomposition 0.132366840144 0.100189021624 0.011665518036 0.008601353795 0.897394905348 0.047324145395 2.766456083422 0.329928889195 0.944425231446 0.155081754910 -0.000848740946 0.000604876599 0.000426326030 0.000311853153 0.675725172922 0.214812680039 3.103968371242 0.383808910815 0.931415107933 0.158347478774 0.212433923687 0.035874217179 0.143610742227 0.020417677554 0.702316445300 0.170459922334 3.028293141771 0.171547278886 0.834281322407 0.197114108889 
Arquivo CSV criado com sucesso em: dataset\decomposition_based\adaptative_walk\l5_r0.25\fv_6600
6600. Decomposition 0.131200744483 0.098589659353 0.011847783426 0.008826837689 0.897912747882 0.047687459033 2.826519184014 0.264539046295 0.973861302481 0.122742388250 -0.000891682737 0.000654183232 0.000433631128 0.000321558331 0.681326260177 0.217430730914 3.145794778763 0.332687935522 0.953008154614 0.125595398400 0.204842646336 0.026881521950 0.145011199852 0.020348205266 0.715313168364 0.172596856098 3.052809715871 0.155327371787 0.855868263502 0.192029735880 
Arquivo CSV criado com sucesso em: dataset\decomposition_based\adaptative_walk\l5_r0.25\fv_6900
6900. Decomposition 0.188663144594 0.145001915123 0.011605563101 0.007933255619 0.824097591279 0.153782249356 2.655475111442 0.429024310881 0.847092204437 0.284173873673 -0.000889988177 0.000590406983 0.000418256429 0.000287831704 0.551175642730 0.324886038554 3.006877134103 0.417071216261 0.796489268496 0.349160984823 0.235390975134 0.068214144329 0.123025669527 0.049045160927 0.587689403837 0.306967100663 2.721437871357 0.666452255957 0.667953845135 0.392053500422 
Arquivo CSV criado com sucesso em: dataset\decomposition_based\adaptative_walk\l5_r0.25\fv_7200
7200. Decomposition 0.184919168977 0.139123717608 0.013538368816 0.008593213088 0.894348149241 0.043296931397 2.649648156496 0.438926453704 0.806744355287 0.360305288272 -0.000963385857 0.000605260007 0.000445640090 0.000287576903 0.615171835466 0.235183064922 2.922452344906 0.552759534995 0.808181292196 0.326792598388 0.230318247861 0.058747789052 0.125851038789 0.043851982837 0.621767583346 0.250622710201 3.062502094331 0.144881334926 0.629856115339 0.461611841375 
Arquivo CSV criado com sucesso em: dataset\decomposition_based\adaptative_walk\l5_r0.25\fv_7500
7500. Decomposition 0.182102941723 0.134807346619 0.014535688416 0.009547787299 0.898693966059 0.042712468572 2.650043030251 0.438252696101 0.870117414153 0.242057088870 -0.001027362923 0.000645735914 0.000469561512 0.000295772819 0.665846442297 0.196908200697 2.982433244322 0.454075920224 0.819108335706 0.306025020439 0.225070613143 0.049240487296 0.127228637195 0.041363409764 0.651029007676 0.207963780188 2.904583488018 0.318176478236 0.726988988173 0.290912580634 
Arquivo CSV criado com sucesso em: dataset\decomposition_based\adaptative_walk\l5_r0.25\fv_7800
7800. Decomposition 0.179990769311 0.131635357409 0.015111161201 0.010235860728 0.900883868690 0.043084499567 2.698683573686 0.358895162229 0.906151912596 0.180052767578 -0.001084974652 0.000700422679 0.000495159534 0.000312519025 0.691265759220 0.195483959580 3.016579909740 0.403085192550 0.798906142424 0.344526127029 0.217395880373 0.036329052413 0.133068574861 0.031313627010 0.728878617883 0.156705338987 2.908902720424 0.310463759719 0.610476354747 0.497741501452 
Arquivo CSV criado com sucesso em: dataset\decomposition_based\adaptative_walk\l5_r0.25\fv_8100
8100. Decomposition 0.178351588929 0.129215212018 0.015440707997 0.010665886811 0.901675924457 0.043327431213 2.749657440831 0.287788743819 0.936178375753 0.136177964341 -0.001118691935 0.000738913933 0.000501310267 0.000317642725 0.685899979646 0.194683171688 3.039206148313 0.372363562746 0.815029497895 0.313759861209 0.212971169652 0.029949650356 0.134199501200 0.029506522142 0.715904141337 0.155900496087 2.853761548026 0.411698460836 0.666065194560 0.395444147469 
Arquivo CSV criado com sucesso em: dataset\decomposition_based\adaptative_walk\l5_r0.25\fv_8400
8400. Decomposition 0.177019319351 0.127276510518 0.015650252220 0.010951175969 0.902678317538 0.043715307620 2.800376766787 0.240207923187 0.959914771100 0.112609605260 -0.001153073910 0.000782210583 0.000509754346 0.000325303684 0.686857642664 0.194782993678 3.013595664536 0.407339515207 0.841372219188 0.264253861232 0.207651780994 0.024413103752 0.136716627421 0.025743735257 0.729790090190 0.156923118107 2.849408496462 0.419884459259 0.677695291256 0.374682414940 
Arquivo CSV criado com sucesso em: dataset\decomposition_based\adaptative_walk\l5_r0.25\fv_8700
8700. Decomposition 0.175932403862 0.125714533155 0.015759601583 0.011103423285 0.903216293538 0.043959783169 2.852234029166 0.230848539766 0.982398851279 0.106224586419 -0.001182717740 0.000822331336 0.000515145101 0.000330553073 0.691050359129 0.195440524118 3.019059068952 0.399584268044 0.866680104666 0.218100277863 0.204262019536 0.022853615553 0.137084588626 0.025230845955 0.728934922165 0.156718186131 2.840316373453 0.437047221404 0.723295275218 0.296874394965 
Arquivo CSV criado com sucesso em: dataset\decomposition_based\adaptative_walk\l5_r0.25\fv_9000
9000. Decomposition 0.175016006185 0.124411878406 0.015817651338 0.011185141598 0.903645121186 0.044172463773 2.903784273544 0.265011473862 1.002343963623 0.115884447137 -0.001207630270 0.000857768135 0.000519046617 0.000334517686 0.690078130213 0.195256181122 3.035029448028 0.377814790903 0.883559570467 0.188594578830 0.200596430671 0.023367197434 0.138171121421 0.023784803232 0.735263172295 0.158665580643 2.843468781100 0.431087087977 0.742256653967 0.267027090050 
Arquivo CSV criado com sucesso em: dataset\decomposition_based\adaptative_walk\l5_r0.25\fv_9300
9300. Decomposition 0.174248826964 0.123331701881 0.015824351845 0.011194613206 0.903950469513 0.044333396243 2.957606841309 0.332571147945 1.022167315045 0.136802873656 -0.001236295850 0.000900231168 0.000528092903 0.000344215517 0.695816639205 0.196620160016 3.037956620275 0.373983156404 0.885838784827 0.184722118632 0.197480186551 0.025509644201 0.138784476116 0.023019033632 0.738908407403 0.160230992099 2.853228114546 0.412700448392 0.766379356536 0.232482969271 
Arquivo CSV criado com sucesso em: dataset\decomposition_based\adaptative_walk\l5_r0.25\fv_9600
9600. Decomposition 0.173591347986 0.122413700888 0.015804118357 0.011166036384 0.904202721094 0.044472230969 3.012377018691 0.418900270226 1.040768816414 0.162892865214 -0.001252800281 0.000925407201 0.000525852703 0.000341750383 0.696999810558 0.196983378661 3.070890044790 0.334929602879 0.915709112061 0.137903800973 0.194880002788 0.028241312090 0.139085772079 0.022657718581 0.739826554254 0.160675037854 2.872023057765 0.377610955074 0.789015949240 0.205158729586 
Arquivo CSV criado com sucesso em: dataset\decomposition_based\adaptative_walk\l5_r0.25\fv_9900
9900. Decomposition 0.173009684931 0.121607634186 0.015776490074 0.011127134655 0.904535159607 0.044663244669 3.065630095065 0.511433885764 1.057145469266 0.188968886065 -0.001271210877 0.000954054728 0.000528941153 0.000345159523 0.694872377664 0.196350264523 3.089310306788 0.316980432915 0.919549708057 0.132639470028 0.192579639101 0.031185943906 0.139232647008 0.022485335981 0.742641983420 0.162158782114 2.895395341116 0.334733916376 0.811534735438 0.185098591439 
Arquivo CSV criado com sucesso em: dataset\decomposition_based\adaptative_walk\l5_r0.25\fv_10200
10200. Decomposition 0.230341238819 0.169660579708 0.015795906987 0.010150548845 0.860155330486 0.107340027531 2.829912170544 0.728489604720 0.899553775083 0.399338932009 -0.001134681401 0.000930790967 0.000541787478 0.000317272227 0.588804418621 0.300274553915 2.866533432199 0.575172409622 0.832497554508 0.229886079425 0.237367718153 0.105299207036 0.127838142060 0.032877772638 0.673456606113 0.216478938145 2.618423814151 0.693872997041 0.624797794852 0.450963166775 
Arquivo CSV criado com sucesso em: dataset\decomposition_based\adaptative_walk\l5_r0.25\fv_10500
10500. Decomposition 0.226632991087 0.163475172567 0.017140857429 0.010602603721 0.893209427572 0.048036129581 2.904400898203 0.613418276659 0.965695113784 0.274559992331 -0.001249486663 0.000878186249 0.000605549784 0.000358470331 0.649107973719 0.208470332500 2.938521910897 0.443614780295 0.750321534180 0.398206984666 0.225391469177 0.079902658346 0.132645363659 0.025332005367 0.721481002069 0.156832041253 2.685925113407 0.561754137886 0.686577080063 0.326976394217 
Arquivo CSV criado com sucesso em: dataset\decomposition_based\adaptative_walk\l5_r0.25\fv_10800
10800. Decomposition 0.223767198598 0.158826579041 0.018236789495 0.011551405733 0.903188451361 0.040899679483 2.930801280533 0.578680869422 0.964775941496 0.276137685785 -0.001373232315 0.000903458885 0.000657428656 0.000425615464 0.692688441611 0.179843002162 2.897256328081 0.516995127843 0.802573314662 0.289011772627 0.212474059789 0.054028956836 0.138577576579 0.020450557152 0.763598138575 0.155083542901 2.728922801420 0.483375701282 0.707693363138 0.287571817690 
Arquivo CSV criado com sucesso em: dataset\decomposition_based\adaptative_walk\l5_r0.25\fv_11100
11100. Decomposition 0.221420905232 0.155114068929 0.019050619650 0.012522587293 0.905728849989 0.040868459018 2.938005591786 0.569896208555 0.974710589106 0.259440342009 -0.001448100309 0.000958033884 0.000665748821 0.000438287914 0.705733343538 0.180857438960 2.924700665803 0.467447276590 0.872576006792 0.160576090413 0.205410500066 0.041592023692 0.139070371606 0.020383601291 0.753152025824 0.150106558220 2.769571389696 0.416187760174 0.770745254079 0.192158467444 
Arquivo CSV criado com sucesso em: dataset\decomposition_based\adaptative_walk\l5_r0.25\fv_11400
11400. Decomposition 0.219628510389 0.152338778038 0.019470762560 0.013094943457 0.906861761183 0.041108395156 2.961171805075 0.543925125871 0.998354945189 0.223596638878 -0.001512406910 0.001024616022 0.000679628506 0.000460325956 0.717097794898 0.185513285641 2.993087159389 0.360181696549 0.883816001759 0.145186027609 0.199168898644 0.033079879323 0.140295675428 0.020474839040 0.755085016870 0.150767264979 2.822394424346 0.345481829980 0.786788254013 0.177828620866 
Arquivo CSV criado com sucesso em: dataset\decomposition_based\adaptative_walk\l5_r0.25\fv_11700
11700. Decomposition 0.218240853242 0.150228399583 0.019662695842 0.013370232388 0.907312676795 0.041246813858 2.998039991678 0.510768869669 1.023407960716 0.194294098660 -0.001554361758 0.001076222159 0.000677316925 0.000456583061 0.715144104815 0.184472242586 3.045131868755 0.305790641619 0.924813454414 0.120926173581 0.194924417710 0.029741864388 0.140053879180 0.020427783947 0.755336654099 0.150862173207 2.874371228725 0.305943944203 0.828250475800 0.172748772447 
Arquivo CSV criado com sucesso em: dataset\decomposition_based\adaptative_walk\l5_r0.25\fv_12000
12000. Decomposition 0.274923889823 0.196994536411 0.018092047252 0.013135932746 0.778026213103 0.320064207181 2.800008243801 0.703254962548 0.880170072127 0.410895950592 -0.001548678307 0.001021926261 0.000663302699 0.000424246908 0.607241699412 0.318620532029 2.848648518941 0.613314506985 0.752670114957 0.468349290337 0.226851076261 0.087635455351 0.131143974465 0.029280202408 0.508721692390 0.627914452433 2.698760139358 0.563343753580 0.691954482312 0.389330609742 
Arquivo CSV criado com sucesso em: dataset\decomposition_based\adaptative_walk\l5_r0.25\fv_12300
12300. Decomposition 0.270720009612 0.189795116594 0.020436105560 0.012607219961 0.902275356622 0.040612236246 2.821886376209 0.663743891448 0.910926794316 0.344022966148 -0.001617533358 0.001025739372 0.000677124257 0.000422839634 0.669228475010 0.207489620295 2.864311148554 0.579119873443 0.812378086133 0.328814019520 0.215297444708 0.061327001227 0.132693492604 0.026500651275 0.694526316045 0.210810520545 2.839085498780 0.314754712191 0.787808976627 0.202300560163 
Arquivo CSV criado com sucesso em: dataset\decomposition_based\adaptative_walk\l5_r0.25\fv_12600
12600. Decomposition 0.267696189617 0.184798083613 0.021589888285 0.013283714356 0.907007301646 0.038376510322 2.860006847046 0.600140965963 0.944897261472 0.275292568957 -0.001734434634 0.001093475404 0.000765139816 0.000474322343 0.731584027453 0.175378481196 2.922404367930 0.458096936286 0.743060521267 0.491171905691 0.206221927632 0.042496146152 0.137309943992 0.020276808259 0.760207300288 0.141006930898 2.863551026478 0.291895375000 0.701041270564 0.369266909398 
Arquivo CSV criado com sucesso em: dataset\decomposition_based\adaptative_walk\l5_r0.25\fv_12900
12900. Decomposition 0.265446614324 0.181187582812 0.022248420484 0.013914552216 0.908567553159 0.038385310775 2.892695499488 0.552380949683 0.970450554844 0.229985398016 -0.001789808494 0.001149313365 0.000760156480 0.000468917788 0.722491799646 0.172176034441 2.882624981333 0.539848564962 0.839305578055 0.268237950842 0.200988367541 0.033582967107 0.136707244566 0.020848106712 0.757032578220 0.140994124457 2.839490922215 0.314296354449 0.801728402508 0.184458956143 
Arquivo CSV criado com sucesso em: dataset\decomposition_based\adaptative_walk\l5_r0.25\fv_13200
13200. Decomposition 0.263748870992 0.178527033572 0.022597649204 0.014311721105 0.909145937300 0.038485116899 2.929799270698 0.508117108993 0.993605720527 0.197271691422 -0.001816453505 0.001180802083 0.000749118525 0.000457879321 0.720986120254 0.171918618640 2.935323440307 0.432945640678 0.884949372631 0.174701818331 0.197811473888 0.029605804921 0.136266267449 0.021321239964 0.755972263794 0.141085363466 2.902429905434 0.279181002308 0.836288154493 0.164149444842 
Arquivo CSV criado com sucesso em: dataset\decomposition_based\adaptative_walk\l5_r0.25\fv_13500
13500. Decomposition 0.262404852465 0.176461869318 0.022797337464 0.014556552862 0.909712004252 0.038632887453 2.968778326227 0.476090946941 1.012676225026 0.179544345601 -0.001860305313 0.001238384727 0.000760582527 0.000469369870 0.728100226799 0.173821490175 2.967689268583 0.374286819877 0.893278691851 0.160179767530 0.193664666711 0.027031192446 0.137156069360 0.020414038338 0.762662492265 0.141310589139 2.917067227663 0.282680778129 0.844975697380 0.165588488425 
Arquivo CSV criado com sucesso em: dataset\decomposition_based\adaptative_walk\l5_r0.25\fv_13800
13800. Decomposition 0.261307082401 0.174802983747 0.022909865547 0.014699894809 0.910053658223 0.038745822416 3.007750364592 0.461925681931 1.029146638609 0.173145072458 -0.001890426750 0.001281659856 0.000763427259 0.000472436435 0.727612761836 0.173635967135 3.005168519722 0.317749608763 0.905885530840 0.140998385783 0.190798240208 0.027395398558 0.137263371194 0.020317703240 0.764472910122 0.141697679080 2.956886360552 0.313477608966 0.862880129661 0.176788460721 
Arquivo CSV criado com sucesso em: dataset\decomposition_based\adaptative_walk\l5_r0.25\fv_14100
14100. Decomposition 0.260407731640 0.173463179697 0.022950655348 0.014752782012 0.910322212916 0.038847021032 3.048255110952 0.467846809396 1.045033326168 0.175745644744 -0.001921472701 0.001329078049 0.000769289126 0.000479013217 0.730877720047 0.175030314054 3.024695494568 0.295396215879 0.914183426033 0.130839109996 0.188344101754 0.029083047281 0.137340894348 0.020249940930 0.767273353885 0.142566348848 2.993165538418 0.362712702095 0.876444707756 0.191625895545 
Arquivo CSV criado com sucesso em: dataset\decomposition_based\adaptative_walk\l5_r0.25\fv_14400
14400. Decomposition 0.322037084117 0.230158128244 0.022605963347 0.013837694070 0.875639905498 0.098944423596 2.877724226608 0.642881998755 0.931682695744 0.347775634047 -0.001696246218 0.001383926253 0.000761246918 0.000446023168 0.616729568892 0.339570681002 2.926161059588 0.391992026125 0.775904582431 0.405654539192 0.229652436781 0.113766538827 0.122718467471 0.043192207560 0.662100710365 0.311046662787 2.790329776261 0.648039530712 0.781909890567 0.307189466818 
Arquivo CSV criado com sucesso em: dataset\decomposition_based\adaptative_walk\l5_r0.25\fv_14700
14700. Decomposition 0.317775295507 0.222293864868 0.024565685420 0.014448460224 0.905219553377 0.038888482370 2.905033402482 0.592310042205 0.955401353567 0.294091653465 -0.001799875587 0.001288635027 0.000813157267 0.000462100999 0.696965393996 0.184149646841 2.868604498834 0.513707232124 0.790001758032 0.370036545705 0.218826923584 0.086258488877 0.135374938195 0.019639751792 0.725661881349 0.174854772240 2.876541211266 0.471101185893 0.669140795005 0.576489221003 
Arquivo CSV criado com sucesso em: dataset\decomposition_based\adaptative_walk\l5_r0.25\fv_15000
15000. Decomposition 0.314263747732 0.216041241272 0.026150607013 0.016188143634 0.912652960297 0.036851756290 2.922434738237 0.562560327507 0.953454455886 0.298364882093 -0.001908274727 0.001247025550 0.000869315078 0.000521358581 0.741566083542 0.166251065778 2.938570488700 0.368738101877 0.788626881534 0.373495885188 0.211991778969 0.069364332461 0.136113539567 0.019199345074 0.752761382955 0.139849679880 2.815519626828 0.592736732515 0.766869600437 0.340316788292 
Arquivo CSV criado com sucesso em: dataset\decomposition_based\adaptative_walk\l5_r0.25\fv_15300
15300. Decomposition 0.311396818674 0.211102348350 0.027202686954 0.017800445450 0.912848321342 0.036938195017 2.923899777424 0.560156263721 0.970536419105 0.261951056736 -0.001992910028 0.001259784834 0.000894362301 0.000558609973 0.745491062306 0.168584484285 2.885393839851 0.476390091236 0.841616087870 0.243949826126 0.204382789346 0.051516737315 0.139273989868 0.019536694997 0.772701465117 0.134230670399 2.841059085882 0.539291459088 0.788499939875 0.293197190933 
Arquivo CSV criado com sucesso em: dataset\decomposition_based\adaptative_walk\l5_r0.25\fv_15600
15600. Decomposition 0.309248213898 0.207505651535 0.027697640197 0.018654665214 0.912991359848 0.037005933580 2.943239249420 0.530058329210 0.993857925458 0.217619591535 -0.002077486365 0.001311182578 0.000930481673 0.000620906099 0.750095583780 0.172082045408 2.894792636944 0.456055849569 0.847302326904 0.230789058745 0.199886109115 0.041952861165 0.139308892717 0.019560354128 0.774160269296 0.134624368218 2.857737756427 0.506214808225 0.837374956272 0.206485686720 
Arquivo CSV criado com sucesso em: dataset\decomposition_based\adaptative_walk\l5_r0.25\fv_15900
15900. Decomposition 0.307556029751 0.204739627979 0.027951595790 0.019112975511 0.913045409854 0.037032504527 2.971885499371 0.491914756472 1.013968964851 0.187454580195 -0.002129736901 0.001360470817 0.000937680092 0.000634311589 0.745621823259 0.168672671518 2.915838030853 0.412330166927 0.868072523946 0.185170845017 0.195640561559 0.034290587798 0.139989160042 0.020100785611 0.777630833230 0.135997392848 2.892794102750 0.443015212121 0.856948968634 0.186178706543 
Arquivo CSV criado com sucesso em: dataset\decomposition_based\adaptative_walk\l5_r0.25\fv_16200
16200. Decomposition 0.306154213909 0.202494594103 0.028104854377 0.019395582276 0.913341127118 0.037187278888 3.003142484334 0.461034170663 1.029880359460 0.171708891191 -0.002171861747 0.001408854907 0.000939143900 0.000637072762 0.746384418833 0.169200155182 2.940948821075 0.364449729334 0.890442367524 0.143550451520 0.192425873808 0.030022849386 0.140116091573 0.020217769495 0.779449204027 0.136957265292 2.930605784989 0.388385418717 0.876759546498 0.179036124629 
Arquivo CSV criado com sucesso em: dataset\decomposition_based\adaptative_walk\l5_r0.25\fv_16500
16500. Decomposition 0.304983469031 0.200652913241 0.028177307178 0.019530691376 0.913477126684 0.037263758416 3.035433272071 0.443300847084 1.044104012562 0.165616854432 -0.002198204707 0.001442667571 0.000931994827 0.000623699663 0.744791543719 0.168124023745 2.979006985988 0.305422410242 0.913224493298 0.117786558874 0.189598242177 0.027920313964 0.140257022949 0.020353360748 0.780458439611 0.137559751435 2.965965783154 0.355640823698 0.890932356147 0.183191692471 
Arquivo CSV criado com sucesso em: dataset\decomposition_based\adaptative_walk\l5_r0.25\fv_16800
16800. Decomposition 0.304000078370 0.199130028645 0.028187706587 0.019550161691 0.913544563090 0.037302910436 3.068929166643 0.441933658898 1.057487589176 0.167575947784 -0.002227704645 0.001483507210 0.000931944429 0.000623606405 0.743852644043 0.167536140088 3.011463314728 0.274922978715 0.924659715194 0.115035099184 0.187454370392 0.027600431187 0.140052914369 0.020158929054 0.780522423702 0.137599605952 3.006032717966 0.346452575266 0.907487605056 0.197176232302 
Arquivo CSV criado com sucesso em: dataset\decomposition_based\adaptative_walk\l5_r0.25\fv_17100
17100. Decomposition 0.303174290648 0.197868582565 0.028147526383 0.019475041584 0.913590564250 0.037330083346 3.104205117966 0.459361192596 1.070594845495 0.176497966276 -0.002251021165 0.001517850152 0.000927945830 0.000616254384 0.744809008919 0.168135287652 3.047049163243 0.270416553512 0.942601359613 0.126164459555 0.185374962751 0.028390687522 0.139994012768 0.020105167412 0.781642496008 0.138328978434 3.041223141856 0.364557119413 0.920282755755 0.213584646624 
Arquivo CSV criado com sucesso em: dataset\decomposition_based\adaptative_walk\l5_r0.25\fv_17400
17400. Decomposition 0.363426825281 0.252781139924 0.027512258820 0.018427093187 0.890787026469 0.073469208553 2.935264816757 0.660764801954 0.949186285478 0.387983690299 -0.001926277467 0.001707731501 0.001011733144 0.000626793993 0.609615573594 0.414080546645 2.995781474243 0.307102464614 0.722883017446 0.642610651074 0.226171341655 0.119464614423 0.133621344316 0.026200341653 0.648632685440 0.399558666363 2.945387665479 0.449632557575 0.761339828121 0.496373364778 
Arquivo CSV criado com sucesso em: dataset\decomposition_based\adaptative_walk\l5_r0.25\fv_17700
17700. Decomposition 0.358927901543 0.244364784478 0.029760235083 0.018908316906 0.913294767010 0.035203555941 2.965503287444 0.599370806794 0.973576283591 0.327205385901 -0.002090551347 0.001507210067 0.001039482934 0.000660931642 0.716614994610 0.177537087062 2.909236049847 0.485554745205 0.859784490421 0.272698593072 0.215631449984 0.090674390883 0.138959339882 0.019201462760 0.740572501663 0.175788787264 2.902188746177 0.535478296144 0.802725893378 0.392485752761 
Arquivo CSV criado com sucesso em: dataset\decomposition_based\adaptative_walk\l5_r0.25\fv_18000
18000. Decomposition 0.355372645202 0.237984689101 0.031219304471 0.020309027124 0.915034422436 0.035430720249 2.975183644814 0.581007500483 0.992816765713 0.281937317009 -0.002234462193 0.001435875248 0.001077451499 0.000718985759 0.744585248150 0.158551381039 2.940580738460 0.413147741952 0.914853950750 0.150800992842 0.205465855420 0.063801357396 0.140547607080 0.019030380832 0.774393387110 0.132545251124 2.943053359825 0.453845814475 0.885653047770 0.226909241323 
Arquivo CSV criado com sucesso em: dataset\decomposition_based\adaptative_walk\l5_r0.25\fv_18300
18300. Decomposition 0.352591504469 0.233174466056 0.032122708004 0.021530042381 0.915469916382 0.035593971392 2.991080374357 0.552473975138 1.010504980374 0.243647713345 -0.002360299956 0.001466190879 0.001131783809 0.000819570399 0.756129211682 0.161722639167 2.986990707490 0.321265521939 0.887595768892 0.205496491922 0.197897589642 0.045318268643 0.143338476465 0.021176280717 0.789380297127 0.132331663465 2.977641062012 0.398117968436 0.877289481853 0.238416048089 
Arquivo CSV criado com sucesso em: dataset\decomposition_based\adaptative_walk\l5_r0.25\fv_18600
18600. Decomposition 0.350532711683 0.229722256740 0.032521162450 0.022141015947 0.915311170373 0.035529604358 3.015836027329 0.512750055589 1.031764862494 0.204451515040 -0.002422630308 0.001512323343 0.001123335710 0.000802827366 0.753428451015 0.160391783520 3.013922826810 0.282585615553 0.931385180656 0.129279939249 0.193586411897 0.036257061689 0.143313392417 0.021144842805 0.790142176486 0.132683015264 3.008946993829 0.363355952675 0.910354796992 0.205445261659 
Arquivo CSV criado com sucesso em: dataset\decomposition_based\adaptative_walk\l5_r0.25\fv_18900
18900. Decomposition 0.349005781525 0.227224397946 0.032627883354 0.022311483216 0.915175288922 0.035478929372 3.049844342728 0.469861538118 1.052827237659 0.177569883807 -0.002469791818 0.001559615033 0.001116043335 0.000788671224 0.754501372268 0.160878386047 3.064141937053 0.259418173972 0.958812284393 0.127898388010 0.190467637951 0.031068075604 0.142944192383 0.020704736787 0.788707098747 0.132049697796 3.055003772815 0.348696701909 0.938315471716 0.208526249780 
Arquivo CSV criado com sucesso em: dataset\decomposition_based\adaptative_walk\l5_r0.25\fv_19200
19200. Decomposition 0.403771594591 0.277606529644 0.032075391415 0.020904964557 0.894837288793 0.069712988386 2.913189245745 0.613926405393 0.940911472723 0.382755521836 -0.002121293055 0.001774127807 0.001087797493 0.000747521791 0.673260616758 0.292987353272 3.022716580073 0.276792573207 0.952055272384 0.122494257432 0.224961225033 0.109680375513 0.135288351701 0.031082509393 0.696329783264 0.309692287601 3.009909171930 0.358730681623 0.934702752385 0.196253250328 
Arquivo CSV criado com sucesso em: dataset\decomposition_based\adaptative_walk\l5_r0.25\fv_19500
19500. Decomposition 0.398691554827 0.268045977982 0.034387836185 0.021901664041 0.912878426190 0.034366740426 2.935797352972 0.568724803741 0.976241016818 0.290916590440 -0.002340166837 0.001510773361 0.001212654191 0.000812219264 0.760067518762 0.153971699770 2.956798176277 0.407029424552 0.873701395846 0.281401371642 0.213060746564 0.075769475945 0.142058222881 0.020269225409 0.770853288717 0.139339983230 3.020773122828 0.347470975914 0.819301673075 0.400035761675 
Arquivo CSV criado com sucesso em: dataset\decomposition_based\adaptative_walk\l5_r0.25\fv_19800
19800. Decomposition 0.394702538788 0.260917379607 0.035990983183 0.023785644508 0.915501984329 0.033675357687 2.947059349518 0.547952085887 0.989150234749 0.260058221556 -0.002498539979 0.001481277208 0.001274230776 0.000901546837 0.766943929582 0.156790173155 2.955949561502 0.409059171411 0.897394294386 0.219370717802 0.203659677045 0.050748036219 0.144909013221 0.020587649540 0.796457580883 0.127309665737 2.958625320590 0.441484273120 0.881784075841 0.253926104283 
Arquivo CSV criado com sucesso em: dataset\decomposition_based\adaptative_walk\l5_r0.25\fv_20100
20100. Decomposition 0.391838523669 0.256021885225 0.036710184583 0.024887816254 0.915498165311 0.033675037503 2.965481584671 0.516941707948 1.012034046092 0.211808188209 -0.002589535114 0.001532219472 0.001281931223 0.000914730607 0.767444661247 0.157099281270 2.987332193507 0.338668319118 0.932042925447 0.144532236201 0.198742460731 0.039411028616 0.145204442396 0.020822221161 0.796973003056 0.127531719633 2.995326555046 0.377757615501 0.912155282141 0.208361475505 

Single Random walk:
200. Dominance: Arquivo CSV criado com sucesso em: dataset\pareto_based\random_walk\l5\fv_200
0.258829787234 0.061677452880 -0.232250164690 2.056065450672 0.823989696960 0.110957446809 0.034741983713 -1.130693928936 1.842807819545 0.075763850768 0.630212765957 0.070152779017 -0.521062261377 1.835770622344 -0.630029831951 0.630212765957 0.070152779017 -0.521062261377 1.835770622344 -0.630029831951 

Single adaptive dominance walk:
Arquivo CSV criado com sucesso em: dataset\pareto_based\adaptative_walk\l5_r0.25\fv_200
200. Dominance: 0.324583333333 0.088108006636 -0.627718645722 1.840464335551 0.425379200603 0.207083333333 0.035597577165 -0.567410148354 1.986261933533 0.240785478219 0.468333333333 0.110189231174 -0.687814702920 1.509645292717 0.158314206559 0.468333333333 0.110189231174 -0.687814702920 1.509645292717 0.158314206559 
Arquivo CSV criado com sucesso em: dataset\pareto_based\adaptative_walk\l5_r0.25\fv_400
400. Dominance: 0.322291666667 0.084774773092 -0.405079849263 1.839457986098 0.383211949475 0.157812500000 0.064679951250 0.349425480702 2.069664778661 -0.267538378304 0.519895833333 0.104443330511 0.008103633219 1.638099426144 -0.050119440775 0.519895833333 0.104443330511 0.008103633219 1.638099426144 -0.050119440775 
Arquivo CSV criado com sucesso em: dataset\pareto_based\adaptative_walk\l5_r0.25\fv_600
600. Dominance: 0.332847222222 0.080822205945 -0.225513546481 1.549697494734 -0.027577851869 0.130347222222 0.067432629560 0.545804449952 1.926170590752 0.319856626256 0.536805555556 0.101931481919 -0.045138941008 2.214113361739 0.092789582726 0.536805555556 0.101931481919 -0.045138941008 2.214113361739 0.092789582726 
Arquivo CSV criado com sucesso em: dataset\pareto_based\adaptative_walk\l5_r0.25\fv_800
800. Dominance: 0.349791666667 0.076951181765 -0.083313981023 1.769745118063 -0.469024264108 0.107552083333 0.070602238681 0.659687889607 2.168043877208 0.652474321644 0.542656250000 0.089440398931 -0.036815798935 2.801854308009 -0.083235051923 0.542656250000 0.089440398931 -0.036815798935 2.801854308009 -0.083235051923 
Dominance adaptive walk: 18
Arquivo CSV criado com sucesso em: dataset\decomposition_based\adaptative_walk\l5_r0.25\mo_features_random_walk_decomposition.csv
