
Multi Random walk:
Arquivo CSV criado com sucesso em: dataset\decomposition_based\random_walk\l25\fv_300
300. Decomposition 0.540112330241 0.000000000000 0.183319932273 0.000000000000 0.848054091035 0.000000000000 2.021398955778 0.000000000000 -0.492639618130 0.000000000000 -0.001536007832 0.000000000000 0.034576002423 0.000000000000 0.152408949824 0.000000000000 2.809527933390 0.000000000000 0.147921533602 0.000000000000 0.502962962963 0.000000000000 0.134896190337 0.000000000000 0.133464401825 0.000000000000 2.324626646029 0.000000000000 -0.002664876760 0.000000000000 
Arquivo CSV criado com sucesso em: dataset\decomposition_based\random_walk\l25\fv_600
600. Decomposition 0.487815710047 0.487716428345 0.002503576904 0.002473209109 0.055570311219 0.707338372964 2.457438663892 0.530626742319 -0.574365881766 0.757480515517 0.000222461448 0.000224442717 0.000645590597 0.000640352716 0.465816175275 0.333117145765 2.215714576249 0.553118676127 -0.056289770632 0.255877129552 0.491411764706 0.037411764706 0.129697563852 0.006625581652 0.116728785867 0.035882785431 2.606100387034 0.249970784854 -0.442191177222 0.713336691418 
Arquivo CSV criado com sucesso em: dataset\decomposition_based\random_walk\l25\fv_900
900. Decomposition 0.485953882758 0.485854601056 0.002573952867 0.002543585072 0.358469590562 0.404439093621 1.811030892597 0.115781028976 0.009213397364 0.173901236386 0.000569155840 0.000571137110 0.000714093912 0.000708856031 -0.090461160344 0.223160189854 2.675207262584 0.093625989793 0.305890111839 0.106302752920 0.498176470588 0.044176470588 0.118875336299 0.017447809204 -0.192085292555 0.344696863853 2.711738239594 0.355608637414 0.004239027324 0.266906486872 
Arquivo CSV criado com sucesso em: dataset\decomposition_based\random_walk\l25\fv_1200
1200. Decomposition 0.491249786248 0.398632699371 0.001888121276 0.001326947298 0.292773975892 0.332493669523 2.649886036451 0.597099537829 -0.369547406948 0.398069637005 0.000389436646 0.000291209939 0.000736109654 0.000604082800 0.119857904071 0.193990695080 2.618336923549 0.228901285077 0.030231231082 0.461917675336 0.514083333333 0.043623547413 0.108034646959 0.020592131746 -0.149243311931 0.247723093664 2.951154337108 0.454440490307 -0.306030239396 0.509408236713 
Arquivo CSV criado com sucesso em: dataset\decomposition_based\random_walk\l25\fv_1500
1500. Decomposition 0.477098089308 0.388576664001 0.005463072270 0.005831490634 0.549199922537 0.342924866643 2.719612967311 0.603320978740 0.158772159645 0.723036063273 0.000766572979 0.000785845461 0.000869354659 0.000787338651 0.057833997641 0.129161409893 3.007007606378 0.321076820220 0.348298981777 0.119407092633 0.528444444444 0.059385328861 0.116265579376 0.015102742467 -0.140400221911 0.248147719632 2.813738613222 0.323596552713 0.161065588420 0.278333266969 
Arquivo CSV criado com sucesso em: dataset\decomposition_based\random_walk\l25\fv_1800
1800. Decomposition 0.483980362154 0.362798178151 0.004208176607 0.003515821449 0.504335292105 0.306979809292 2.528269055600 0.618736317172 0.073417042832 0.643383516647 0.000381124784 0.000492065700 0.000813840671 0.000605639728 0.019675416190 0.122802406711 2.863556897608 0.273083898825 0.411039931089 0.141244892633 0.519904761905 0.051905854073 0.114060537820 0.014086019115 -0.102812596563 0.224288680115 2.682036033340 0.285685550823 0.134563008123 0.235859302068 
Arquivo CSV criado com sucesso em: dataset\decomposition_based\random_walk\l25\fv_2100
2100. Decomposition 0.496189340041 0.347651331198 0.004037647959 0.002780169858 0.517933213314 0.293577810035 2.533274062379 0.520153564973 0.005911030210 0.638365324315 0.000692759003 0.000559342561 0.001036172806 0.000857939707 0.136265901045 0.161305194281 2.569102208511 0.549395165614 0.293432161670 0.151726251039 0.536738461538 0.046630096688 0.108429809323 0.018386614000 0.002135551715 0.270183089219 2.417028991217 0.575989869692 0.045558953747 0.267313564120 
Arquivo CSV criado com sucesso em: dataset\decomposition_based\random_walk\l25\fv_2400
2400. Decomposition 0.494348027327 0.345128973927 0.005557280116 0.004603650224 0.645821789688 0.302464155821 2.438856352606 0.601372466191 0.042764860370 0.606452451910 0.000696789734 0.000565868838 0.000898435585 0.000644450177 0.155588621733 0.165936787747 2.790976968351 0.324949592379 0.175407518510 0.257833559750 0.541584615385 0.049713155903 0.106292142565 0.021819606363 0.007656513693 0.272285899344 2.492271351276 0.447232128215 0.011151036700 0.275719291395 
Arquivo CSV criado com sucesso em: dataset\decomposition_based\random_walk\l25\fv_2700
2700. Decomposition 0.489825060295 0.330503639390 0.005502328790 0.004478134768 0.655346595462 0.281267612895 2.233254502935 0.702213390295 0.104321187795 0.536992590526 0.000418119892 0.000473957929 0.000943275497 0.000679705556 0.086198451240 0.164190303732 2.871672337561 0.431875259246 0.275895767435 0.375664972962 0.528944444444 0.051387567551 0.103645893537 0.020825355208 -0.031646657296 0.249604968663 2.645333637653 0.589085638237 0.085793574068 0.268061438099 
Arquivo CSV criado com sucesso em: dataset\decomposition_based\random_walk\l25\fv_3000
3000. Decomposition 0.487174077708 0.328853459041 0.005527503361 0.004480340584 0.647066564017 0.281335127805 2.309330755161 0.621930911427 0.065534327679 0.533779050559 0.000469457389 0.000414266396 0.000905404334 0.000627732147 0.090241015233 0.162701377228 2.789309056873 0.332201186783 0.222228363898 0.302396967288 0.531444444444 0.048842022991 0.105141614123 0.020152664054 -0.021496765396 0.245870620086 2.529547829951 0.460177062491 0.065023951847 0.252595211063 
Arquivo CSV criado com sucesso em: dataset\decomposition_based\random_walk\l25\fv_3300
3300. Decomposition 0.493728355319 0.324393810064 0.005072632660 0.003642615425 0.634202314634 0.262364865661 2.421908480991 0.638422790315 -0.040156313146 0.557889125483 0.000431735030 0.000376289814 0.000940840273 0.000677525300 0.072783320117 0.167246494731 2.625242669526 0.452648749258 0.184331061353 0.249304348892 0.529177489177 0.046568557771 0.107578359366 0.021004252836 0.004003233823 0.260919260765 2.594504054287 0.484619247415 0.073441722267 0.237357518618 
Arquivo CSV criado com sucesso em: dataset\decomposition_based\random_walk\l25\fv_3600
3600. Decomposition 0.492104204697 0.317499099547 0.004531816953 0.002960590968 0.636866319944 0.246385906508 2.212422226842 0.626618671989 -0.047676555282 0.508119224338 0.000161112032 0.000516894116 0.000820170264 0.000502520673 -0.029862644891 0.357605341408 2.663108259697 0.329251104802 0.297859472343 0.314645141758 0.511750000000 0.058697849194 0.105843826245 0.018737247550 -0.082661041886 0.289903992052 2.646123089802 0.463455682656 0.181621936089 0.381411605453 
Arquivo CSV criado com sucesso em: dataset\decomposition_based\random_walk\l25\fv_3900
3900. Decomposition 0.489268702949 0.316093844546 0.005183449218 0.003697988728 0.647736155699 0.243867213007 2.255392721692 0.577680310093 -0.032474864392 0.504186967013 0.000321065794 0.000277648457 0.000870480184 0.000556192391 0.105922712012 0.170936328852 2.644158140919 0.353667665406 0.266962703811 0.279071047460 0.521472222222 0.046136932195 0.104792255851 0.019155949405 -0.005918701000 0.230096540137 2.554204717599 0.513030294547 0.072694279294 0.223506292202 
Arquivo CSV criado com sucesso em: dataset\decomposition_based\random_walk\l25\fv_4200
4200. Decomposition 0.486968719719 0.311808073788 0.004676852708 0.003283277062 0.658522539934 0.230332283662 2.246928135215 0.546226216398 -0.024174701395 0.474586681251 0.000554642715 0.000715571403 0.000939136002 0.000676015772 0.067102391181 0.182514943790 2.529453931765 0.450633493323 0.141467239815 0.375516182390 0.544166666667 0.068535473378 0.107642048371 0.017953504155 0.014985174576 0.226146840122 2.595992171553 0.452281394391 -0.020540476476 0.343607688120 
Arquivo CSV criado com sucesso em: dataset\decomposition_based\random_walk\l25\fv_4500
4500. Decomposition 0.483080561567 0.309774739447 0.005063530307 0.003486921489 0.661461466612 0.230787861889 2.286892369139 0.517823672211 -0.056755022688 0.484616390040 0.000599893966 0.000844084747 0.000919282293 0.000647066521 0.023845012738 0.265828673522 2.741636135912 0.495114162832 0.176647870734 0.308516748291 0.545555555556 0.071683116114 0.108641060194 0.018708525567 -0.018136321517 0.241186801640 2.823734400300 0.799400229470 -0.019109733235 0.340426816661 
Arquivo CSV criado com sucesso em: dataset\decomposition_based\random_walk\l25\fv_4800
4800. Decomposition 0.505970725951 0.316436620720 0.005274643365 0.003466849454 0.659944787474 0.218991863584 2.243004757686 0.508588558566 -0.062668496272 0.460089625480 0.000438319690 0.000798313882 0.000957274857 0.000637943036 0.021758359140 0.223761729027 2.669803782994 0.417572638070 0.115957923351 0.443884623716 0.540057142857 0.067516141683 0.109330985201 0.018011437075 -0.004303337633 0.217317260701 2.748718309132 0.927356680449 -0.075835230977 0.516948557756 

Multi adaptive decomposition walk:
Arquivo CSV criado com sucesso em: dataset\decomposition_based\adaptative_walk\l25_r0.1\fv_300
300. Decomposition 0.000017576737 0.000000000000 0.000011234129 0.000000000000 0.903285089706 0.000000000000 2.179408853441 0.000000000000 0.438403328164 0.000000000000 -0.000000841619 0.000000000000 0.000000738676 0.000000000000 0.593247042268 0.000000000000 3.163066915343 0.000000000000 0.341476718807 0.000000000000 0.323333333333 0.000000000000 0.155848929701 0.000000000000 0.649074034472 0.000000000000 3.947574141024 0.000000000000 0.434672310709 0.000000000000 
Arquivo CSV criado com sucesso em: dataset\decomposition_based\adaptative_walk\l25_r0.1\fv_600
600. Decomposition 0.055015678867 0.054996993286 0.001382450085 0.001367849513 0.862538453104 0.059054313478 1.919969385075 0.197927697965 0.252636496683 0.203677372062 0.000047880313 0.000049038785 0.000097604212 0.000096849645 0.016310088013 0.610940808411 2.836909084807 0.408401298270 0.031118935450 0.735328433264 0.411417610522 0.157069784436 0.136573588249 0.022849995380 0.260689372595 0.432588205697 3.351667652518 0.437549563856 0.247482334832 0.631048484446 
Arquivo CSV criado com sucesso em: dataset\decomposition_based\adaptative_walk\l25_r0.1\fv_900
900. Decomposition 0.050998606840 0.050979921259 0.003185046924 0.003170446352 0.926820563791 0.005227797210 2.005616084712 0.112280998328 0.443499685536 0.012814183208 -0.000120696833 0.000119538360 0.000145213942 0.000144459375 0.581608667341 0.045642229083 2.836640226233 0.408670156843 0.516395560063 0.250051808650 0.325703324808 0.071355498721 0.165453059344 0.006029475715 0.539466369587 0.153811208705 3.095355546733 0.693861669641 0.442603690938 0.435927128340 
Arquivo CSV criado com sucesso em: dataset\decomposition_based\adaptative_walk\l25_r0.1\fv_1200
1200. Decomposition 0.048483086136 0.048464400556 0.003974523393 0.003959922821 0.936438223536 0.014845456955 2.190460212753 0.072563129713 0.530362631592 0.074048762848 -0.000199326170 0.000198167697 0.000157831891 0.000157077324 0.612074189455 0.015176706969 2.929372555390 0.315937827687 0.651886880077 0.114560488636 0.284844819244 0.030496993157 0.166003403808 0.006579820179 0.619468751875 0.073808826417 3.183108097629 0.606109118746 0.738185103123 0.140345716155 
Arquivo CSV criado com sucesso em: dataset\decomposition_based\adaptative_walk\l25_r0.1\fv_1500
1500. Decomposition 0.100380300480 0.084205128653 0.005126255721 0.003673706825 0.888844872193 0.070867701904 2.078810946014 0.251357379163 0.488363889497 0.122668686305 -0.000349324390 0.000250604945 0.000191765761 0.000140505631 0.350155482939 0.410292277377 2.804092555642 0.340039471256 0.727645360200 0.158728625619 0.287481472332 0.031419184106 0.149203015995 0.031014306769 0.325619736875 0.480254928097 3.053192914512 0.520786199889 0.808027037668 0.104217360480 
Arquivo CSV criado com sucesso em: dataset\decomposition_based\adaptative_walk\l25_r0.1\fv_1800
1800. Decomposition 0.094916150172 0.077428620199 0.007465659486 0.005712730397 0.934201096501 0.014494238240 2.150844317496 0.163281365695 0.521032206588 0.092639103424 -0.000501193727 0.000423353485 0.000262118895 0.000190805408 0.604015753392 0.052221919120 2.685008466826 0.485777934460 0.386556326194 0.374823435834 0.250230566535 0.024859597218 0.155419482790 0.022724014700 0.540523341549 0.177302475672 3.202233940591 0.461302503110 0.731863133221 0.103724675309 
Arquivo CSV criado com sucesso em: dataset\decomposition_based\adaptative_walk\l25_r0.1\fv_2100
2100. Decomposition 0.148631227754 0.115423001379 0.008571807466 0.005370930288 0.927737206912 0.016578263477 2.088746084497 0.209630076257 0.450002760042 0.222117611829 -0.000648736970 0.000447452422 0.000366900799 0.000244290039 0.497693379182 0.189533418160 2.526394910216 0.503822839387 0.284038196303 0.385266752679 0.259704380764 0.039025861828 0.137403456340 0.037006403728 0.435467408030 0.245563023636 3.048738134248 0.549159009414 0.521521953862 0.415759685507 
Arquivo CSV criado com sucesso em: dataset\decomposition_based\adaptative_walk\l25_r0.1\fv_2400
2400. Decomposition 0.201802536219 0.150663131889 0.010052533776 0.006738250688 0.896057624746 0.088419947231 2.042173132773 0.212254174782 0.382592021812 0.239953867095 -0.000742685073 0.000450825457 0.000504012846 0.000335520263 0.461482726136 0.185787680335 2.612619808489 0.665886952788 0.045755733048 0.567380744666 0.282435998784 0.066185166396 0.136146667373 0.030597105256 0.340020292879 0.299299582213 3.291513171988 0.974343459962 0.169138068526 0.739479273316 
Arquivo CSV criado com sucesso em: dataset\decomposition_based\adaptative_walk\l25_r0.1\fv_2700
2700. Decomposition 0.195516764202 0.141377919123 0.013355643930 0.008454479858 0.941593022387 0.014969165019 2.006581459400 0.247761020938 0.421308662053 0.204662137873 -0.000887221967 0.000582172888 0.000525569408 0.000366282802 0.494526199402 0.140037803059 2.710564079719 0.549071395709 0.162549503891 0.535437742022 0.264981786330 0.037788472921 0.137634420952 0.029945157829 0.433777489161 0.202824064226 3.397211429654 0.836561355626 0.398415586992 0.680275130469 
Arquivo CSV criado com sucesso em: dataset\decomposition_based\adaptative_walk\l25_r0.1\fv_3000
3000. Decomposition 0.191239826150 0.135363813208 0.014908366269 0.010672122673 0.943433007694 0.016306398746 2.072010511910 0.197908629524 0.461315492299 0.195628051783 -0.000977989118 0.000713836802 0.000522052062 0.000361090863 0.516634997073 0.120475438007 2.833780216782 0.481596633272 0.241131663732 0.569564638320 0.252884716733 0.028488535224 0.137809924412 0.029886852765 0.470785266641 0.203405111498 3.613412695962 0.683997543690 0.436887239468 0.699909413920 
Arquivo CSV criado com sucesso em: dataset\decomposition_based\adaptative_walk\l25_r0.1\fv_3300
3300. Decomposition 0.241962458700 0.169170719060 0.013365366696 0.011195276005 0.785691425646 0.351667337515 2.025057526947 0.308619851011 0.426553403741 0.282062831180 -0.001149423081 0.000776592674 0.000533683778 0.000329293573 0.439278634883 0.224402221536 2.675356668048 0.696121667405 0.255241832020 0.558064666767 0.256917819499 0.039778296847 0.123569156086 0.043583995305 0.324731149961 0.417294815550 3.280068302241 1.010636405254 0.257789071002 0.777819268069 
Arquivo CSV criado com sucesso em: dataset\decomposition_based\adaptative_walk\l25_r0.1\fv_3600
3600. Decomposition 0.235991590427 0.160106837173 0.016427606100 0.010621741903 0.939689818948 0.016030093886 2.087162255412 0.222067756885 0.498587500570 0.210121234979 -0.001261683572 0.000893965267 0.000588588654 0.000361309645 0.419378030842 0.264480246510 2.869239264998 0.465591319232 0.196439411374 0.588892301472 0.255065967647 0.037123680447 0.134323294853 0.028878579822 0.358682627931 0.351989764664 3.649333570352 0.623326027874 0.561881279252 0.693201665119 
Arquivo CSV criado com sucesso em: dataset\decomposition_based\adaptative_walk\l25_r0.1\fv_3900
3900. Decomposition 0.292731822650 0.205328879310 0.015723441674 0.011070706819 0.802239581715 0.342493629885 2.057750768876 0.296736750451 0.414451555621 0.356471028276 -0.001393948844 0.000934511712 0.000708165003 0.000434446617 0.263978216255 0.535002420909 2.621307728649 0.657941198490 0.252116036971 0.515817626076 0.259500988142 0.045941163196 0.123739133108 0.042188005165 0.240233446662 0.544836961670 3.309794819473 0.938496489564 0.405033467855 0.623171753685 
Arquivo CSV criado com sucesso em: dataset\decomposition_based\adaptative_walk\l25_r0.1\fv_4200
4200. Decomposition 0.285292283159 0.192804140348 0.019584681768 0.011827398046 0.943830915483 0.014227691789 2.115895749351 0.208511190257 0.488760055328 0.229048015425 -0.001514481600 0.001022846683 0.000684035540 0.000401459563 0.409848347649 0.215915269691 2.764343092508 0.484631813469 0.329310194042 0.532652080201 0.246405750047 0.027736074435 0.131428225020 0.029317045842 0.459201456215 0.203436357750 3.324075382969 0.911213195810 0.398793284244 0.627400701590 
Arquivo CSV criado com sucesso em: dataset\decomposition_based\adaptative_walk\l25_r0.1\fv_4500
4500. Decomposition 0.348155554188 0.248962976959 0.018543776642 0.014967279377 0.824875292770 0.312032715282 2.131235968795 0.196163944697 0.537810692487 0.198794685032 -0.001109087342 0.001706573486 0.000616794304 0.000464634164 0.393349809513 0.210983538025 2.830056292916 0.475604501932 0.304068090562 0.519690644842 0.279515621569 0.107872807547 0.115495007625 0.051214116747 0.408348938145 0.247571777787 3.439727863251 0.715378876611 0.432540884633 0.608769359971 
Arquivo CSV criado com sucesso em: dataset\decomposition_based\adaptative_walk\l25_r0.1\fv_4800
4800. Decomposition 0.337330028340 0.229296848014 0.024814497777 0.016331177319 0.942294659188 0.012763235263 2.080385569873 0.227531531976 0.490283063188 0.224480599996 -0.001522362071 0.001096618786 0.000865966567 0.000585761519 0.413815595941 0.177046789947 2.729931236633 0.517783618171 0.200979341800 0.557413312896 0.266494788236 0.075065287353 0.132304831176 0.026795065413 0.384047370236 0.292015046663 3.266184583278 0.811552191871 0.319370102277 0.643372752600 
Arquivo CSV criado com sucesso em: dataset\decomposition_based\adaptative_walk\l25_r0.1\fv_5100
5100. Decomposition 0.331023523168 0.218755752541 0.026565344274 0.019414890315 0.942153929241 0.012801024345 2.135270480575 0.183804781076 0.556419046525 0.192362436113 -0.001730581207 0.001116676693 0.000906500239 0.000667842546 0.469141605852 0.158428061777 2.708753615433 0.548566371488 0.323888626879 0.488946363279 0.250640173540 0.039134761590 0.136964371513 0.029836423422 0.470644167047 0.193856320033 3.236380515174 0.858630932213 0.419513538168 0.570493732854 
Arquivo CSV criado com sucesso em: dataset\decomposition_based\adaptative_walk\l25_r0.1\fv_5400
5400. Decomposition 0.382380947146 0.253758824970 0.024748253519 0.019768205303 0.726374168380 0.610484654299 2.076021751580 0.462357009475 0.528757233404 0.293139066437 -0.001704125072 0.001248552507 0.000906119609 0.000676714607 0.316890522859 0.493001972829 2.569271333646 0.713965607666 0.316072815288 0.488938090234 0.273977409969 0.092648001762 0.125350706173 0.045967351293 0.321109228353 0.503839988129 3.033276805191 1.029139364014 0.407724277844 0.559713302433 
Arquivo CSV criado com sucesso em: dataset\decomposition_based\adaptative_walk\l25_r0.1\fv_5700
5700. Decomposition 0.374702214160 0.241181696880 0.028149131158 0.019196356899 0.936478117503 0.020119834735 2.189893915775 0.269167440995 0.585244321674 0.227422356790 -0.002019926694 0.001267385985 0.001029270824 0.000731866126 0.493113840486 0.165392178889 2.716737701821 0.469987274684 0.313972438137 0.490329983780 0.250611396897 0.034937408683 0.141317543297 0.030788792204 0.452051452115 0.212235013515 3.074380864138 0.951573602276 0.392717087116 0.572117382286 
Arquivo CSV criado com sucesso em: dataset\decomposition_based\adaptative_walk\l25_r0.1\fv_6000
6000. Decomposition 0.423170066542 0.271327384647 0.029427867249 0.018602813152 0.932250103881 0.022913331654 2.168749493498 0.267824674181 0.574411334891 0.223137469152 -0.002218495372 0.001336103288 0.001143206104 0.000772945062 0.503550292911 0.177239130429 2.693179416779 0.488520571058 0.238733125414 0.508488544783 0.254632011367 0.035583738894 0.139869926160 0.030468729645 0.423706367540 0.219570266496 2.979820499081 0.940286725922 0.381026323170 0.537496117694 
Arquivo CSV criado com sucesso em: dataset\decomposition_based\adaptative_walk\l25_r0.1\fv_6300
6300. Decomposition 0.418651703337 0.264218864823 0.030551977951 0.019510679475 0.934578341686 0.019568893108 2.236398172542 0.273604118233 0.618642224551 0.225419038839 -0.002391271220 0.001581630884 0.001174626587 0.000807111253 0.526354420500 0.179820873202 2.715923843411 0.459184933394 0.319288433533 0.493612954299 0.244881226437 0.029543877426 0.140637599229 0.030076395979 0.462100725599 0.196579560230 3.060574590308 0.889883556773 0.452530968691 0.550441157541 

Single Random walk:
200. Dominance: Arquivo CSV criado com sucesso em: dataset\pareto_based\random_walk\l25\fv_200
0.231666666667 0.062115483845 -0.376020696904 1.317632991089 -0.060501812421 0.311666666667 0.079947899701 0.331001878117 1.955784203569 -0.488910321230 0.456666666667 0.124096736460 0.008694773026 2.008105170443 0.429772247480 0.456666666667 0.124096736460 0.008694773026 2.008105170443 0.429772247480 
400. Dominance: Arquivo CSV criado com sucesso em: dataset\pareto_based\random_walk\l25\fv_400
0.284444444444 0.118966745016 -0.295657854149 5.032632585931 1.365619976833 0.293333333333 0.100471112487 -0.208298457491 1.915789511944 0.193420089162 0.422222222222 0.149515679016 -0.458880442294 2.218713735595 0.161735337435 0.422222222222 0.149515679016 -0.458880442294 2.218713735595 0.161735337435 

Single adaptive dominance walk:
Dominance adaptive walk: 7
Arquivo CSV criado com sucesso em: dataset\decomposition_based\adaptative_walk\l25_r0.1\mo_features_random_walk_decomposition.csv
