
Multi Random walk:
Arquivo CSV criado com sucesso em: dataset\decomposition_based\random_walk\l10\fv_300
300. Decomposition 0.486556537460 0.000000000000 0.137369081094 0.000000000000 -1.000000000000 0.000000000000 1.000000000000 0.000000000000 0.000000000000 0.000000000000 -0.062785004494 0.000000000000 0.018674023490 0.000000000000 -1.000000000000 0.000000000000 1.000000000000 0.000000000000 0.000000000000 0.000000000000 0.358067010309 0.000000000000 0.013067010309 0.000000000000 -1.000000000000 0.000000000000 1.000000000000 0.000000000000 0.000000000000 0.000000000000 
Arquivo CSV criado com sucesso em: dataset\decomposition_based\random_walk\l10\fv_600
600. Decomposition 0.419471862373 0.000000000000 0.137062186278 0.000000000000 -0.008728369410 0.000000000000 1.500000000000 0.000000000000 -0.178486026292 0.000000000000 -0.035039487381 0.000000000000 0.017279536219 0.000000000000 -0.004723566015 0.000000000000 1.500000000000 0.000000000000 -0.130163055365 0.000000000000 0.389523809524 0.000000000000 0.034336932643 0.000000000000 -0.014902248014 0.000000000000 1.500000000000 0.000000000000 -0.235169464258 0.000000000000 
Arquivo CSV criado com sucesso em: dataset\decomposition_based\random_walk\l10\fv_900
900. Decomposition 0.448831073954 0.000000000000 0.117650083527 0.000000000000 -0.032144904513 0.000000000000 2.240154482819 0.000000000000 -0.663716463525 0.000000000000 -0.029981122992 0.000000000000 0.016548021775 0.000000000000 -0.105178082132 0.000000000000 1.945461631025 0.000000000000 -0.379726920875 0.000000000000 0.402744680851 0.000000000000 0.046335101193 0.000000000000 -0.592870458334 0.000000000000 1.989081179364 0.000000000000 0.445341280330 0.000000000000 
Arquivo CSV criado com sucesso em: dataset\decomposition_based\random_walk\l10\fv_1200
1200. Decomposition 0.477146327484 0.000000000000 0.124673118089 0.000000000000 0.117173341636 0.000000000000 2.411671636343 0.000000000000 -0.736115296778 0.000000000000 -0.026718784276 0.000000000000 0.016821824368 0.000000000000 0.111108685111 0.000000000000 2.114060840625 0.000000000000 -0.608374276119 0.000000000000 0.413583765112 0.000000000000 0.048657833260 0.000000000000 0.133189734192 0.000000000000 1.526801991716 0.000000000000 0.022618316322 0.000000000000 
Arquivo CSV criado com sucesso em: dataset\decomposition_based\random_walk\l10\fv_1500
1500. Decomposition 0.514318886817 0.000000000000 0.125746302639 0.000000000000 0.315008144644 0.000000000000 2.933723548157 0.000000000000 -1.035353892436 0.000000000000 -0.022079482878 0.000000000000 0.018352577912 0.000000000000 0.165264237702 0.000000000000 2.528981836170 0.000000000000 -0.332284480030 0.000000000000 0.422361111111 0.000000000000 0.053587897968 0.000000000000 0.160383279414 0.000000000000 1.624074699219 0.000000000000 0.155597479883 0.000000000000 
Arquivo CSV criado com sucesso em: dataset\decomposition_based\random_walk\l10\fv_1800
1800. Decomposition 0.492541129843 0.000000000000 0.117657260980 0.000000000000 0.370720667749 0.000000000000 3.173900418554 0.000000000000 -1.120920130728 0.000000000000 -0.018621562063 0.000000000000 0.016578589680 0.000000000000 0.187988914212 0.000000000000 2.763411054079 0.000000000000 -0.607928830231 0.000000000000 0.436456456456 0.000000000000 0.055252656128 0.000000000000 0.254619526197 0.000000000000 1.732057249274 0.000000000000 -0.215453664167 0.000000000000 
Arquivo CSV criado com sucesso em: dataset\decomposition_based\random_walk\l10\fv_2100
2100. Decomposition 0.489600054734 0.489600011250 0.000000005045 0.000000005045 0.204799531419 0.204799531419 3.451624524558 0.000000000000 -1.227109971479 0.000000000000 0.000164563199 0.000164564854 0.000000000689 0.000000000689 0.073958232455 0.073958232455 2.825313397227 0.000000000000 -0.498385224541 0.000000000000 0.455439759036 0.014439759036 0.027290108098 0.027290108098 0.143256268771 0.143256268771 1.866898095328 0.000000000000 -0.344495123669 0.000000000000 
Arquivo CSV criado com sucesso em: dataset\decomposition_based\random_walk\l10\fv_2400
2400. Decomposition 0.488360676689 0.488360633390 0.000838200366 0.000838190319 -0.295200468581 0.704799531419 2.225812262279 1.225812262279 -0.613554985740 0.613554985740 0.000043629587 0.000043631236 0.000058093918 0.000058092547 -0.426041767545 0.573958232455 1.912656698614 0.912656698614 -0.249192612270 0.249192612270 0.453694444444 0.012694444444 0.032984552542 0.021595663654 -0.356743731229 0.643256268771 1.433449047664 0.433449047664 -0.172247561834 0.172247561834 
Arquivo CSV criado com sucesso em: dataset\decomposition_based\random_walk\l10\fv_2700
2700. Decomposition 0.488205269443 0.488205226143 0.000731193482 0.000731183436 0.030044089281 0.379554973557 2.376620439571 1.075004084986 -0.499011369204 0.728098602275 0.000079700338 0.000079701986 0.000261256666 0.000261255295 -0.281557602251 0.429474067160 2.469669129514 0.355644267713 0.122204778273 0.620590002813 0.470772435897 0.029772435897 0.052337785146 0.002242431050 0.035607645537 0.250904892006 2.037712211461 0.170814116133 0.313824734370 0.658319858039 
Arquivo CSV criado com sucesso em: dataset\decomposition_based\random_walk\l10\fv_3000
3000. Decomposition 0.486718474938 0.486718431780 0.000687716474 0.000687706461 -0.035078319915 0.444677382753 2.398161193424 1.053463331134 -0.694958729703 0.532151241777 0.000280469086 0.000280470729 0.000315033541 0.000315032174 -0.188353423210 0.336269888119 2.260455245047 0.564858152180 0.060770466008 0.559155690548 0.476741573034 0.035741573034 0.053786085168 0.000794131028 -0.070088853919 0.356601391461 1.577216651905 0.289681443422 0.009345770156 0.353840893825 
Arquivo CSV criado com sucesso em: dataset\decomposition_based\random_walk\l10\fv_3300
3300. Decomposition 0.486465351259 0.486465308102 0.001745575491 0.001745565477 -0.256519553332 0.666118616170 3.299482248968 0.152142275590 -1.053621671656 0.173488299824 0.000498958939 0.000498960582 0.000467054963 0.000467053596 0.253603444362 0.105686979453 2.414625116964 0.410688280263 -0.004929908620 0.493455315921 0.490161654135 0.049161654135 0.058260182592 0.003679966396 0.248288063784 0.038224473758 1.558025975648 0.308872119680 -0.269184710536 0.075310413132 
Arquivo CSV criado com sucesso em: dataset\decomposition_based\random_walk\l10\fv_3600
3600. Decomposition 0.486414781078 0.486414737920 0.001638309215 0.001638299201 0.061889771712 0.347709291126 3.445851767553 0.005772757005 -1.033932691107 0.193177280373 0.000342593497 0.000342595141 0.000501207368 0.000501206001 0.186837297495 0.038920832586 2.660967512925 0.164345884302 0.150273337137 0.648658561678 0.480142857143 0.039142857143 0.058133896544 0.003553680348 0.140707210385 0.145805327158 1.654799726803 0.212098368525 -0.138300900473 0.206194223196 
Arquivo CSV criado com sucesso em: dataset\decomposition_based\random_walk\l10\fv_3900
3900. Decomposition 0.486054141797 0.486054098639 0.001757837630 0.001757827616 0.095543786002 0.314055276836 2.997423805754 0.454200718803 -0.892088551672 0.335021419807 0.000320239025 0.000320240668 0.000454874806 0.000454873439 0.203784812927 0.055868348018 2.930413296473 0.105099899246 0.264673079341 0.763058303882 0.477916666667 0.036916666667 0.056288312065 0.001708095869 0.207182083639 0.079330453904 1.707850712264 0.159047383064 -0.061910936825 0.282584186844 
Arquivo CSV criado com sucesso em: dataset\decomposition_based\random_walk\l10\fv_4200
4200. Decomposition 0.495958423501 0.398082773487 0.000618712620 0.000874988040 0.063695857335 0.260350518327 2.997423805754 0.454200718803 -0.892088551672 0.335021419807 -0.000300751460 0.000676996523 0.000159954413 0.000226209190 0.137103876972 0.107802094637 2.945075043816 0.119761646589 0.272376792663 0.770762017204 0.457534883721 0.040271348419 0.037417233206 0.026488060063 0.149890355109 0.117343915755 1.742013306954 0.124884788374 -0.013985986891 0.330509136778 
Arquivo CSV criado com sucesso em: dataset\decomposition_based\random_walk\l10\fv_4500
4500. Decomposition 0.492960874721 0.395997114147 0.001397775873 0.001010021513 -0.149298912911 0.430870868932 2.498282537170 0.797380842080 -0.438881413433 0.696864158060 -0.000026231437 0.000304974200 0.000274272448 0.000201022656 0.073996283478 0.192070351147 2.463383362544 0.688197393879 -0.053721461142 0.780211210963 0.489049382716 0.033976098182 0.056423966384 0.001330564728 0.125717751190 0.148945307062 1.661342204636 0.153013486584 -0.182177941715 0.359723866779 
Arquivo CSV criado com sucesso em: dataset\decomposition_based\random_walk\l10\fv_4800
4800. Decomposition 0.493135256547 0.396207018945 0.001356931884 0.000972409424 -0.192618573926 0.481486139604 2.447165620025 0.862032677589 -0.627547507469 0.463454596075 0.000105391590 0.000161435639 0.000357552001 0.000257551227 0.254489835809 0.083618647174 2.542965845823 0.577014311391 0.062861441916 0.695588064762 0.489712962963 0.034456332576 0.053091589409 0.004472821018 0.131656430504 0.141069931048 1.915114409770 0.265189474095 -0.356344475458 0.554294923649 
Arquivo CSV criado com sucesso em: dataset\decomposition_based\random_walk\l10\fv_5100
5100. Decomposition 0.491781193424 0.394578237816 0.002930321064 0.002939470157 0.283789262137 0.369630260994 3.019574839022 0.372174061237 -0.978443582037 0.299567383112 -0.000071280455 0.000363098441 0.000544511546 0.000474947696 0.297691411265 0.138432860474 2.889043498581 0.125860913122 -0.099151336502 0.819826623722 0.479468253968 0.029600414783 0.060288184998 0.006020193017 0.258811100716 0.069603977876 1.752944204607 0.103133130589 -0.128163727197 0.314479420246 
Arquivo CSV criado com sucesso em: dataset\decomposition_based\random_walk\l10\fv_5400
5400. Decomposition 0.491165263439 0.393838197351 0.003236032104 0.003359246284 0.318129345506 0.406007972670 2.580971608427 0.695986393994 -0.793963216907 0.306730169908 -0.000052739947 0.000338933657 0.000432255948 0.000336436924 0.320820272613 0.169553116903 2.570539104826 0.538624396512 0.271407799366 0.629326043747 0.480767322498 0.029872821052 0.054807768459 0.002251073610 0.242853844676 0.056438944203 1.626612810627 0.192437061615 0.114715175470 0.325502951418 
Arquivo CSV criado com sucesso em: dataset\decomposition_based\random_walk\l10\fv_5700
5700. Decomposition 0.489253231618 0.391544323605 0.004972007003 0.005778179972 0.420125520274 0.525795032039 2.742258456782 0.517446524716 -0.819957351414 0.291945293827 -0.000077808822 0.000371673528 0.000424767040 0.000327850180 0.278613081693 0.113437561949 2.628244326528 0.458612372448 0.271402630259 0.629326059708 0.481413488115 0.030049255476 0.056299189492 0.001285592782 0.204847802694 0.057749926285 1.588161435271 0.240287890704 0.088840516884 0.306546526245 
Arquivo CSV criado com sucesso em: dataset\decomposition_based\random_walk\l10\fv_6000
6000. Decomposition 0.488844780885 0.391054982799 0.004926130689 0.005713859039 0.328113847913 0.417050930542 2.651656676688 0.613711667148 -0.737296859454 0.350352922702 -0.000114454231 0.000420324993 0.000414698480 0.000316497068 0.330584577086 0.182857720734 2.756024065274 0.284679550204 0.395542400148 0.652984628592 0.479401606426 0.029589447897 0.053438150647 0.004005010497 0.269506410249 0.080789912091 1.722562024735 0.105613343561 0.127963379084 0.336338279113 
Arquivo CSV criado com sucesso em: dataset\decomposition_based\random_walk\l10\fv_6300
6300. Decomposition 0.486964150609 0.359724469520 0.003731267256 0.003383303498 -0.003914614065 0.679100366434 2.238742507516 0.891053220130 -0.552972644591 0.440439129040 0.000056918505 0.000326262157 0.000435043593 0.000330467916 -0.006095488748 0.593622229015 2.299325440903 0.798589170764 0.279024038137 0.581278995487 0.491903846154 0.033618745431 0.049953743153 0.006925909296 -0.047795552661 0.554201869656 1.547003044290 0.328293415844 0.098915266473 0.299663072125 
Arquivo CSV criado com sucesso em: dataset\decomposition_based\random_walk\l10\fv_6600
6600. Decomposition 0.486457001335 0.359680179657 0.003739316601 0.003382644824 0.210862684438 0.414357472490 2.363742507516 0.728810821973 -0.720330809952 0.304834247324 0.000069567566 0.000341107010 0.000380443104 0.000257434464 0.163592359971 0.318531336130 2.424325440903 0.599823560253 0.137356803206 0.690761329895 0.495363821138 0.037776927938 0.049994790689 0.006864732040 0.191063383369 0.153020926497 1.672003044290 0.133793893036 -0.003805212739 0.376528477662 
Arquivo CSV criado com sucesso em: dataset\decomposition_based\random_walk\l10\fv_6900
6900. Decomposition 0.485816517733 0.358814518073 0.003720296652 0.003374843630 0.246428944045 0.387899316265 2.294211364348 0.815955244934 -0.448157764860 0.585546433600 0.000063186052 0.000333246339 0.000360706549 0.000234521605 0.214586612736 0.244571560267 2.457983294596 0.548602985656 0.220041729872 0.617443902165 0.493984126984 0.036056953982 0.050375115389 0.006307795871 0.135230379148 0.243061669089 1.772391166980 0.116619063274 0.199584090214 0.316678426743 
Arquivo CSV criado com sucesso em: dataset\decomposition_based\random_walk\l10\fv_7200
7200. Decomposition 0.485640074679 0.358576277876 0.003675018964 0.003357500522 0.282412928269 0.369749011044 2.378517957754 0.711544648731 -0.373670657428 0.699094001000 0.000012267535 0.000278406242 0.000378271634 0.000254789889 0.299273591247 0.158501619625 2.383845342489 0.662976461247 0.334296780908 0.562321661597 0.489438650307 0.031024489683 0.051401107483 0.004932146320 0.251086888114 0.077055005460 1.874996481956 0.267747706846 0.336067201016 0.460005634062 
Arquivo CSV criado com sucesso em: dataset\decomposition_based\random_walk\l10\fv_7500
7500. Decomposition 0.485151169015 0.358717451372 0.004236074519 0.003685263433 0.286860039840 0.368176912694 2.382705005622 0.706743597001 -0.461116920363 0.566468405212 0.000000229150 0.000267333144 0.000394059468 0.000275250929 0.188250076669 0.281737606209 2.388212365333 0.656095446649 0.286874946474 0.577658200483 0.490658234127 0.032263397227 0.050650507119 0.005917589733 0.173430479977 0.180714583227 1.799151236126 0.150535848660 0.296429332812 0.409584012131 
Arquivo CSV criado com sucesso em: dataset\decomposition_based\random_walk\l10\fv_7800
7800. Decomposition 0.484944428006 0.358688377840 0.004223973289 0.003675396120 0.309919586248 0.362548896664 2.344175184177 0.752406879623 -0.526032096562 0.475351215370 0.000028306161 0.000292998185 0.000368490571 0.000243884044 0.191930007790 0.276392427381 2.372999033511 0.680129481796 0.274044956740 0.583727857092 0.490635116598 0.032239069179 0.050233110403 0.006513521334 0.166980493742 0.191061638019 1.836423925510 0.206013834797 0.287383766374 0.398841145548 
Arquivo CSV criado com sucesso em: dataset\decomposition_based\random_walk\l10\fv_8100
8100. Decomposition 0.475776289869 0.341763005834 0.002452940629 0.002682119514 0.221904434070 0.350494743913 2.352123704207 0.742725731751 -0.481265275623 0.537323825632 0.000366967438 0.000775937367 0.000226510103 0.000209495701 0.165079929281 0.243313244637 2.504210623989 0.480888154054 0.260734433958 0.590842853799 0.524926229508 0.078280006855 0.041594497653 0.021145868746 0.139792858514 0.174386973733 1.930181646878 0.359241377191 0.170194008718 0.301560644842 
Arquivo CSV criado com sucesso em: dataset\decomposition_based\random_walk\l10\fv_8400
8400. Decomposition 0.475021197910 0.341404812612 0.002692244671 0.002491154083 0.021904434070 0.609596866083 2.081698963366 0.856639581108 -0.385012220499 0.517718183336 0.000339372399 0.000721967674 0.000257896372 0.000182650346 -0.034920070720 0.534072379671 2.203368499192 0.739612513131 0.208587547167 0.538658902755 0.515150943396 0.060266441456 0.045245441049 0.014026653296 -0.060207141486 0.496314376190 1.744145317503 0.491611184839 0.136155206974 0.278182706347 
Arquivo CSV criado com sucesso em: dataset\decomposition_based\random_walk\l10\fv_8700
8700. Decomposition 0.474444351488 0.340556284229 0.003878385547 0.002889016330 0.075926651337 0.522370416701 2.321262783168 0.667175236256 -0.580545275375 0.519999604111 0.000290954111 0.000628052527 0.000349681472 0.000221273080 0.048384965429 0.390128422611 2.429646269848 0.455238514410 0.021589319750 0.712767679478 0.512672413793 0.055863580226 0.044405106906 0.015650370683 0.051857570344 0.293132609624 2.002577495535 0.352431737049 0.355468105504 0.458319781128 
Arquivo CSV criado com sucesso em: dataset\decomposition_based\random_walk\l10\fv_9000
9000. Decomposition 0.473751261232 0.339539143740 0.004334261650 0.003487597517 0.339027297647 0.354594783780 2.161755812500 0.765684626237 -0.470836529113 0.481049425619 0.000322866616 0.000689861277 0.000353791478 0.000226355622 0.029423833941 0.421425956815 2.535797931827 0.434734131894 -0.002213015735 0.745547897529 0.511110126582 0.053138514055 0.046989798474 0.010712385081 0.097001962593 0.222932238630 2.032102854430 0.380519676054 -0.013113744857 0.455146117304 
Arquivo CSV criado com sucesso em: dataset\decomposition_based\random_walk\l10\fv_9300
9300. Decomposition 0.471952610358 0.336911824860 0.005755934251 0.005894373196 0.415885185782 0.432747404143 2.232256838570 0.706247458044 -0.464549821390 0.481758383958 0.000223081113 0.000498288069 0.000425640006 0.000335914599 0.167087236785 0.241980825247 2.361954166041 0.515703725680 0.113360485144 0.605105400294 0.504958128079 0.042940124635 0.054118688131 0.005717895649 0.217026795396 0.180769563287 2.319770231632 0.842828900281 -0.150909244997 0.696548818246 
Arquivo CSV criado com sucesso em: dataset\decomposition_based\random_walk\l10\fv_9600
9600. Decomposition 0.471373909536 0.336070327146 0.005900339863 0.006159693073 0.394623914474 0.406841743251 2.173802943479 0.753993623919 -0.405001061627 0.504220622564 0.000236974691 0.000524604442 0.000395134703 0.000285725604 0.148166251163 0.256768071653 2.336527896623 0.545410599086 0.140831609375 0.580330054090 0.506840189873 0.045950743498 0.049908926334 0.005656650392 0.155490683060 0.164339939936 2.216765188926 0.657087513166 -0.072127754496 0.554644395736 
Arquivo CSV criado com sucesso em: dataset\decomposition_based\random_walk\l10\fv_9900
9900. Decomposition 0.470352856292 0.334590200570 0.006182423548 0.006683592736 0.400674814604 0.413934875427 2.183121581599 0.745359027495 -0.345884689224 0.551620456082 0.000193647074 0.000443129493 0.000397407948 0.000289322284 0.180531952954 0.234637501708 2.323995744416 0.561170512987 0.230136028244 0.531997436119 0.503524561404 0.040731111766 0.050946961887 0.004358900176 0.225536344692 0.189330251761 1.939008023712 0.321799803264 0.073876105799 0.331450768146 
Arquivo CSV criado com sucesso em: dataset\decomposition_based\random_walk\l10\fv_10200
10200. Decomposition 0.491156233469 0.335796430793 0.004313968091 0.005460941900 0.333895678837 0.406303251831 2.183121581599 0.745359027495 -0.345884689224 0.551620456082 -0.000246747349 0.000953822869 0.000287221777 0.000271130113 0.153877836026 0.223521543285 2.363243658008 0.514285402632 0.189277021589 0.547449421809 0.484754273504 0.056009028819 0.042488319299 0.019406641213 0.188285017813 0.192613070015 1.940168579415 0.321935473278 0.072267550474 0.333330801023 
Arquivo CSV criado com sucesso em: dataset\decomposition_based\random_walk\l10\fv_10500
10500. Decomposition 0.489337540448 0.334615120326 0.004450403183 0.005328493844 0.188090130839 0.607244848834 2.069267984666 0.726484646015 -0.180580673548 0.624658328715 0.000002139482 0.000468816208 0.000435279613 0.000314393084 0.149367036495 0.226829982622 2.219369715006 0.569127800680 0.104474181242 0.534516915716 0.501931818182 0.037313482430 0.053101051688 0.006159045563 0.141193786138 0.256750583315 1.866807149513 0.336568276058 -0.046468427850 0.403834555855 
Arquivo CSV criado com sucesso em: dataset\decomposition_based\random_walk\l10\fv_10800
10800. Decomposition 0.480491411070 0.329340493573 0.005957017063 0.005380795901 0.244634148019 0.514323357161 2.205590062300 0.682268932568 -0.098925945569 0.747337972391 -0.000013949974 0.000485938206 0.000408752333 0.000283683559 0.066918782801 0.338427845881 2.261423691856 0.521770470292 0.152895868065 0.506328614825 0.497247807018 0.039691933506 0.051245564408 0.003987879129 0.097835867506 0.334761823465 1.964960119867 0.299068236114 0.164510235417 0.367606787732 
Arquivo CSV criado com sucesso em: dataset\decomposition_based\random_walk\l10\fv_11100
11100. Decomposition 0.481406280610 0.330678486509 0.006143583983 0.005551013048 0.418660706754 0.380003327829 1.993722940804 0.801452405885 -0.284942238508 0.521671209802 0.000028157010 0.000419210361 0.000409925274 0.000285187038 0.165499847960 0.216934312699 2.302500301097 0.488729652444 0.101755565495 0.536703596891 0.499727668845 0.038093994431 0.049995864930 0.004524150567 0.094792580540 0.340603030391 2.002376119490 0.325142426750 0.030379079911 0.318377771821 
Arquivo CSV criado com sucesso em: dataset\decomposition_based\random_walk\l10\fv_11400
11400. Decomposition 0.480852051830 0.330535532315 0.006138941911 0.005547331301 0.427755290927 0.382690251468 2.005141377134 0.788258523030 -0.332954440230 0.504387644908 0.000029986536 0.000415730860 0.000402239289 0.000276008410 0.151699175831 0.225069118598 2.330360882229 0.475199201228 0.094576505983 0.542762989538 0.499224592522 0.038358774036 0.049542877402 0.005096963697 0.084472204203 0.360663404032 2.037595748027 0.365826425209 0.062234791515 0.305113859109 
Arquivo CSV criado com sucesso em: dataset\decomposition_based\random_walk\l10\fv_11700
11700. Decomposition 0.480891682345 0.330934722515 0.006122303627 0.005531417082 0.437701840202 0.386833388815 2.071178718558 0.724998452517 -0.398784575811 0.517264854446 0.000003598455 0.000455713548 0.000411357201 0.000287722705 0.163608567633 0.217808696235 2.291239904947 0.496317034170 0.117633976697 0.524799346359 0.495478395062 0.041252039088 0.052360424783 0.005001171535 0.182890947487 0.198183046622 2.096866941588 0.457318916075 -0.022578769673 0.370904715508 
Arquivo CSV criado com sucesso em: dataset\decomposition_based\random_walk\l10\fv_12000
12000. Decomposition 0.480938052086 0.331003041191 0.006028925784 0.005443246137 0.432128398237 0.384358826093 2.108337073128 0.700664218266 -0.416159548544 0.527507079481 0.000014603820 0.000438352607 0.000392108089 0.000264647746 0.155294427137 0.222566731600 2.340374695201 0.472252944335 0.135911286511 0.513799798495 0.496482993197 0.040326070009 0.049834313388 0.004711473668 0.162751768128 0.223549962383 2.030422488128 0.356507430010 0.131226575905 0.331620293646 
Arquivo CSV criado com sucesso em: dataset\decomposition_based\random_walk\l10\fv_12300
12300. Decomposition 0.487440660550 0.326997327575 0.004679947497 0.004365458330 0.227538627060 0.614629176347 1.950003205539 0.755787749196 -0.356708184467 0.509625889456 0.000037053092 0.000347749381 0.000310543968 0.000212514341 -0.009640987353 0.453758346919 2.148916575491 0.641216427011 0.116730379073 0.477936457132 0.493519480519 0.038055867224 0.042895764520 0.017591455012 -0.001331009416 0.455854364229 1.881536094870 0.486781052370 0.115398233292 0.313450916421 
Arquivo CSV criado com sucesso em: dataset\decomposition_based\random_walk\l10\fv_12600
12600. Decomposition 0.485687985032 0.325913718821 0.004646991967 0.004357311417 0.343247770632 0.417163964620 2.021431776967 0.682724412252 -0.457575606370 0.498802063081 -0.000000098946 0.000342430412 0.000336609238 0.000206620471 0.056829021403 0.317408042271 2.220345146920 0.526915374430 0.098610049147 0.484379728268 0.491082010582 0.039606037898 0.045674816574 0.011121824209 0.031640481568 0.385318965866 1.952964666299 0.376343340589 0.015760164012 0.425222365863 
Arquivo CSV criado com sucesso em: dataset\decomposition_based\random_walk\l10\fv_12900
12900. Decomposition 0.484346579186 0.325200021243 0.004702548461 0.004305835158 0.391626008253 0.369418244221 2.157893101578 0.659948664529 -0.441822351301 0.492405560216 -0.000017068339 0.000347464982 0.000329359813 0.000205231001 0.059768680255 0.311964532251 2.285252282544 0.457609384787 0.211420928507 0.510014245398 0.493117940199 0.038251489940 0.046432618816 0.009440417707 0.135604868999 0.216343660013 2.099375865551 0.370962997591 0.074060603430 0.343576561729 
Arquivo CSV criado com sucesso em: dataset\decomposition_based\random_walk\l10\fv_13200
13200. Decomposition 0.482339616677 0.324071987833 0.004987618302 0.004202276668 0.390486450108 0.370177644734 2.220994505141 0.704945119854 -0.244040165132 0.645183890017 -0.000007827792 0.000341915663 0.000332230277 0.000204676057 0.056407027921 0.318195199430 2.195040306024 0.563860142511 0.147633057005 0.476380674941 0.493321345321 0.038149351110 0.045960477680 0.010481074329 0.168359938044 0.204066491281 2.172750137355 0.482035397686 -0.013302445030 0.476800090616 
Arquivo CSV criado com sucesso em: dataset\decomposition_based\random_walk\l10\fv_13500
13500. Decomposition 0.477674615232 0.321354957359 0.005334131003 0.004249701192 0.459828451539 0.362258105933 2.109182697033 0.648692323492 -0.273981539313 0.599832707438 -0.000020365274 0.000344037760 0.000337997074 0.000205216422 0.062748593262 0.306520469986 2.290231161765 0.454158605526 0.080817336331 0.494515948251 0.493269933555 0.038174578982 0.045531798559 0.011445214626 0.148975462407 0.207707942147 2.271382118910 0.679344275342 -0.042510727287 0.533205163267 
Arquivo CSV criado com sucesso em: dataset\decomposition_based\random_walk\l10\fv_13800
13800. Decomposition 0.477916841658 0.321721742305 0.005483113831 0.004340509208 0.472239467302 0.369161976327 2.051161584114 0.663635185432 -0.302751141587 0.561854571639 -0.000014360708 0.000340949825 0.000333294250 0.000203523267 0.070349784439 0.292999343488 2.280950560050 0.460829988135 0.072347509122 0.500603586077 0.492733400402 0.038461482122 0.045666432237 0.011140737822 0.154201230566 0.205656065356 2.084551290895 0.355410137225 0.036485358882 0.392208796526 
Arquivo CSV criado com sucesso em: dataset\decomposition_based\random_walk\l10\fv_14100
14100. Decomposition 0.498244922502 0.326509745662 0.004262011967 0.003955362636 0.381142382209 0.362787161395 2.081255403513 0.652072036706 -0.285864457210 0.583414624444 -0.000231882811 0.000661745082 0.000263793320 0.000198449926 0.063554671987 0.271443765273 2.285150449287 0.457683083574 0.066699113463 0.505096386333 0.490585526316 0.036403918501 0.039683888603 0.018651447272 0.122671493391 0.204430655408 2.249974499931 0.633919109424 -0.009714721313 0.470155945736 
Arquivo CSV criado com sucesso em: dataset\decomposition_based\random_walk\l10\fv_14400
14400. Decomposition 0.493605052600 0.323657109242 0.004445828740 0.003713992815 0.256142382209 0.579892334857 1.946098478074 0.707050182011 -0.250131400059 0.553862803974 -0.000095128204 0.000366985891 0.000279306381 0.000177361684 -0.061445328013 0.446032942396 2.124506643126 0.603269928449 0.058361724280 0.472989057970 0.488628649635 0.037658975399 0.044930238968 0.011142471158 -0.002328506609 0.426420879201 2.093727687439 0.722850760895 -0.008500381149 0.439802352201 
Arquivo CSV criado com sucesso em: dataset\decomposition_based\random_walk\l10\fv_14700
14700. Decomposition 0.489724509013 0.321206003157 0.004684281278 0.003558114593 0.316994746163 0.457512540350 2.039941140232 0.619674331303 -0.187211120650 0.604940833234 -0.000006592701 0.000278593925 0.000389795320 0.000299716567 0.060509115398 0.272275162860 2.283814142100 0.428137920984 0.192221867931 0.577515192679 0.493237331081 0.035844550245 0.048131577401 0.013302117318 0.113599037473 0.211172731425 2.214645798210 0.600298740452 0.017943547408 0.445837016686 
Arquivo CSV criado com sucesso em: dataset\decomposition_based\random_walk\l10\fv_15000
15000. Decomposition 0.489479198941 0.320840344635 0.004848927412 0.003552379153 0.413586847388 0.338010512001 2.077093542221 0.610056920335 -0.242132895188 0.557864851582 -0.000074744104 0.000332991402 0.000309813767 0.000172385654 0.009083805548 0.318394410816 2.255515356228 0.435243897775 0.109995909820 0.486162886874 0.490912037037 0.036262303089 0.044421902322 0.011356596590 0.094550835956 0.232865838151 2.312680577922 0.615748425212 -0.142055930613 0.562152253754 
Arquivo CSV criado com sucesso em: dataset\decomposition_based\random_walk\l10\fv_15300
15300. Decomposition 0.489234806314 0.320476945832 0.004922846171 0.003567145831 0.429959046303 0.333292352204 2.097218535787 0.611417982698 -0.236784461686 0.560970558708 -0.000055571475 0.000308140594 0.000299233209 0.000168736399 0.044462557828 0.280464018321 2.231382144841 0.451139438874 0.085256836809 0.475018724074 0.491387755102 0.036092005143 0.043911661408 0.011723736415 0.108102903414 0.216452999393 2.430628847513 0.761625702516 -0.174026096924 0.618387729288 
Arquivo CSV criado com sucesso em: dataset\decomposition_based\random_walk\l10\fv_15600
15600. Decomposition 0.489271488537 0.320531433422 0.004882074884 0.003557679262 0.402382746688 0.344356486541 2.123918323345 0.620313688002 -0.254892834629 0.551852095991 -0.000073623865 0.000331377100 0.000299373468 0.000168754923 0.055724092626 0.274055255967 2.349739718581 0.460968540490 0.138961294432 0.509690910395 0.490716184701 0.036344850890 0.044120339302 0.011555947314 0.099338020763 0.226556291793 2.270590173087 0.595480309909 -0.113273107068 0.518156502872 
Arquivo CSV criado com sucesso em: dataset\decomposition_based\random_walk\l10\fv_15900
15900. Decomposition 0.489278515847 0.320541874050 0.004812259321 0.003549032421 0.402682362258 0.344155082833 2.191309420994 0.675893043143 -0.259334142001 0.550229996809 -0.000062331574 0.000316197669 0.000297046025 0.000168553019 0.028436723399 0.294581787122 2.302456603312 0.430564861706 0.157927763227 0.530557000062 0.490679435484 0.036361141865 0.043949154786 0.011691845813 0.115659035024 0.209419608340 2.305983026942 0.611212273533 -0.128792866703 0.540992624361 
Arquivo CSV criado com sucesso em: dataset\decomposition_based\random_walk\l10\fv_16200
16200. Decomposition 0.483443082568 0.313596342816 0.003686740121 0.003164785608 0.357939877563 0.348277961111 2.191309420994 0.675893043143 -0.259334142001 0.550229996809 -0.000072992252 0.000266646623 0.000222594833 0.000158404782 0.039722656828 0.264648029948 2.518399169122 0.751082110357 0.206743364790 0.600432186727 0.492166666667 0.034202826394 0.038542915665 0.017878425448 0.098348374646 0.204649119378 2.500155325710 0.888681538428 -0.167825826225 0.606967575018 
Arquivo CSV criado com sucesso em: dataset\decomposition_based\random_walk\l10\fv_16500
16500. Decomposition 0.482862797860 0.313884032344 0.004254738394 0.002895566915 0.357923476073 0.348294820292 2.114497263106 0.673255688040 -0.233014099755 0.524076119155 0.000034792525 0.000373961649 0.000238813222 0.000140550650 -0.057442388965 0.391517887568 2.405243705887 0.777095313039 0.255607997691 0.582720502468 0.497431216931 0.038393166103 0.044087247992 0.011754386310 -0.012567223567 0.402636509884 2.389026956186 0.894874544831 -0.157910276963 0.572941339001 
Arquivo CSV criado com sucesso em: dataset\decomposition_based\random_walk\l10\fv_16800
16800. Decomposition 0.478068210890 0.310920285340 0.004209159826 0.002865224161 0.390637421404 0.326256131748 2.133330439821 0.658000652542 -0.288769923928 0.525400365188 0.000026274646 0.000354093092 0.000289483582 0.000180904777 -0.055836325822 0.388178369341 2.459933604023 0.727179230372 0.117682026741 0.619609990791 0.494397637795 0.035278932407 0.042746411252 0.011703125475 -0.019946325270 0.420830765533 2.342885423760 0.948617368255 -0.143331261570 0.576433085952 
Arquivo CSV criado com sucesso em: dataset\decomposition_based\random_walk\l10\fv_17100
17100. Decomposition 0.477425441704 0.310724358792 0.004265761607 0.002886308608 0.386390942456 0.327728090916 2.212487271840 0.640047163586 -0.268124664620 0.519357302810 0.000029793534 0.000360355176 0.000278628231 0.000162742919 0.022261338169 0.271781126805 2.443525622514 0.739115849187 0.140631033366 0.596177732004 0.494454046639 0.035320331397 0.041774425733 0.012412723916 0.015012092992 0.337391055721 2.406633475547 0.878621093842 -0.119675909234 0.588236813748 
Arquivo CSV criado com sucesso em: dataset\decomposition_based\random_walk\l10\fv_17400
17400. Decomposition 0.474882168594 0.309296185689 0.004439247235 0.003018985082 0.424779528452 0.330437129772 2.213924156929 0.640440294590 -0.211358457294 0.536215583756 0.000043759775 0.000387029707 0.000296157888 0.000197054838 0.034144058787 0.265952513196 2.509157260308 0.708609312452 0.238685737428 0.573257085927 0.497564116985 0.038567514152 0.045506724605 0.013068441941 0.098556810785 0.204549776133 2.609403109612 0.893020134814 -0.017017559658 0.713736855653 
Arquivo CSV criado com sucesso em: dataset\decomposition_based\random_walk\l10\fv_17700
17700. Decomposition 0.469793273442 0.306408807182 0.004710153852 0.003414286607 0.451336555529 0.352448950750 2.201450038821 0.637883232044 -0.191516612732 0.553089106643 0.000065316093 0.000430997889 0.000314000789 0.000242256782 0.057167331456 0.266621858614 2.672127787506 0.830965558581 0.308908604428 0.635580879771 0.496839031339 0.037652113437 0.043366909343 0.011573411491 0.093711562675 0.207280747070 2.607355988161 0.891033215499 -0.057717793274 0.651510141411 
Arquivo CSV criado com sucesso em: dataset\decomposition_based\random_walk\l10\fv_18000
18000. Decomposition 0.468185935659 0.305562058218 0.004805309313 0.003595250084 0.450394906100 0.351417576994 2.159179511199 0.643685489592 -0.207602523788 0.539001952002 0.000037523537 0.000369481565 0.000266655944 0.000150466917 0.045436250900 0.264283602859 2.526687862235 0.708514978059 0.144374808101 0.592941700436 0.497316578483 0.038245104509 0.043197496952 0.011582609557 0.096185074024 0.205777100813 2.591735856234 0.876983627813 -0.089493152099 0.613647533756 
Arquivo CSV criado com sucesso em: dataset\decomposition_based\random_walk\l10\fv_18300
18300. Decomposition 0.489885232347 0.314456397620 0.004624016052 0.003208179247 0.305355415490 0.548154144932 2.043261560079 0.702730852522 -0.186842271409 0.515121040674 -0.000060439804 0.000443303872 0.000338148765 0.000300271214 -0.056807466187 0.402220821141 2.384123377649 0.816644396128 0.113976735169 0.579703950572 0.496039130435 0.036425455120 0.043875616267 0.011184517655 -0.013753918166 0.382440245848 2.438395515618 0.964845559082 -0.077874405167 0.585653303178 
Arquivo CSV criado com sucesso em: dataset\decomposition_based\random_walk\l10\fv_18600
18600. Decomposition 0.487634676092 0.312933367363 0.004510609738 0.003167732901 0.340858782584 0.468111464581 2.093261560079 0.641875762962 -0.138460183885 0.551812252801 0.000039295776 0.000330300737 0.000264427897 0.000141979987 -0.050637544242 0.387924415016 2.434123377650 0.742290867492 0.065865995733 0.606510898142 0.502768579235 0.039803839781 0.042795142710 0.011051284461 0.003846067955 0.338130954726 2.488395515618 0.899770749313 -0.020646261233 0.617558540530 
Arquivo CSV criado com sucesso em: dataset\decomposition_based\random_walk\l10\fv_18900
18900. Decomposition 0.487743148682 0.313099970799 0.004462291385 0.003163716888 0.338358839973 0.473406382611 2.088789729125 0.646134971460 -0.180257435658 0.517880853517 0.000033143482 0.000330501951 0.000281638334 0.000167713406 -0.013958915371 0.312212599511 2.428341012804 0.749732977808 0.077186582009 0.597180669246 0.501426190476 0.038313046170 0.041512185887 0.012079021701 0.042170993057 0.253174749455 2.634264558102 0.844236213627 0.048266754716 0.711224617866 
Arquivo CSV criado com sucesso em: dataset\decomposition_based\random_walk\l10\fv_19200
19200. Decomposition 0.487802789443 0.313191679556 0.004444083411 0.003163925492 0.365560054835 0.419425142284 2.096968466628 0.638537262154 -0.212821054478 0.511581754364 0.000030634564 0.000330879637 0.000292767835 0.000190052888 0.016210020164 0.268377482007 2.528011908224 0.674480759487 0.018250402336 0.663588424598 0.499962534435 0.037119763204 0.043680965615 0.011090892170 0.043128185353 0.251358710825 2.643091307802 0.848034928428 -0.159156099999 0.624332194816 
Arquivo CSV criado com sucesso em: dataset\decomposition_based\random_walk\l10\fv_19500
19500. Decomposition 0.484726832686 0.311561172578 0.004745151240 0.003284264057 0.443768817276 0.333976088300 2.139329659199 0.613550371347 -0.147636622079 0.542064551641 0.000032736257 0.000328179190 0.000288151164 0.000183312161 -0.022916228318 0.328918239017 2.440386556970 0.734607115576 0.065756687387 0.606609556975 0.500753947368 0.037706224297 0.042325291779 0.011287089888 0.045378403289 0.247168331146 2.674933150936 0.868336387206 -0.129146959500 0.598885653220 
Arquivo CSV criado com sucesso em: dataset\decomposition_based\random_walk\l10\fv_19800
19800. Decomposition 0.479531235675 0.308426467781 0.004894244526 0.003473339897 0.468613368771 0.337834417307 2.155616670500 0.610747208806 -0.134904660868 0.555909711458 0.000068127651 0.000337640304 0.000286789299 0.000185197285 0.040836519792 0.251786742791 2.562425185117 0.677826290916 0.083288216039 0.592898213525 0.501881417625 0.038778177550 0.042727993801 0.011074309334 0.072570711507 0.207493039104 2.642139441185 0.847586302384 -0.146032862924 0.611706114967 

Multi adaptive decomposition walk:
Arquivo CSV criado com sucesso em: dataset\decomposition_based\adaptative_walk\l10_r1.0\fv_300
300. Decomposition 0.000000004141 0.000000000000 0.000000001322 0.000000000000 -1.000000000000 0.000000000000 1.000000000000 0.000000000000 0.000000000000 0.000000000000 -0.000000000352 0.000000000000 0.000000000153 0.000000000000 -1.000000000000 0.000000000000 1.000000000000 0.000000000000 -0.000000000000 0.000000000000 0.350208333333 0.000000000000 0.089791666667 0.000000000000 -1.000000000000 0.000000000000 1.000000000000 0.000000000000 0.000000000000 0.000000000000 
Arquivo CSV criado com sucesso em: dataset\decomposition_based\adaptative_walk\l10_r1.0\fv_600
600. Decomposition 0.000000004357 0.000000000000 0.000000001976 0.000000000000 -0.003701398545 0.000000000000 1.500000000000 0.000000000000 0.114870616978 0.000000000000 -0.000000000299 0.000000000000 0.000000000071 0.000000000000 -0.195670529647 0.000000000000 1.500000000000 0.000000000000 0.706912099862 0.000000000000 0.383076923077 0.000000000000 0.041982432693 0.000000000000 -0.364143056201 0.000000000000 1.500000000000 0.000000000000 0.458838016569 0.000000000000 
Arquivo CSV criado com sucesso em: dataset\decomposition_based\adaptative_walk\l10_r1.0\fv_900
900. Decomposition 0.000000005811 0.000000000000 0.000000003131 0.000000000000 0.615765605213 0.000000000000 1.768682700817 0.000000000000 0.124987139524 0.000000000000 -0.000000000398 0.000000000000 0.000000000136 0.000000000000 0.480682733254 0.000000000000 1.726098332375 0.000000000000 0.012459443897 0.000000000000 0.344631578947 0.000000000000 0.059325292285 0.000000000000 0.126266057624 0.000000000000 2.077000604684 0.000000000000 0.288571364265 0.000000000000 
Arquivo CSV criado com sucesso em: dataset\decomposition_based\adaptative_walk\l10_r1.0\fv_1200
1200. Decomposition 0.000000006449 0.000000000000 0.000000003586 0.000000000000 0.713791504951 0.000000000000 1.768171812736 0.000000000000 0.190096665768 0.000000000000 -0.000000000472 0.000000000000 0.000000000199 0.000000000000 0.768920892135 0.000000000000 1.819697769844 0.000000000000 -0.260959284623 0.000000000000 0.321360103627 0.000000000000 0.073206304739 0.000000000000 0.457974148456 0.000000000000 1.856912016496 0.000000000000 0.195329409300 0.000000000000 
Arquivo CSV criado com sucesso em: dataset\decomposition_based\adaptative_walk\l10_r1.0\fv_1500
1500. Decomposition 0.000000007309 0.000000000000 0.000000004402 0.000000000000 0.808738179152 0.000000000000 1.834584684452 0.000000000000 0.257118986003 0.000000000000 -0.000000000528 0.000000000000 0.000000000197 0.000000000000 0.701945388179 0.000000000000 1.636938314220 0.000000000000 0.338932020606 0.000000000000 0.303969780220 0.000000000000 0.070014310290 0.000000000000 0.504615822829 0.000000000000 2.191488027959 0.000000000000 0.699607454471 0.000000000000 
Arquivo CSV criado com sucesso em: dataset\decomposition_based\adaptative_walk\l10_r1.0\fv_1800
1800. Decomposition 0.000000008163 0.000000000000 0.000000004832 0.000000000000 0.844530342421 0.000000000000 1.883511072583 0.000000000000 0.241368706711 0.000000000000 -0.000000000551 0.000000000000 0.000000000204 0.000000000000 0.633445552615 0.000000000000 1.797980572102 0.000000000000 0.277804389830 0.000000000000 0.295584795322 0.000000000000 0.071472312402 0.000000000000 0.510251857729 0.000000000000 2.390139923122 0.000000000000 0.700746579025 0.000000000000 
Arquivo CSV criado com sucesso em: dataset\decomposition_based\adaptative_walk\l10_r1.0\fv_2100
2100. Decomposition 0.000000007977 0.000000000000 0.000000005492 0.000000000000 0.866681690497 0.000000000000 1.894353338392 0.000000000000 0.306619141709 0.000000000000 -0.000000000623 0.000000000000 0.000000000241 0.000000000000 0.773561480900 0.000000000000 1.919618209297 0.000000000000 0.214244426211 0.000000000000 0.261363636364 0.000000000000 0.097679692434 0.000000000000 0.748006964171 0.000000000000 2.408474392012 0.000000000000 -0.023923539397 0.000000000000 
Arquivo CSV criado com sucesso em: dataset\decomposition_based\adaptative_walk\l10_r1.0\fv_2400
2400. Decomposition 0.000000008012 0.000000000000 0.000000005751 0.000000000000 0.873621602522 0.000000000000 1.909986016773 0.000000000000 0.351146958539 0.000000000000 -0.000000000660 0.000000000000 0.000000000262 0.000000000000 0.821825538404 0.000000000000 1.957753601085 0.000000000000 0.167401734960 0.000000000000 0.248600088183 0.000000000000 0.104338518390 0.000000000000 0.765807774597 0.000000000000 2.407057878391 0.000000000000 -0.057453161977 0.000000000000 
Arquivo CSV criado com sucesso em: dataset\decomposition_based\adaptative_walk\l10_r1.0\fv_2700
2700. Decomposition 0.000000007345 0.000000000000 0.000000006043 0.000000000000 0.869794562204 0.000000000000 1.975837008376 0.000000000000 0.492745795379 0.000000000000 -0.000000000728 0.000000000000 0.000000000295 0.000000000000 0.864677614252 0.000000000000 1.922050913754 0.000000000000 0.185103575426 0.000000000000 0.221655844156 0.000000000000 0.117027278521 0.000000000000 0.795700424105 0.000000000000 2.017631848077 0.000000000000 0.067123664735 0.000000000000 
Arquivo CSV criado com sucesso em: dataset\decomposition_based\adaptative_walk\l10_r1.0\fv_3000
3000. Decomposition 0.000000007909 0.000000000000 0.000000006157 0.000000000000 0.873334947737 0.000000000000 2.030955506791 0.000000000000 0.552559347881 0.000000000000 -0.000000000752 0.000000000000 0.000000000298 0.000000000000 0.848876024538 0.000000000000 1.880669066470 0.000000000000 0.304121949058 0.000000000000 0.213014260250 0.000000000000 0.117511175159 0.000000000000 0.791720845719 0.000000000000 1.964907521027 0.000000000000 0.198372661438 0.000000000000 
Arquivo CSV criado com sucesso em: dataset\decomposition_based\adaptative_walk\l10_r1.0\fv_3300
3300. Decomposition 0.000000007201 0.000000000000 0.000000006327 0.000000000000 0.874632318201 0.000000000000 2.162413286358 0.000000000000 0.662152808266 0.000000000000 -0.000000000789 0.000000000000 0.000000000297 0.000000000000 0.833868246468 0.000000000000 1.976713794963 0.000000000000 0.504829650789 0.000000000000 0.193132694938 0.000000000000 0.123332832650 0.000000000000 0.827763206494 0.000000000000 1.936981360963 0.000000000000 0.320271132026 0.000000000000 
Arquivo CSV criado com sucesso em: dataset\decomposition_based\adaptative_walk\l10_r1.0\fv_3600
3600. Decomposition 0.000000006888 0.000000000000 0.000000006368 0.000000000000 0.873992671077 0.000000000000 2.240650596190 0.000000000000 0.721262796707 0.000000000000 -0.000000000820 0.000000000000 0.000000000313 0.000000000000 0.866336755547 0.000000000000 1.984164145214 0.000000000000 0.478826027439 0.000000000000 0.184557057057 0.000000000000 0.124944860865 0.000000000000 0.830545226775 0.000000000000 1.942787503083 0.000000000000 0.393619094991 0.000000000000 
Arquivo CSV criado com sucesso em: dataset\decomposition_based\adaptative_walk\l10_r1.0\fv_3900
3900. Decomposition 0.000000006731 0.000000000000 0.000000006398 0.000000000000 0.873268708953 0.000000000000 2.419910570896 0.000000000000 0.838288470618 0.000000000000 -0.000000000858 0.000000000000 0.000000000318 0.000000000000 0.854821576256 0.000000000000 2.083872799675 0.000000000000 0.595547497162 0.000000000000 0.168676470588 0.000000000000 0.127753394987 0.000000000000 0.837824863573 0.000000000000 2.001711797694 0.000000000000 0.513914550932 0.000000000000 
Arquivo CSV criado com sucesso em: dataset\decomposition_based\adaptative_walk\l10_r1.0\fv_4200
4200. Decomposition 0.000000006452 0.000000000000 0.000000006407 0.000000000000 0.873995642055 0.000000000000 2.514042558911 0.000000000000 0.890296727718 0.000000000000 -0.000000000880 0.000000000000 0.000000000325 0.000000000000 0.870943017471 0.000000000000 2.117507280170 0.000000000000 0.617895089505 0.000000000000 0.161278948738 0.000000000000 0.128983919890 0.000000000000 0.840924692866 0.000000000000 2.044059094977 0.000000000000 0.564904543700 0.000000000000 
Arquivo CSV criado com sucesso em: dataset\decomposition_based\adaptative_walk\l10_r1.0\fv_4500
4500. Decomposition 0.000000005997 0.000000000000 0.000000006388 0.000000000000 0.872968626031 0.000000000000 2.718344463638 0.000000000000 0.994604632374 0.000000000000 -0.000000000913 0.000000000000 0.000000000328 0.000000000000 0.874475477007 0.000000000000 2.241614630544 0.000000000000 0.709146433440 0.000000000000 0.149654269251 0.000000000000 0.128972183036 0.000000000000 0.843560603434 0.000000000000 2.175259422267 0.000000000000 0.685613623934 0.000000000000 
Arquivo CSV criado com sucesso em: dataset\decomposition_based\adaptative_walk\l10_r1.0\fv_4800
4800. Decomposition 0.000000005802 0.000000000000 0.000000006369 0.000000000000 0.872981091296 0.000000000000 2.825636575301 0.000000000000 1.044602998968 0.000000000000 -0.000000000924 0.000000000000 0.000000000325 0.000000000000 0.863356101821 0.000000000000 2.331422812796 0.000000000000 0.786790533384 0.000000000000 0.143750000000 0.000000000000 0.129423803195 0.000000000000 0.848629247366 0.000000000000 2.239771274102 0.000000000000 0.730916845753 0.000000000000 
Arquivo CSV criado com sucesso em: dataset\decomposition_based\adaptative_walk\l10_r1.0\fv_5100
5100. Decomposition 0.051629831585 0.051629825783 0.000699077006 0.000699070637 -0.063509454352 0.936490545648 1.912818287650 0.912818287650 0.522301499484 0.522301499484 -0.000001667319 0.000001666395 0.000011767492 0.000011767166 -0.067226521179 0.932773478821 1.663126267110 0.663126267110 0.391613548457 0.391613548457 0.303649691358 0.159899691358 0.080437210239 0.048986592955 -0.075685376317 0.924314623683 1.619885637051 0.619885637051 0.365458422877 0.365458422877 
Arquivo CSV criado com sucesso em: dataset\decomposition_based\adaptative_walk\l10_r1.0\fv_5400
5400. Decomposition 0.051054133330 0.051054127528 0.000994316901 0.000994310532 0.431850585932 0.441130505363 2.162818287650 0.662818287650 0.614407160801 0.430195838168 -0.000033044402 0.000033043478 0.000039389811 0.000039389485 0.412171605770 0.453375351872 1.913126267110 0.413126267110 0.227169261295 0.556057835619 0.296594152855 0.152844152855 0.083428094367 0.045995708828 0.424238642808 0.424390604558 1.869885637051 0.369885637051 0.354205934567 0.376710911186 
Arquivo CSV criado com sucesso em: dataset\decomposition_based\adaptative_walk\l10_r1.0\fv_5700
5700. Decomposition 0.050059338539 0.050059332737 0.001471253426 0.001471247056 0.723521418335 0.149459672961 2.329034008180 0.496602567121 0.640267989044 0.404335009924 -0.000062459895 0.000062458970 0.000051196248 0.000051195922 0.671466447563 0.194080510079 2.081303130631 0.244949403589 0.385596622619 0.397630474295 0.281552215190 0.137802215190 0.090297554235 0.039126248960 0.650369606261 0.198259641105 2.139925083493 0.099846190609 0.357069789642 0.373847056112 
Arquivo CSV criado com sucesso em: dataset\decomposition_based\adaptative_walk\l10_r1.0\fv_6000
6000. Decomposition 0.049596782720 0.049596776918 0.001695173920 0.001695167550 0.780516086579 0.092465004717 2.347444516248 0.478192059053 0.640328607108 0.404274391860 -0.000084257491 0.000084256567 0.000065706737 0.000065706411 0.728459237787 0.137087719854 1.980570916585 0.345681617635 0.380398051803 0.402829045110 0.275340909091 0.131590909091 0.091898931572 0.037524871623 0.703835857648 0.144793389718 2.043894473363 0.195876800739 0.491620417294 0.239296428459 
Arquivo CSV criado com sucesso em: dataset\decomposition_based\adaptative_walk\l10_r1.0\fv_6300
6300. Decomposition 0.048693675175 0.048693669373 0.002154393239 0.002154386870 0.842652775919 0.030328315377 2.363237847449 0.462398727852 0.620406254657 0.424196744311 -0.000123015318 0.000123014393 0.000088790788 0.000088790462 0.840515470493 0.025031487148 2.071960958822 0.254291575398 0.367129997720 0.416097099193 0.255729166667 0.111979166667 0.105915447620 0.023508355574 0.847987540022 0.000641707345 2.145164351897 0.094606922205 0.286807903263 0.444108942490 
Arquivo CSV criado com sucesso em: dataset\decomposition_based\adaptative_walk\l10_r1.0\fv_6600
6600. Decomposition 0.048268772381 0.048268766579 0.002360093195 0.002360086825 0.857459210931 0.015521880365 2.358757796460 0.466878778841 0.625266121895 0.419336877073 -0.000134287247 0.000134286323 0.000089191290 0.000089190964 0.835231188348 0.030315769294 2.005076541652 0.321175992568 0.496912016990 0.286315079923 0.248938492063 0.105188492063 0.108220436018 0.021203367177 0.852358204483 0.003728957117 2.053378506054 0.186392768048 0.370143858267 0.360772987486 
Arquivo CSV criado com sucesso em: dataset\decomposition_based\adaptative_walk\l10_r1.0\fv_6900
6900. Decomposition 0.047477706402 0.047477700600 0.002718642503 0.002718636133 0.873877103783 0.000896012487 2.355637655764 0.469998919537 0.647831967866 0.396771031103 -0.000155104144 0.000155103220 0.000093272792 0.000093272466 0.815607747704 0.049939209938 2.089816425154 0.236436109066 0.589999788316 0.193227308598 0.239270577396 0.095520577396 0.110014443943 0.019409359251 0.808792507655 0.039836739711 2.072455022121 0.167316251981 0.475154814378 0.255762031376 
Arquivo CSV criado com sucesso em: dataset\decomposition_based\adaptative_walk\l10_r1.0\fv_7200
7200. Decomposition 0.047092281938 0.047092276136 0.002899857541 0.002899851172 0.881995504805 0.009014413509 2.364083389140 0.461553186161 0.648607533637 0.395995465331 -0.000165192730 0.000165191805 0.000095751594 0.000095751268 0.829953398421 0.035593559221 2.135419042771 0.190833491449 0.618889619086 0.164337477828 0.235851396917 0.092101396917 0.109254450274 0.020169352921 0.809705481483 0.038923765883 2.074642847073 0.165128427029 0.577544869379 0.153371976374 
Arquivo CSV criado com sucesso em: dataset\decomposition_based\adaptative_walk\l10_r1.0\fv_7500
7500. Decomposition 0.046370342946 0.046370337143 0.003216693498 0.003216687128 0.889158191429 0.016177100133 2.370156519426 0.455480055875 0.664201875937 0.380401123032 -0.000187414218 0.000187413293 0.000104654904 0.000104654578 0.852130651048 0.013416306593 2.218637007332 0.107615526888 0.602865356771 0.180361740143 0.226007653061 0.082257653061 0.112484579551 0.016939223644 0.830581145950 0.018048101416 2.123127669878 0.116643604224 0.611640924983 0.119275920770 
Arquivo CSV criado com sucesso em: dataset\decomposition_based\adaptative_walk\l10_r1.0\fv_7800
7800. Decomposition 0.046024638908 0.046024633106 0.003366076279 0.003366069909 0.892337666839 0.019356575543 2.374941010235 0.450695565066 0.670605897909 0.373997101059 -0.000196262071 0.000196261147 0.000106308830 0.000106308504 0.853478495824 0.012068461818 2.223543385024 0.102709149196 0.643118466419 0.140108630495 0.219573412698 0.075823412698 0.116490156245 0.012933646950 0.854631606185 0.006002358819 2.166711936262 0.073059337840 0.541858779935 0.189058065818 
Arquivo CSV criado com sucesso em: dataset\decomposition_based\adaptative_walk\l10_r1.0\fv_8100
8100. Decomposition 0.045390857890 0.045390852087 0.003607356469 0.003607350100 0.893590420303 0.020609329007 2.381211986641 0.444424588659 0.698446670870 0.346156328099 -0.000215679295 0.000215678371 0.000114403769 0.000114403443 0.866537275844 0.000990318202 2.314536864183 0.011715670037 0.601772718124 0.181454378789 0.209800812116 0.066050812116 0.120394900817 0.009028902377 0.860379695367 0.011750448001 2.177193255506 0.062578018596 0.547791096398 0.183125749355 
Arquivo CSV criado com sucesso em: dataset\decomposition_based\adaptative_walk\l10_r1.0\fv_8400
8400. Decomposition 0.045101915583 0.045101909780 0.003702616258 0.003702609888 0.893824817140 0.020843725844 2.387320679293 0.438315896008 0.716453855720 0.328149143248 -0.000226542511 0.000226541586 0.000120036240 0.000120035914 0.876927606191 0.011380648549 2.319911592748 0.006340941473 0.572443987869 0.210783109044 0.203925898204 0.060175898204 0.123905815613 0.005517987582 0.866396388887 0.017767141520 2.186481723491 0.053289550611 0.507520150422 0.223396695332 
Arquivo CSV criado com sucesso em: dataset\decomposition_based\adaptative_walk\l10_r1.0\fv_8700
8700. Decomposition 0.044580228543 0.044580222740 0.003845712038 0.003845705668 0.893589129048 0.020608037752 2.408858331524 0.416778243777 0.757936204960 0.286666794008 -0.000240946074 0.000240945150 0.000121780951 0.000121780625 0.856896227118 0.008650730523 2.316197283992 0.010055250228 0.644185042964 0.139042053949 0.196613805970 0.052863805970 0.125151750444 0.004272052751 0.857301327131 0.008672079765 2.187294972191 0.052476301911 0.570341500472 0.160575345281 
Arquivo CSV criado com sucesso em: dataset\decomposition_based\adaptative_walk\l10_r1.0\fv_9000
9000. Decomposition 0.044341193046 0.044341187243 0.003902307013 0.003902300644 0.893569200398 0.020588109102 2.424262889487 0.401373685814 0.778410267050 0.266192731919 -0.000251588509 0.000251587585 0.000126990145 0.000126989820 0.867044284626 0.001497326984 2.290906815936 0.035345718284 0.632713593989 0.150513502924 0.192017276423 0.048267276423 0.127149778525 0.002274024669 0.864544616456 0.015915369090 2.186700577515 0.053070696587 0.566782154602 0.164134691152 
Arquivo CSV criado com sucesso em: dataset\decomposition_based\adaptative_walk\l10_r1.0\fv_9300
9300. Decomposition 0.043900126738 0.043900120936 0.003993401096 0.003993394726 0.893795927545 0.020814836249 2.462099068417 0.363537506883 0.817661914193 0.226941084775 -0.000265679140 0.000265678216 0.000129851712 0.000129851386 0.872399047278 0.006852089636 2.310021509166 0.016231025054 0.670768678943 0.112458417970 0.184266304348 0.040516304348 0.129947587437 0.000523784243 0.871920261000 0.023291013633 2.235312218572 0.004459055530 0.561782049536 0.169134796217 
Arquivo CSV criado com sucesso em: dataset\decomposition_based\adaptative_walk\l10_r1.0\fv_9600
9600. Decomposition 0.043697067295 0.043697061493 0.004028789758 0.004028783388 0.893780949396 0.020799858100 2.483889077304 0.341747497996 0.836753174518 0.207849824451 -0.000271808410 0.000271807486 0.000130556851 0.000130556525 0.873330119348 0.007783161706 2.327985953509 0.001733419289 0.693142682152 0.090084414761 0.181886574074 0.038136574074 0.129093330277 0.000330472918 0.864311375178 0.015682127811 2.213729055031 0.026042219071 0.632442040942 0.098474804811 
Arquivo CSV criado com sucesso em: dataset\decomposition_based\adaptative_walk\l10_r1.0\fv_9900
9900. Decomposition 0.043326452248 0.043326446446 0.004078099754 0.004078093385 0.893316045143 0.020334953847 2.533037182845 0.292599392455 0.875429350311 0.169173648657 -0.000284540897 0.000284539973 0.000133120027 0.000133119701 0.869792746915 0.004245789273 2.359362149544 0.033109615323 0.719658156528 0.063568940385 0.175416929382 0.031666929382 0.130536323216 0.001112520022 0.865807836984 0.017178589617 2.238762172758 0.001009101344 0.661790124425 0.069126721329 
Arquivo CSV criado com sucesso em: dataset\decomposition_based\adaptative_walk\l10_r1.0\fv_10200
10200. Decomposition 0.043157391094 0.043157385292 0.004093661321 0.004093654952 0.893231679937 0.020250588641 2.560281636704 0.265354938597 0.894795927484 0.149807071485 -0.000290847077 0.000290846153 0.000134506506 0.000134506180 0.871661231337 0.006114273695 2.371542680262 0.045290146041 0.731270150315 0.051956946598 0.172453703704 0.028703703704 0.131058556703 0.001634753508 0.865344961661 0.016715714295 2.254019604679 0.014248330577 0.678203576108 0.052713269646 
Arquivo CSV criado com sucesso em: dataset\decomposition_based\adaptative_walk\l10_r1.0\fv_10500
10500. Decomposition 0.042842020921 0.042842015119 0.004116481888 0.004116475519 0.893429598370 0.020448507074 2.617932305538 0.207704269763 0.931203356955 0.113399642014 -0.000298533019 0.000298532095 0.000133015247 0.000133014921 0.867505867056 0.001958909414 2.442844871872 0.116592337652 0.781418871616 0.001808225297 0.167796521998 0.024046521998 0.131154299091 0.001730495896 0.858919208202 0.010289960836 2.306721040830 0.066949766728 0.716411637154 0.014505208600 
Arquivo CSV criado com sucesso em: dataset\decomposition_based\adaptative_walk\l10_r1.0\fv_10800
10800. Decomposition 0.042695597510 0.042695591708 0.004123388322 0.004123381953 0.893322795978 0.020341704682 2.648229723205 0.177406852096 0.948728225933 0.095874773035 -0.000304934558 0.000304933634 0.000134497409 0.000134497083 0.874955825357 0.009408867715 2.451336185770 0.125083651550 0.795799127198 0.012572030284 0.164696729958 0.020946729958 0.131854970251 0.002431167056 0.866828299862 0.018199052495 2.315750600868 0.075979326766 0.732105721573 0.001188875820 
Arquivo CSV criado com sucesso em: dataset\decomposition_based\adaptative_walk\l10_r1.0\fv_11100
11100. Decomposition 0.042420422806 0.042420417004 0.004132264370 0.004132258000 0.893482534978 0.020501443682 2.710455442878 0.115181132423 0.981733192947 0.062869806022 -0.000311044767 0.000311043843 0.000132335796 0.000132335470 0.870309402439 0.004762444798 2.537461352870 0.211208818650 0.846687275945 0.063460179031 0.160119243421 0.016369243421 0.132110733856 0.002686930661 0.866465602463 0.017836355096 2.364198883670 0.124427609568 0.766562173405 0.035645327652 
Arquivo CSV criado com sucesso em: dataset\decomposition_based\adaptative_walk\l10_r1.0\fv_11400
11400. Decomposition 0.042292438572 0.042292432770 0.004133077036 0.004133070667 0.893445978714 0.020464887418 2.742690330409 0.082946244892 0.997844246773 0.046758752195 -0.000315082148 0.000315081224 0.000132257752 0.000132257426 0.870863500192 0.005316542551 2.567960186166 0.241707651946 0.864883512730 0.081656415817 0.157782148407 0.014032148407 0.132365959378 0.002942156183 0.867802113737 0.019172866371 2.385872413100 0.146101138998 0.780309762781 0.049392917028 
Arquivo CSV criado com sucesso em: dataset\decomposition_based\adaptative_walk\l10_r1.0\fv_11700
11700. Decomposition 0.042053406936 0.042053401133 0.004129041301 0.004129034932 0.893441037385 0.020459946089 2.809031142698 0.016605432603 1.029207786735 0.015395212233 -0.000323692712 0.000323691787 0.000133546094 0.000133545768 0.877702474080 0.012155516438 2.620055141551 0.293802607330 0.869633679491 0.086406582578 0.153303571429 0.009553571429 0.132900939558 0.003477136363 0.872459742671 0.023830495305 2.430771803545 0.191000529443 0.801535705535 0.070618859782 
Arquivo CSV criado com sucesso em: dataset\decomposition_based\adaptative_walk\l10_r1.0\fv_12000
12000. Decomposition 0.041942222744 0.041942216942 0.004124083811 0.004124077442 0.893384897384 0.020403806088 2.843259587157 0.017623011856 1.044658241354 0.000055242386 -0.000324171296 0.000324170371 0.000130278561 0.000130278235 0.868961378323 0.003414420682 2.689053222250 0.362800688030 0.923686584135 0.140459487221 0.151805555556 0.008055555556 0.132467298346 0.003043495151 0.868792474053 0.020163226687 2.466701919446 0.226930645344 0.826500673813 0.095583828060 
Arquivo CSV criado com sucesso em: dataset\decomposition_based\adaptative_walk\l10_r1.0\fv_12300
12300. Decomposition 0.041732619506 0.041732613704 0.004111420650 0.004111414281 0.893484838892 0.020503747596 2.912702322604 0.087065747303 1.074367441196 0.029764442228 -0.000330505974 0.000330505049 0.000129677826 0.000129677500 0.869424483853 0.003877526211 2.760108633400 0.433856099179 0.953819827075 0.170592730162 0.148267320086 0.004517320086 0.132350716664 0.002926913470 0.869258764764 0.020629517397 2.525272276582 0.285501002480 0.857040076420 0.126123230667 
Arquivo CSV criado com sucesso em: dataset\decomposition_based\adaptative_walk\l10_r1.0\fv_12600
12600. Decomposition 0.041634640060 0.041634634258 0.004103065812 0.004103059443 0.893416894911 0.020435803615 2.948244606968 0.122608031667 1.088975035400 0.044372036432 -0.000334010327 0.000334009403 0.000129755696 0.000129755370 0.871785637919 0.006238680277 2.788718770926 0.462466236706 0.965196546403 0.181969449490 0.146237439362 0.002487439362 0.132590299247 0.003166496053 0.871331249051 0.022702001685 2.546520989096 0.306749714994 0.866117520974 0.135200675221 
Arquivo CSV criado com sucesso em: dataset\decomposition_based\adaptative_walk\l10_r1.0\fv_12900
12900. Decomposition 0.041451366288 0.041451360486 0.004082758907 0.004082752538 0.893355699082 0.020374607786 3.020990550751 0.195353975450 1.117787729467 0.073184730498 -0.000340404111 0.000340403187 0.000129748335 0.000129748009 0.873908115919 0.008361158277 2.848321560281 0.522069026061 0.984254475912 0.201027378998 0.142911585366 0.000838414634 0.132537394165 0.003113590970 0.873141761446 0.024512514079 2.603182020673 0.363410746571 0.891031991278 0.160115145525 
Arquivo CSV criado com sucesso em: dataset\decomposition_based\adaptative_walk\l10_r1.0\fv_13200
13200. Decomposition 0.041365613296 0.041365607494 0.004071061088 0.004071054719 0.893321298623 0.020340207327 3.058154056248 0.232517480947 1.131992487948 0.087389488979 -0.000342520911 0.000342519987 0.000128828475 0.000128828149 0.871242543423 0.005695585781 2.894983247395 0.568730713175 1.005005414817 0.221778317904 0.141608169130 0.002141830870 0.132230633544 0.002806830349 0.871170164554 0.022540917188 2.639390250715 0.399618976613 0.908661591233 0.177744745479 
Arquivo CSV criado com sucesso em: dataset\decomposition_based\adaptative_walk\l10_r1.0\fv_13500
13500. Decomposition 0.041203365630 0.041203359828 0.004046358080 0.004046351711 0.893342256989 0.020361165693 3.133222636160 0.307586060859 1.159579729391 0.114976730423 -0.000349076188 0.000349075264 0.000129444942 0.000129444616 0.875940213595 0.010393255954 2.940418543535 0.614166009314 1.012309248513 0.229082151600 0.138837809917 0.004912190083 0.131888288158 0.002464484964 0.871773746221 0.023144498855 2.704644107081 0.464872832979 0.936878144504 0.205961298751 
Arquivo CSV criado com sucesso em: dataset\decomposition_based\adaptative_walk\l10_r1.0\fv_13800
13800. Decomposition 0.041126816753 0.041126810950 0.004033236616 0.004033230247 0.893344310767 0.020363219471 3.171225766259 0.345589190959 1.173069818365 0.128466819396 -0.000349814598 0.000349813674 0.000127480739 0.000127480414 0.871113917235 0.005566959594 3.009308410007 0.683055875786 1.045991676022 0.262764579109 0.137397144522 0.006352855478 0.131818021787 0.002394218593 0.872905960581 0.024276713215 2.734015339470 0.494244065368 0.948268628512 0.217351782759 
Arquivo CSV criado com sucesso em: dataset\decomposition_based\adaptative_walk\l10_r1.0\fv_14100
14100. Decomposition 0.040982516676 0.040982510874 0.004005408196 0.004005401826 0.893318208083 0.020337116787 3.248317884414 0.422681309113 1.199606364501 0.155003365532 -0.000354683631 0.000354682707 0.000126893494 0.000126893168 0.872489544006 0.006942586364 3.078240020283 0.751987486063 1.068220059736 0.284992962823 0.135319473275 0.008430526725 0.131127209707 0.001703406512 0.870575163856 0.021945916490 2.811480508117 0.571709234015 0.978996695879 0.248079850126 
Arquivo CSV criado com sucesso em: dataset\decomposition_based\adaptative_walk\l10_r1.0\fv_14400
14400. Decomposition 0.040914460610 0.040914454808 0.003990832804 0.003990826435 0.893304273218 0.020323181922 3.287373264731 0.461736689430 1.212657972781 0.168054973813 -0.000357172768 0.000357171843 0.000126761657 0.000126761331 0.871900349817 0.006353392175 3.108616802829 0.782364268609 1.076021371849 0.292794274935 0.133743630096 0.010006369904 0.131209409765 0.001785606570 0.872847304901 0.024218057534 2.835726527285 0.595955253183 0.988276019242 0.257359173489 
Arquivo CSV criado com sucesso em: dataset\decomposition_based\adaptative_walk\l10_r1.0\fv_14700
14700. Decomposition 0.040785014107 0.040785008305 0.003961292137 0.003961285768 0.893328536438 0.020347445142 3.365944075464 0.540307500163 1.238110704803 0.193507705834 -0.000360960786 0.000360959861 0.000126194961 0.000126194635 0.867692267867 0.002145310225 3.164871026646 0.838618492426 1.084557000646 0.301329903732 0.131731410256 0.012018589744 0.130607633342 0.001183830148 0.872356097033 0.023726849667 2.911657711290 0.671886437188 1.016807518052 0.285890672299 
Arquivo CSV criado com sucesso em: dataset\decomposition_based\adaptative_walk\l10_r1.0\fv_15000
15000. Decomposition 0.040723738592 0.040723732789 0.003946123058 0.003946116688 0.893316138735 0.020335047439 3.405630882458 0.579994307157 1.250624041690 0.206021042722 -0.000365114193 0.000365113269 0.000126984312 0.000126983986 0.875460742305 0.009913784663 3.181198663425 0.854946129205 1.091578707544 0.308351610630 0.130474943575 0.013275056425 0.130539039537 0.001115236342 0.873500357202 0.024871109836 2.940634842347 0.700863568245 1.026451510047 0.295534664294 
Arquivo CSV criado com sucesso em: dataset\decomposition_based\adaptative_walk\l10_r1.0\fv_15300
15300. Decomposition 0.040607945714 0.040607939911 0.003914865736 0.003914859367 0.893282530955 0.020301439659 3.486001928373 0.660365353072 1.275355481854 0.230752482886 -0.000367870337 0.000367869413 0.000125188360 0.000125188034 0.873532158231 0.007985200590 3.279748890037 0.953496355817 1.126734853813 0.343507756899 0.128290094340 0.015459905660 0.130220631813 0.000796828618 0.874164366653 0.025535119286 3.005439719897 0.765668445795 1.047856094716 0.316939248962 
Arquivo CSV criado com sucesso em: dataset\decomposition_based\adaptative_walk\l10_r1.0\fv_15600
15600. Decomposition 0.040552841534 0.040552835732 0.003899139521 0.003899133152 0.893293001428 0.020311910132 3.526432449276 0.700795873976 1.287473877249 0.242870878281 -0.000369006089 0.000369005164 0.000124324030 0.000124323704 0.872055717802 0.006508760161 3.327030330884 1.000777796663 1.140506430829 0.357279333916 0.127539251208 0.016210748792 0.129825572699 0.000401769504 0.873106527656 0.024477280290 3.048222598184 0.808451324082 1.063076293554 0.332159447801 
Arquivo CSV criado com sucesso em: dataset\decomposition_based\adaptative_walk\l10_r1.0\fv_15900
15900. Decomposition 0.040447666020 0.040447660218 0.003867685909 0.003867679540 0.893319342759 0.020338251463 3.607655915764 0.782019340463 1.311211281004 0.266608282035 -0.000373371974 0.000373371049 0.000123962486 0.000123962160 0.874363328798 0.008816371157 3.389785247608 1.063532713388 1.159621210020 0.376394113107 0.125714285714 0.018035714286 0.129358889922 0.000064913272 0.874074641265 0.025445393898 3.119990605841 0.880219331739 1.086111586625 0.355194740872 
Arquivo CSV criado com sucesso em: dataset\decomposition_based\adaptative_walk\l10_r1.0\fv_16200
16200. Decomposition 0.098754685098 0.088826192228 0.002578457273 0.003646484741 0.595546228506 0.421442069715 3.607655915764 0.782019340463 1.311211281004 0.266608282035 -0.000130557797 0.000459597209 0.000082774572 0.000117060691 0.583437261298 0.412627039041 3.383771148401 1.057518614181 1.157120490981 0.373893394068 0.267633053221 0.201242965429 0.086239259948 0.060980388547 0.582716427510 0.412566192053 3.119990605841 0.880219331739 1.086111586625 0.355194740872 
Arquivo CSV criado com sucesso em: dataset\decomposition_based\adaptative_walk\l10_r1.0\fv_16500
16500. Decomposition 0.097245158946 0.086848062059 0.003798873457 0.003159446205 0.595413655230 0.421629411102 2.905103943843 1.181042496726 0.886471942458 0.638900353824 -0.000297190763 0.000323649974 0.000177426589 0.000126299857 0.562173462885 0.442693524026 2.755847432267 1.238604106562 0.934320852379 0.438721861024 0.228968253968 0.146763830400 0.106114469016 0.032872618023 0.570552658555 0.429747406457 2.579993737227 1.048674060041 0.848023696164 0.444387844640 
Arquivo CSV criado com sucesso em: dataset\decomposition_based\adaptative_walk\l10_r1.0\fv_16800
16800. Decomposition 0.096526320498 0.085908710002 0.004211628387 0.003195187455 0.742378636446 0.214107348371 2.953824942772 1.123696006516 0.891796375906 0.631826222894 -0.000322529777 0.000313506236 0.000192097537 0.000139670697 0.546620781964 0.464685045374 2.918637084506 1.085478300574 0.771363105009 0.625152009580 0.227408008658 0.144568615424 0.110635169665 0.026479392170 0.363622928615 0.722186642963 2.700034256663 0.932336161697 0.559947581462 0.798627566487 
Arquivo CSV criado com sucesso em: dataset\decomposition_based\adaptative_walk\l10_r1.0\fv_17100
17100. Decomposition 0.095263928097 0.084263400444 0.004832093648 0.003439882932 0.837569092464 0.080572599546 2.989224024744 1.082875265316 0.932537280550 0.578078409854 -0.000347055469 0.000307370133 0.000177743715 0.000126567854 0.649174365394 0.319682428510 3.112842289880 0.944652655204 1.008227174018 0.370858400324 0.225870455709 0.142405669723 0.103561510942 0.036483041727 0.548870805559 0.460376709767 2.747588943636 0.891005075184 0.892483025799 0.398864523905 
Arquivo CSV criado com sucesso em: dataset\decomposition_based\adaptative_walk\l10_r1.0\fv_17400
17400. Decomposition 0.094651886262 0.083467780982 0.005147677839 0.003639970975 0.859563146500 0.050544283095 3.008220788973 1.061295328848 0.929842486450 0.581610664980 -0.000358042141 0.000305859577 0.000174063069 0.000123521870 0.681441935513 0.274065226262 3.239543795720 0.887224213347 1.108010942991 0.313083070168 0.222234432234 0.137292153315 0.104343597652 0.035377005298 0.599412903127 0.388985586074 2.784377584454 0.861275941977 0.950113021522 0.347994380293 
Arquivo CSV criado com sucesso em: dataset\decomposition_based\adaptative_walk\l10_r1.0\fv_17700
17700. Decomposition 0.093501442801 0.081976105906 0.005713444971 0.004097106668 0.881654252898 0.023407512142 3.019493820782 1.048604850513 0.937471430558 0.571620155630 -0.000388846397 0.000305822765 0.000181506702 0.000129823930 0.737031463594 0.195494935556 3.306038346655 0.870430079421 1.100971405491 0.315440886730 0.219154351396 0.132962211708 0.103586592967 0.036447570425 0.613560903558 0.369007398907 2.974324481137 0.747637136418 1.030663772605 0.300429341867 
Arquivo CSV criado com sucesso em: dataset\decomposition_based\adaptative_walk\l10_r1.0\fv_18000
18000. Decomposition 0.092950760684 0.081263924202 0.005980602217 0.004347581013 0.888011043300 0.018224134219 3.023023740565 1.044649411586 0.940655672454 0.567458869660 -0.000399036152 0.000307173489 0.000183692728 0.000131777235 0.739279108320 0.192318889009 3.369711901281 0.863689221355 1.065123601908 0.331849918814 0.215387043189 0.127668574283 0.105800512070 0.033316619624 0.646860569391 0.322000177478 2.984832472404 0.743679695868 0.922940767266 0.370618809393 
Arquivo CSV criado com sucesso em: dataset\decomposition_based\adaptative_walk\l10_r1.0\fv_18300
18300. Decomposition 0.091899197968 0.079907419916 0.006477996878 0.004857991017 0.896224819922 0.017106916052 3.028135059601 1.038937764271 0.948431837316 0.557319029124 -0.000417794951 0.000311393509 0.000185804209 0.000133704711 0.739192027783 0.192441937032 3.431090772545 0.866049675183 1.074703280330 0.326776233287 0.210222359059 0.120416306678 0.108110675040 0.030049560404 0.693665659045 0.255981341335 2.988623207460 0.742319900510 0.853561148780 0.438484072207 
Arquivo CSV criado com sucesso em: dataset\decomposition_based\adaptative_walk\l10_r1.0\fv_18600
18600. Decomposition 0.091402162913 0.079267881171 0.006701709811 0.005102549654 0.898399774366 0.018093771092 3.029488289285 1.037428764393 0.954603082501 0.549295426141 -0.000434065882 0.000316812274 0.000196147437 0.000143670588 0.772738901023 0.145051833741 3.338482969327 0.865832422905 0.973627869972 0.400670185249 0.205157168413 0.113310199083 0.112918574051 0.023250178086 0.759191996905 0.163791603358 2.936445525718 0.764134569859 0.695993342860 0.623292353180 
Arquivo CSV criado com sucesso em: dataset\decomposition_based\adaptative_walk\l10_r1.0\fv_18900
18900. Decomposition 0.090452733118 0.078049272572 0.007118149490 0.005577065268 0.901946380868 0.020606177588 3.034683478186 1.031648031559 0.965903408096 0.534660364048 -0.000452950646 0.000325036584 0.000202286413 0.000149947601 0.775862654977 0.140640848363 3.328305853072 0.867015884628 0.938070606699 0.434928979290 0.199174603175 0.104927091239 0.116945468640 0.017555308742 0.780070349143 0.134555784918 2.914778959249 0.775079149360 0.638453835655 0.696350338051 
Arquivo CSV criado com sucesso em: dataset\decomposition_based\adaptative_walk\l10_r1.0\fv_19200
19200. Decomposition 0.090001920999 0.077472084335 0.007308069158 0.005800439967 0.903288779020 0.021783991839 3.037871845390 1.028110211152 0.971923655522 0.526895470003 -0.000476250745 0.000337827713 0.000219287942 0.000168449798 0.821930023875 0.075680515829 3.197914784363 0.902579039383 0.861587787830 0.517568034834 0.192559523810 0.095673558025 0.121977991661 0.010438300984 0.839963870070 0.052523659464 2.791751497118 0.855573417638 0.647919730845 0.684202509671 
Arquivo CSV criado com sucesso em: dataset\decomposition_based\adaptative_walk\l10_r1.0\fv_19500
19500. Decomposition 0.089161362797 0.076398455386 0.007632661471 0.006190534062 0.904302028802 0.022737672861 3.044361792869 1.020932598338 0.988488349924 0.505654853817 -0.000500316232 0.000353786121 0.000228673737 0.000179228503 0.841762327371 0.047872901755 3.112325100989 0.944949553964 0.875840521837 0.501432304007 0.188295120517 0.089719450302 0.121832976371 0.010643380981 0.830458438839 0.065087568771 2.700215912612 0.932172534529 0.746881749266 0.560591325660 
Arquivo CSV criado com sucesso em: dataset\decomposition_based\adaptative_walk\l10_r1.0\fv_19800
19800. Decomposition 0.088767543190 0.075896617431 0.007773858829 0.006363097027 0.904611410877 0.023038762694 3.048873636262 1.015961664800 0.997411594357 0.494294585626 -0.000509914180 0.000360849950 0.000230235958 0.000181054744 0.842077519264 0.047433236142 3.085659327916 0.960887642366 0.904450883557 0.469980185167 0.184313561682 0.084170115130 0.124080396387 0.007465105302 0.847377847207 0.043093885952 2.661490679504 0.967971287219 0.759980191945 0.544823129545 
Arquivo CSV criado com sucesso em: dataset\decomposition_based\adaptative_walk\l10_r1.0\fv_20100
20100. Decomposition 0.088045839825 0.074978982237 0.007998072242 0.006640241903 0.904367796473 0.022801307871 3.060503831666 1.003221629969 1.019441406805 0.466525422330 -0.000531264681 0.000377840669 0.000237895584 0.000190126568 0.847477801518 0.039921269917 3.057950973497 0.978714115038 0.914031147284 0.459763386381 0.177704517705 0.074985508187 0.127418221702 0.002745031045 0.861960827343 0.026928318847 2.653251509560 0.975814949657 0.771891619068 0.530638526040 
Arquivo CSV criado com sucesso em: dataset\decomposition_based\adaptative_walk\l10_r1.0\fv_20400
20400. Decomposition 0.087714172653 0.074558170422 0.008087285695 0.006751494259 0.904237959863 0.022675876623 3.068385086453 0.994650133095 1.031277196458 0.451788483785 -0.000545367419 0.000389940812 0.000246278526 0.000200255716 0.858737095528 0.024509348502 3.031039668757 0.997197442681 0.893472072385 0.481890538062 0.174961038961 0.071185275190 0.128400773260 0.001356017784 0.866250979217 0.023538580164 2.651297959704 0.977685860112 0.786614336327 0.513328428170 
Arquivo CSV criado com sucesso em: dataset\decomposition_based\adaptative_walk\l10_r1.0\fv_20700
20700. Decomposition 0.087096789691 0.073776398371 0.008236361359 0.006938535896 0.904201742258 0.022641029557 3.088022966863 0.973519201526 1.054246829222 0.423613160394 -0.000563022260 0.000405962340 0.000250107715 0.000204944159 0.857181902148 0.026602312510 3.024445003920 1.001895355035 0.922227784888 0.451161479040 0.169712301587 0.063941448175 0.130206259269 0.001199532733 0.871316535831 0.021139055599 2.654646246215 0.974481807962 0.812481290562 0.483586545659 
Arquivo CSV criado com sucesso em: dataset\decomposition_based\adaptative_walk\l10_r1.0\fv_21000
21000. Decomposition 0.086808811671 0.073412445336 0.008298750592 0.007017214438 0.904354921337 0.022788834346 3.099437538331 0.961392048487 1.065250842115 0.410340987103 -0.000575092555 0.000417421886 0.000256082863 0.000212329211 0.865567717707 0.015665905107 3.007552392271 1.014221302849 0.916605723504 0.457047284388 0.167536405530 0.060951106675 0.130663698583 0.001846039122 0.872712928423 0.020865136092 2.661731681206 0.967743009271 0.828213447607 0.465974000898 
Arquivo CSV criado com sucesso em: dataset\decomposition_based\adaptative_walk\l10_r1.0\fv_21300
21300. Decomposition 0.086269963970 0.072732671180 0.008403277684 0.007149532538 0.904458306398 0.022889211512 3.124648358460 0.935037664160 1.086373907123 0.385344443436 -0.000593903491 0.000436013481 0.000262737470 0.000220644038 0.872564071889 0.008659646340 3.010178376232 1.012278057186 0.920654477679 0.452802235321 0.162698412698 0.054336997440 0.132551849674 0.004515838029 0.881195340894 0.023087964546 2.702361475221 0.930243102347 0.828355035344 0.465817291169 
Arquivo CSV criado com sucesso em: dataset\decomposition_based\adaptative_walk\l10_r1.0\fv_21600
21600. Decomposition 0.086017470148 0.072414705513 0.008446858591 0.007204878550 0.904485426908 0.022915624629 3.138211052845 0.921118771503 1.096505448993 0.373609206657 -0.000597858664 0.000440027235 0.000260270407 0.000217551063 0.860664330803 0.021944591613 3.029429836266 0.998338257905 0.945860404421 0.427152387052 0.161868657299 0.053208412517 0.131311956392 0.002762561569 0.872505279891 0.020894285599 2.687325331442 0.943886925071 0.880775083777 0.410408367482 
Arquivo CSV criado com sucesso em: dataset\decomposition_based\adaptative_walk\l10_r1.0\fv_21900
21900. Decomposition 0.085543027538 0.071818234028 0.008519348401 0.007297160948 0.904569535275 0.022997753042 3.166842092142 0.892376874849 1.115987189413 0.351584332095 -0.000611137875 0.000453747860 0.000261974201 0.000219685855 0.858474335954 0.024861678000 3.048988813586 0.984744723081 0.965297329426 0.408399025508 0.158486291486 0.048629895310 0.131594939185 0.003162695332 0.872778183043 0.020856821145 2.713233038321 0.920558246635 0.910743271853 0.381597904799 
Arquivo CSV criado com sucesso em: dataset\decomposition_based\adaptative_walk\l10_r1.0\fv_22200
22200. Decomposition 0.085319409572 0.071537558086 0.008549706310 0.007335888500 0.904643326285 0.023070071250 3.181737779450 0.877790037683 1.125276869152 0.341364704855 -0.000620737692 0.000463887568 0.000264981259 0.000223467220 0.866770148432 0.014219556987 3.040721831731 0.990418807152 0.976780457334 0.397797145402 0.156557628869 0.046037828218 0.132049445894 0.003805389866 0.875434976669 0.020864956392 2.724743735214 0.910474725327 0.919676470693 0.373510595466 
Arquivo CSV criado com sucesso em: dataset\decomposition_based\adaptative_walk\l10_r1.0\fv_22500
22500. Decomposition 0.084893714116 0.071004069325 0.008603748046 0.007404944237 0.904854951042 0.023278820817 3.212037909568 0.848958212296 1.142516660832 0.322958821601 -0.000631401516 0.000475352175 0.000264909439 0.000223376708 0.863699505230 0.018001444539 3.069911549728 0.970865305582 0.998767526331 0.378614363495 0.152698412698 0.040904085510 0.133225300333 0.005468186910 0.881387142454 0.023207557556 2.756163358034 0.883891724406 0.923106824201 0.370472636562 
Arquivo CSV criado com sucesso em: dataset\decomposition_based\adaptative_walk\l10_r1.0\fv_22800
22800. Decomposition 0.084692637364 0.070752459013 0.008625821310 0.007433191442 0.904908052196 0.023331509907 3.227540935690 0.834672168414 1.150878652328 0.314324282129 -0.000640862644 0.000485689269 0.000268319908 0.000227685040 0.870223177434 0.010498464518 3.063791509044 0.974852648061 1.003887887537 0.374376782045 0.151203524145 0.038939190345 0.133271502040 0.005533522958 0.879214983075 0.022011170080 2.765764046560 0.876057622865 0.938677449183 0.357186952536 
Arquivo CSV criado com sucesso em: dataset\decomposition_based\adaptative_walk\l10_r1.0\fv_23100
23100. Decomposition 0.084320602698 0.070287585131 0.008652326780 0.007467141792 0.904687475760 0.023113456634 3.260382117795 0.805543924366 1.168606845805 0.296746862791 -0.000650141702 0.000495968797 0.000267632668 0.000226815206 0.866718400798 0.014280648657 3.097913990032 0.953410916765 1.024890802893 0.358004042215 0.147605820106 0.034283181726 0.134298205094 0.006985447579 0.882686153861 0.024082393544 2.790326409154 0.856668555004 0.943456287618 0.353284500035 
Arquivo CSV criado com sucesso em: dataset\decomposition_based\adaptative_walk\l10_r1.0\fv_23400
23400. Decomposition 0.084146329115 0.070070120527 0.008660248029 0.007477294521 0.904698244263 0.023124051993 3.277446791900 0.791061921432 1.177456108933 0.288387834021 -0.000657537685 0.000504256721 0.000269471753 0.000229144762 0.870514968577 0.010228917428 3.101677802837 0.951166156594 1.032438638304 0.352545943378 0.146433990381 0.032794364092 0.134105132075 0.006712409277 0.880869260915 0.022890589612 2.804289266245 0.846084345455 0.960613667010 0.340012242354 
Arquivo CSV criado com sucesso em: dataset\decomposition_based\adaptative_walk\l10_r1.0\fv_23700
23700. Decomposition 0.083814736398 0.069656880955 0.008671540509 0.007491773359 0.904794037025 0.023218531364 3.312060406747 0.763188209077 1.194345319127 0.273316587113 -0.000665380534 0.000513132083 0.000267735565 0.000226945389 0.870745957191 0.010022447875 3.142156991867 0.928611085170 1.058754043581 0.335483873482 0.143638583639 0.029315847342 0.134415093624 0.007150748276 0.882707185734 0.024097448588 2.832529004839 0.825707207235 0.976164946247 0.329067465356 
Arquivo CSV criado com sucesso em: dataset\decomposition_based\adaptative_walk\l10_r1.0\fv_24000
24000. Decomposition 0.083658635582 0.069462588917 0.008673361117 0.007494108248 0.904760446216 0.023185354824 3.329859321907 0.749696423687 1.202717697867 0.266323798906 -0.000672672102 0.000521459712 0.000270204598 0.000230074673 0.873192031484 0.008322734415 3.143256425653 0.928040090698 1.057836955174 0.336023740802 0.142797619048 0.028293789933 0.134020316202 0.006592465326 0.879963172945 0.022382917395 2.852361405416 0.812265243512 0.993887425384 0.317992863330 
Arquivo CSV criado com sucesso em: dataset\decomposition_based\adaptative_walk\l10_r1.0\fv_24300
24300. Decomposition 0.083363337483 0.069095478812 0.008671321110 0.007491491995 0.904770079580 0.023194864285 3.366225964154 0.724071595660 1.219152706723 0.253645841474 -0.000683886754 0.000534402951 0.000272504882 0.000232999349 0.875978942807 0.007931534388 3.162003927536 0.918653986399 1.062436120843 0.333358325702 0.140039682540 0.025045797684 0.134447993053 0.007197273825 0.883247867136 0.024493703807 2.878548520236 0.795683737034 1.005034377512 0.311858777286 
Arquivo CSV criado com sucesso em: dataset\decomposition_based\adaptative_walk\l10_r1.0\fv_24600
24600. Decomposition 0.140836866231 0.116147571711 0.006503490833 0.007496019181 0.678577559685 0.392291561808 3.366225964154 0.724071595660 1.219152706723 0.253645841474 -0.000565309080 0.000505501648 0.000203932836 0.000233056600 0.656200646426 0.378918639891 3.164577671923 0.917417738267 1.066134082909 0.331292267229 0.220938852814 0.141790324914 0.100835994790 0.058550404308 0.662435900352 0.383045336964 2.878548520236 0.795683737034 1.005034377512 0.311858777286 
Arquivo CSV criado com sucesso em: dataset\decomposition_based\adaptative_walk\l10_r1.0\fv_24900
24900. Decomposition 0.139174175539 0.113688996072 0.007866393197 0.006635929932 0.678562375128 0.392317827732 2.899669473115 1.022856116334 0.910799230267 0.577492648438 -0.000530826643 0.000532471731 0.000274746904 0.000201188091 0.551921443530 0.559515819995 2.748433253942 1.072739488280 0.974536266503 0.327851192854 0.231696428571 0.160229043140 0.121760794006 0.022841751726 0.526891345897 0.617591990585 2.533911390177 0.911679061557 0.930079462196 0.299660876188 
Arquivo CSV criado com sucesso em: dataset\decomposition_based\adaptative_walk\l10_r1.0\fv_25200
25200. Decomposition 0.138359260692 0.112491304567 0.008343432616 0.006512631713 0.792356350339 0.195739727348 2.930519024864 0.981188752263 0.919651167973 0.563343301028 -0.000617089937 0.000476334438 0.000240369470 0.000208415478 0.740216192219 0.233437487442 2.633644288998 1.215282786506 0.801696548037 0.540460502065 0.214636243386 0.131013013310 0.105722009044 0.050143763668 0.536065749279 0.601711081020 2.725491669207 0.738318126539 0.486320047976 0.938155418748 
Arquivo CSV criado com sucesso em: dataset\decomposition_based\adaptative_walk\l10_r1.0\fv_25500
25500. Decomposition 0.136840941719 0.110273303019 0.009151760068 0.006540971182 0.865986794197 0.070113700317 2.952487935377 0.952232758364 0.941813347799 0.528207837597 -0.000645129711 0.000467013434 0.000273197505 0.000201140452 0.716848154856 0.273897477209 2.739731471809 1.082923986769 0.690892636847 0.710446587206 0.213154761905 0.128483125265 0.114806760398 0.034585902093 0.443066133935 0.762712154666 2.829560958201 0.694286540801 0.539972802580 0.849581501777 
Arquivo CSV criado com sucesso em: dataset\decomposition_based\adaptative_walk\l10_r1.0\fv_25800
25800. Decomposition 0.136149775594 0.109269680331 0.009483035988 0.006638409626 0.878511973096 0.049718867296 2.958151901431 0.944871990659 0.955073849769 0.507410177019 -0.000671853023 0.000462722141 0.000296669628 0.000205649125 0.784353659659 0.157037383477 2.857395218125 0.956203252258 0.664412405026 0.752633273374 0.203111772487 0.111376544106 0.116489168139 0.031723945842 0.738694149000 0.251271344219 2.537032057419 0.908149183868 0.690592964808 0.607916218566 
Arquivo CSV criado com sucesso em: dataset\decomposition_based\adaptative_walk\l10_r1.0\fv_26100
26100. Decomposition 0.134894510206 0.107457080646 0.010035921368 0.006904943216 0.891027971485 0.031145431472 2.974052538495 0.924451050142 0.978328668503 0.471424237631 -0.000714508263 0.000465426110 0.000330317187 0.000225136744 0.823810513842 0.088809526127 3.060579331036 0.814670758397 0.610991662683 0.838915843701 0.195353835979 0.098231541260 0.123194757415 0.020463540746 0.811410219623 0.126221626297 2.897864720039 0.689894052562 0.560497697313 0.815953738183 
Arquivo CSV criado com sucesso em: dataset\decomposition_based\adaptative_walk\l10_r1.0\fv_26400
26400. Decomposition 0.134307892506 0.106614642305 0.010288638369 0.007066752053 0.895068226302 0.026189294912 2.983445084719 0.912564168546 0.985260350917 0.460835178764 -0.000724812336 0.000467829893 0.000322084098 0.000219099743 0.838612258678 0.063277869427 2.793746060052 1.021660282556 0.756845073525 0.607696469237 0.195744384546 0.098891407428 0.118533250729 0.028261062127 0.811178657757 0.126617016890 2.547601079594 0.896333131396 0.804843270560 0.439512639905 
Arquivo CSV criado com sucesso em: dataset\decomposition_based\adaptative_walk\l10_r1.0\fv_26700
26700. Decomposition 0.133208017671 0.105043397334 0.010748102887 0.007418281935 0.900358226062 0.021491734488 2.998959610646 0.893232041514 0.996509644234 0.443803965165 -0.000744102865 0.000474106868 0.000321516982 0.000218711995 0.823602298061 0.089169112006 2.787609148923 1.028376041078 0.829439208837 0.500389163532 0.185550595238 0.081756947779 0.131208929962 0.008386009302 0.891357071209 0.025440788446 3.290405247011 0.991822739810 0.447423992772 1.002860880799 
Arquivo CSV criado com sucesso em: dataset\decomposition_based\adaptative_walk\l10_r1.0\fv_27000
27000. Decomposition 0.132697537576 0.104317921713 0.010948477695 0.007592638906 0.901828716375 0.020723323802 3.005103250655 0.885685383951 1.002907469026 0.434209820424 -0.000770670099 0.000486389838 0.000338468438 0.000231824093 0.861624322771 0.024035341654 2.776982025384 1.040159908625 0.835162487451 0.492300272669 0.187442765568 0.084921291959 0.122590781974 0.021462314103 0.861807195825 0.042767549655 2.613819972746 0.827694429487 0.804601973629 0.439842435772 
Arquivo CSV criado com sucesso em: dataset\decomposition_based\adaptative_walk\l10_r1.0\fv_27300
27300. Decomposition 0.131763930843 0.102997530101 0.011278564546 0.007904745046 0.903436053841 0.020219796510 3.017351943162 0.870832362915 1.019074112092 0.410300489594 -0.000794893089 0.000501021643 0.000343646163 0.000236411824 0.860837609459 0.025345230814 2.785419891680 1.030787731214 0.884175702178 0.426195356263 0.184085317460 0.079312816448 0.124620067165 0.018127739645 0.828455866918 0.097244259514 2.686531230264 0.765144676503 0.747612608770 0.521286700189 
Arquivo CSV criado com sucesso em: dataset\decomposition_based\adaptative_walk\l10_r1.0\fv_27600
27600. Decomposition 0.131320149061 0.102372878364 0.011436074329 0.008063710084 0.904773713562 0.020087342694 3.024889382671 0.861824658679 1.024473526425 0.402432738973 -0.000813120158 0.000514018774 0.000354658749 0.000246970355 0.874944274421 0.006799988100 2.807961531432 1.006363102882 0.867849190327 0.447511587138 0.179331946371 0.071429090552 0.126718988231 0.014766960063 0.874599675110 0.025967861302 2.621435172378 0.820461015513 0.801562298709 0.444009665756 
