
Multi Random walk:
Arquivo CSV criado com sucesso em: dataset\decomposition_based\random_walk\l5\fv_300
300. Decomposition 0.464248875037 0.326562565518 0.003181268360 0.002295938135 0.426850799282 0.226756443921 1.846220607257 0.421235829918 -0.075574213244 0.554002780356 -0.000034381629 0.000587583714 0.000837663829 0.000474619421 -0.142544611034 0.336870931585 2.453787898710 0.693598876071 -0.245871486565 0.963490003043 0.498888888889 0.104804344458 0.132118346382 0.066973750754 -0.045329374744 0.304538045507 2.089334133887 0.557942432551 -0.113134557155 0.671656401256 

Multi adaptive decomposition walk:
Arquivo CSV criado com sucesso em: dataset\decomposition_based\adaptative_walk\l5_r0.05\fv_300
300. Decomposition 0.099007718533 0.081712887915 0.003345712684 0.002878278044 0.815020068288 0.045166965986 1.926806600088 0.189365013831 0.403980693342 0.166714767489 -0.000141836014 0.000099372654 0.000312506726 0.000229235651 0.485910025503 0.448251030315 2.920159588282 0.684596648232 -0.734514875256 0.495483686868 0.350992063492 0.066904220563 0.157133281420 0.018508240373 0.172262076581 0.625784610828 2.705901095975 0.573694492967 -0.206559913458 0.628967080085 
Arquivo CSV criado com sucesso em: dataset\decomposition_based\adaptative_walk\l5_r0.05\fv_600
600. Decomposition 0.142495772310 0.105248323338 0.007241465210 0.006092409421 0.864428944696 0.076965766866 1.929673538721 0.216574640339 0.440946731698 0.144589860963 -0.000524089567 0.000460442365 0.000496503481 0.000349377178 0.436126593553 0.402473010721 2.384256634342 0.712617428844 -0.311275036795 0.560742883241 0.312596288515 0.048247955391 0.156808459803 0.015768001530 0.321259810862 0.371322856958 2.822580554747 0.351735592984 0.010537641825 0.625145409001 
Arquivo CSV criado com sucesso em: dataset\decomposition_based\adaptative_walk\l5_r0.05\fv_900
900. Decomposition 0.189106747947 0.133403521387 0.010995202472 0.008938799644 0.882237385796 0.077486471919 1.954832262791 0.122516849298 0.439609461080 0.145946368566 -0.000705665634 0.000550572641 0.000570984172 0.000345556270 0.374256542118 0.389477159136 2.651221743941 0.706579501968 -0.100221663878 0.637502958736 0.300604981123 0.051944004961 0.153319830871 0.016867345783 0.330447852663 0.312152646639 3.247153113305 0.731307842983 0.273754204378 0.731592344370 
Arquivo CSV criado com sucesso em: dataset\decomposition_based\adaptative_walk\l5_r0.05\fv_1200
1200. Decomposition 0.238903596731 0.165176112907 0.016150187748 0.014008713574 0.893340294341 0.074901360815 1.945574250034 0.115254661360 0.434392092878 0.125080384673 -0.000859238400 0.000598604705 0.000769267799 0.000520207641 0.365900681311 0.347496324537 2.827330970195 0.761905838423 -0.240396199985 0.589478205136 0.304836359831 0.051824820705 0.156767544150 0.012704674562 0.308086908627 0.289935484452 3.088965280492 0.489365569465 0.197175831339 0.605699707335 
