
Multi Random walk:
Arquivo CSV criado com sucesso em: dataset\decomposition_based\random_walk\l100\fv_300
300. Decomposition 0.524139023960 0.000000000000 0.153039741129 0.000000000000 0.711107373500 0.000000000000 2.015986416145 0.000000000000 -0.623753941079 0.000000000000 0.004005942940 0.000000000000 0.034760074203 0.000000000000 -0.032059934670 0.000000000000 2.160286538515 0.000000000000 -0.374058190267 0.000000000000 0.436296296296 0.000000000000 0.092091980023 0.000000000000 -0.119158792801 0.000000000000 3.863793012445 0.000000000000 -0.681297202215 0.000000000000 
Arquivo CSV criado com sucesso em: dataset\decomposition_based\random_walk\l100\fv_600
600. Decomposition 0.408380588953 0.000000000000 0.236055549176 0.000000000000 0.990219209493 0.000000000000 1.971446452644 0.000000000000 0.712660501251 0.000000000000 0.011149918450 0.000000000000 0.022575412693 0.000000000000 0.552151690524 0.000000000000 2.272534054237 0.000000000000 0.280013521319 0.000000000000 0.509259259259 0.000000000000 0.165789874778 0.000000000000 0.676654893472 0.000000000000 2.451849429232 0.000000000000 0.559617467825 0.000000000000 
Arquivo CSV criado com sucesso em: dataset\decomposition_based\random_walk\l100\fv_900
900. Decomposition 0.490336274058 0.000000000000 0.233826452783 0.000000000000 0.946874946957 0.000000000000 1.461437466558 0.000000000000 -0.010545818412 0.000000000000 0.013790652287 0.000000000000 0.021443267655 0.000000000000 0.478333891282 0.000000000000 2.287180642410 0.000000000000 0.021646029317 0.000000000000 0.541975308642 0.000000000000 0.159726083928 0.000000000000 0.625858642259 0.000000000000 2.061506346246 0.000000000000 0.121225837151 0.000000000000 
Arquivo CSV criado com sucesso em: dataset\decomposition_based\random_walk\l100\fv_1200
1200. Decomposition 0.436995829566 0.000000000000 0.223812675505 0.000000000000 0.944027276187 0.000000000000 1.676240244563 0.000000000000 0.472257967830 0.000000000000 0.011705524009 0.000000000000 0.020237181787 0.000000000000 0.428832049865 0.000000000000 2.452388644166 0.000000000000 0.180610665597 0.000000000000 0.537314814815 0.000000000000 0.150072313388 0.000000000000 0.506247848586 0.000000000000 2.200346225372 0.000000000000 0.107819754938 0.000000000000 
Arquivo CSV criado com sucesso em: dataset\decomposition_based\random_walk\l100\fv_1500
1500. Decomposition 0.440653632097 0.000000000000 0.203851945667 0.000000000000 0.933836831793 0.000000000000 1.926638279952 0.000000000000 0.455574133172 0.000000000000 0.013271038222 0.000000000000 0.019861365947 0.000000000000 0.373882571532 0.000000000000 2.345015399074 0.000000000000 0.064390791793 0.000000000000 0.540740740741 0.000000000000 0.148036068715 0.000000000000 0.433505143883 0.000000000000 2.145985370296 0.000000000000 0.057396575479 0.000000000000 
Arquivo CSV criado com sucesso em: dataset\decomposition_based\random_walk\l100\fv_1800
1800. Decomposition 0.410734058045 0.000000000000 0.199387757538 0.000000000000 0.933325978837 0.000000000000 2.222881202371 0.000000000000 0.695354494227 0.000000000000 0.011905646321 0.000000000000 0.020153535726 0.000000000000 0.249720831432 0.000000000000 2.452242978253 0.000000000000 -0.016504169928 0.000000000000 0.539074074074 0.000000000000 0.146547955138 0.000000000000 0.301641010778 0.000000000000 2.129804288652 0.000000000000 0.002861152204 0.000000000000 
Arquivo CSV criado com sucesso em: dataset\decomposition_based\random_walk\l100\fv_2100
2100. Decomposition 0.490290776070 0.490289872641 0.002776939908 0.002776498008 0.442832311826 0.486490524321 2.340040827368 0.120176429953 0.232495860335 0.571188195661 -0.000163379598 0.000163405454 0.000690935030 0.000690891156 -0.271965941459 0.526179494343 2.173224123452 0.447662670456 0.162817663822 0.114139471143 0.507573529412 0.029926470588 0.102149710104 0.038451676803 0.018039775976 0.284465954796 2.277542195609 0.001688923693 0.348937063080 0.311329314924 
Arquivo CSV criado com sucesso em: dataset\decomposition_based\random_walk\l100\fv_2400
2400. Decomposition 0.478279567715 0.478278704001 0.009712746355 0.009712323881 0.902659556751 0.026663279396 1.956853816733 0.503363440588 0.428102820573 0.375581235424 0.000347923629 0.000347898909 0.000833796996 0.000833755051 0.219137258438 0.035076294446 2.478849868770 0.142036925137 0.181458786396 0.132780593717 0.548014705882 0.010514705882 0.137135490815 0.003465896091 0.189173564202 0.113332166570 2.630161925823 0.350930806521 0.442399882984 0.404792134828 
Arquivo CSV criado com sucesso em: dataset\decomposition_based\random_walk\l100\fv_2700
2700. Decomposition 0.473739132324 0.473738268611 0.010466990992 0.010466568518 0.943726439027 0.014403602880 2.278781672707 0.181435584614 0.479512956115 0.324171099881 0.000249816112 0.000249791392 0.000818676905 0.000818634960 0.233516408183 0.020697144701 2.540772649171 0.080114144736 0.115223870828 0.066545678149 0.543203781513 0.005703781513 0.128184026046 0.012417360860 0.182092795183 0.120412935589 2.932597524818 0.653366405517 0.452908367085 0.415300618929 
Arquivo CSV criado com sucesso em: dataset\decomposition_based\random_walk\l100\fv_3000
3000. Decomposition 0.468152637345 0.468151773632 0.012593371492 0.012592949018 0.941104427118 0.011781590971 2.239856567842 0.220360689479 0.549878695093 0.253805360903 -0.000095453839 0.000095478559 0.000966355269 0.000966313324 0.354480974392 0.100267421509 2.526789208363 0.094097585544 0.048213743925 0.000464448754 0.515455882353 0.022044117647 0.137147339206 0.003454047700 0.388077247853 0.085571517080 2.798673832219 0.519442712917 0.328068401437 0.290460653281 
Arquivo CSV criado com sucesso em: dataset\decomposition_based\random_walk\l100\fv_3300
3300. Decomposition 0.468562270881 0.468561407167 0.011460244943 0.011459822469 0.929134087642 0.000188748505 2.375588324375 0.084628932947 0.522108225322 0.281575830674 -0.000086577589 0.000086602309 0.000990229058 0.000990187113 0.254420581163 0.000207028279 2.551088688878 0.069798105030 0.004994242749 0.043683949930 0.514609728507 0.022890271493 0.136975235551 0.003626151355 0.324536472663 0.022030741891 2.676976255983 0.397745136681 0.317864422690 0.280256674534 
Arquivo CSV criado com sucesso em: dataset\decomposition_based\random_walk\l100\fv_3600
3600. Decomposition 0.468222317802 0.468221454088 0.010593660897 0.010593238423 0.924570483107 0.004752353040 2.538248653443 0.078031396122 0.560200342573 0.243483713424 -0.000076254087 0.000076278807 0.001002418505 0.001002376560 0.265029871384 0.010816318500 2.462496813458 0.158389980449 0.012653003646 0.036025189033 0.515533088235 0.021966911765 0.136190224045 0.004411162861 0.288974222931 0.013531507842 2.594943640521 0.315712521220 0.236373886192 0.198766138036 
Arquivo CSV criado com sucesso em: dataset\decomposition_based\random_walk\l100\fv_3900
3900. Decomposition 0.469180023145 0.469179159432 0.010114150570 0.010113728096 0.921278218268 0.008044617879 2.561098722702 0.100881465380 0.458108105626 0.345575950370 -0.000028737432 0.000028762152 0.000996348668 0.000996306723 0.230572407163 0.023641145721 2.546969726613 0.073917067294 -0.076129017670 0.124807210349 0.518378482972 0.019121517028 0.136211570330 0.004389816577 0.257007559656 0.045498171116 2.613581874110 0.334350754809 0.111181878468 0.073574130312 
Arquivo CSV criado com sucesso em: dataset\decomposition_based\random_walk\l100\fv_4200
4200. Decomposition 0.498672395220 0.398882719366 0.005742516063 0.004489231952 0.664447755679 0.363367690699 2.233874471398 0.538558811291 0.204576398951 0.441451527907 -0.000748369202 0.001063919503 0.001184387750 0.001003532136 0.141613022174 0.133967920023 2.374665519149 0.249522957923 0.043181641049 0.243326886388 0.488250000000 0.049090477692 0.134904513362 0.004046781576 0.145973134102 0.175365759430 2.300061755207 0.444678560451 0.173511220978 0.142748643679 
Arquivo CSV criado com sucesso em: dataset\decomposition_based\random_walk\l100\fv_4500
4500. Decomposition 0.478848568918 0.385649940020 0.010010046517 0.008026281401 0.928592204960 0.012141888462 2.262109828177 0.499683971305 0.340218793167 0.330396281435 -0.000255870648 0.000367135306 0.001132443364 0.000963978919 0.184060548439 0.074626433847 2.363858878958 0.264362580910 -0.157177785818 0.145577209755 0.509500000000 0.021575449010 0.136504148644 0.003296574424 0.160992171797 0.154431931557 2.377907872775 0.355997769078 0.033964455464 0.065402857303 
Arquivo CSV criado com sucesso em: dataset\decomposition_based\random_walk\l100\fv_4800
4800. Decomposition 0.469221210398 0.380414577920 0.013172434734 0.012237752140 0.936953447652 0.023012764743 2.320021732461 0.420569608762 0.299292500758 0.356751838542 -0.000093855445 0.000137855753 0.001033685949 0.000855132001 0.219216516934 0.027813289294 2.577002755887 0.075718480680 -0.204900189288 0.189251746014 0.513875000000 0.017011944333 0.131543350086 0.007829442713 0.209907850017 0.087284350863 2.580521594877 0.235748643819 0.040753226070 0.057080937654 
Arquivo CSV criado com sucesso em: dataset\decomposition_based\random_walk\l100\fv_5100
5100. Decomposition 0.463474818274 0.377272285145 0.013846477002 0.013250688248 0.931774202462 0.016121484322 2.377860435460 0.342863350495 0.209564747119 0.436375552594 0.000051834181 0.000068374688 0.001006490697 0.000830027476 0.227145577226 0.019371270072 2.636471543451 0.142329323832 -0.256776089806 0.249090296038 0.522833333333 0.012950761453 0.131464309727 0.007930978465 0.242836775149 0.045634996885 2.576113158385 0.235325507427 -0.024633344981 0.144009450688 
Arquivo CSV criado com sucesso em: dataset\decomposition_based\random_walk\l100\fv_5400
5400. Decomposition 0.462798234127 0.376446507623 0.012871203364 0.011943586119 0.930110769760 0.014001835960 2.470520985368 0.224514284283 0.267020330174 0.382461870997 0.000122125705 0.000167746182 0.001014905307 0.000840452510 0.191658403122 0.064139986090 2.710640018399 0.241237442814 -0.202546998674 0.186766201817 0.527714285714 0.015379220012 0.132982956420 0.006043715659 0.207587423169 0.090400523974 2.520177379598 0.244130589716 -0.016582058410 0.132902370504 
Arquivo CSV criado com sucesso em: dataset\decomposition_based\random_walk\l100\fv_5700
5700. Decomposition 0.463646961845 0.377482486810 0.012257709937 0.011130281893 0.928730058982 0.012306868213 2.558271383474 0.135935907003 0.190519321088 0.456038753365 0.000161329113 0.000223182069 0.001009080079 0.000833231305 0.193991299639 0.060938234453 2.688064535586 0.210519500692 -0.203445969121 0.187712654797 0.531901960784 0.019274325294 0.134142344922 0.004754101743 0.230864787814 0.059945716346 2.488389098364 0.259954036868 -0.017977703900 0.134824383887 
Arquivo CSV criado com sucesso em: dataset\decomposition_based\random_walk\l100\fv_6000
6000. Decomposition 0.464002039849 0.377916192742 0.011679273895 0.010371517564 0.926497731838 0.009772060433 2.672407943015 0.151773532548 0.149714611809 0.500451362393 0.000156353746 0.000216146439 0.000983231803 0.000801425337 0.204186323828 0.047104313268 2.709317152712 0.239428727917 -0.205151209980 0.189518410400 0.531791666667 0.019158422140 0.132356100770 0.006804034137 0.233801963807 0.056300321281 2.516169112884 0.245729129050 -0.014270148195 0.129721941112 
Arquivo CSV criado com sucesso em: dataset\decomposition_based\random_walk\l100\fv_6300
6300. Decomposition 0.484092758980 0.364244560303 0.007398393208 0.006260089630 0.812278929006 0.198013698098 2.660014202687 0.133181148383 0.085821777029 0.447309241576 0.000376101717 0.000486024087 0.001048408835 0.000803348326 0.097526210736 0.190066944936 2.643091663012 0.234266811947 -0.258980853250 0.189313499164 0.536805555556 0.018728753394 0.125612570935 0.012958346785 0.069700746194 0.288401144127 2.469004493640 0.229608178625 -0.046110903433 0.125228981671 
Arquivo CSV criado com sucesso em: dataset\decomposition_based\random_walk\l100\fv_6600
6600. Decomposition 0.480636885387 0.360711239818 0.008761409272 0.006287267647 0.917395549274 0.017893268458 2.659700590790 0.133269780102 -0.017451791376 0.521222115468 0.000408016040 0.000540196827 0.001009542715 0.000752603943 0.131010919044 0.133934466327 2.636380212589 0.240051737893 -0.235841912991 0.171157560318 0.541388888889 0.023560697814 0.124355626013 0.014920598733 0.158105088811 0.139897968267 2.605189226324 0.256437277147 -0.040286741090 0.121162591726 
Arquivo CSV criado com sucesso em: dataset\decomposition_based\random_walk\l100\fv_6900
6900. Decomposition 0.478387402191 0.357663990627 0.010022865085 0.007082596484 0.924018999246 0.009489584796 2.471055647328 0.372699134454 0.073890660604 0.452864758311 0.000265541674 0.000305542979 0.001024848804 0.000773362716 0.138200775944 0.122109172489 2.543646313528 0.351004084624 -0.141139914539 0.189706133438 0.533657407407 0.016835403552 0.127305218666 0.010451228623 0.151056337005 0.151401458043 2.529604618047 0.211615874179 -0.042201987340 0.122423003233 
Arquivo CSV criado com sucesso em: dataset\decomposition_based\random_walk\l100\fv_7200
7200. Decomposition 0.477184226172 0.356040911416 0.010592779212 0.007622232836 0.933442358392 0.014707256297 2.519300618715 0.295976286465 0.059226281904 0.460872095204 0.000166224223 0.000164490718 0.001047641891 0.000804902002 0.200536667994 0.040762960257 2.558810861975 0.330077227173 -0.122348255073 0.209080864711 0.528055555556 0.017625607423 0.128670302837 0.008626567911 0.217471779210 0.056367118126 2.599942135786 0.251389190236 -0.051064811870 0.129207948578 
Arquivo CSV criado com sucesso em: dataset\decomposition_based\random_walk\l100\fv_7500
7500. Decomposition 0.476391747392 0.354974490091 0.011062397567 0.008130299228 0.928597349497 0.009211137649 2.546731217829 0.254283939027 0.029728677138 0.480654291719 0.000134449913 0.000135433830 0.001026222124 0.000775242419 0.200483061335 0.040779852754 2.610490040967 0.265973521700 -0.122342521548 0.209087275352 0.525472222222 0.019663547304 0.129271567347 0.007914034206 0.205846804269 0.068720559989 2.643068179623 0.298608722615 -0.079178525931 0.158836585875 
Arquivo CSV criado com sucesso em: dataset\decomposition_based\random_walk\l100\fv_7800
7800. Decomposition 0.476898069655 0.355655594643 0.010844264010 0.007887947578 0.927258859751 0.008564918034 2.613212124314 0.166699846256 -0.017744141031 0.521503572662 0.000124257697 0.000129730706 0.001023255884 0.000771185894 0.198635500384 0.041485037886 2.608976614063 0.267643609316 -0.141132369515 0.189713189054 0.525740740741 0.019413692614 0.129867675962 0.007286189533 0.200924854709 0.074973999742 2.587162666838 0.240091681199 -0.080755209667 0.160773522853 
Arquivo CSV criado com sucesso em: dataset\decomposition_based\random_walk\l100\fv_8100
8100. Decomposition 0.498733732552 0.345238744540 0.010480555225 0.006683435109 0.883917926642 0.089233619451 2.374701285885 0.558497398827 -0.003555266234 0.454999934772 -0.000018118749 0.000237495955 0.000888777885 0.000572317376 0.160470667085 0.075542864128 2.345216564437 0.561076340876 -0.011329174409 0.296861655792 0.522800000000 0.018310106499 0.111539593214 0.037600786503 0.139992512425 0.134453878871 2.417833663590 0.347652936270 -0.120423690429 0.169202202573 
Arquivo CSV criado com sucesso em: dataset\decomposition_based\random_walk\l100\fv_8400
8400. Decomposition 0.498534871029 0.344971153991 0.009288979186 0.005798174394 0.839494452328 0.177896883604 2.598120347497 0.157868469811 0.035914439789 0.461969911265 -0.000306733711 0.000801910431 0.001071748354 0.000745942125 0.171703310100 0.057913739324 2.788615774932 0.461706584762 -0.281518188750 0.353899635506 0.504871428571 0.045606645595 0.128389320560 0.007181020827 0.172520444379 0.086866250590 2.835330413189 0.584280059156 -0.305469881743 0.498198356060 
Arquivo CSV criado com sucesso em: dataset\decomposition_based\random_walk\l100\fv_8700
8700. Decomposition 0.496023391456 0.343700289954 0.009505762504 0.005893354869 0.877427621886 0.102167487161 2.497950857733 0.322821234196 -0.046883294447 0.462988943153 -0.000219135900 0.000626889935 0.001049134212 0.000720655664 0.162423280444 0.072285961361 2.911311707161 0.680352499828 -0.173265707816 0.200632209484 0.507126530612 0.041462409324 0.125284692520 0.011483624943 0.169362786752 0.090538316841 2.999231008990 0.899511262956 -0.290538902218 0.469387733853 
Arquivo CSV criado com sucesso em: dataset\decomposition_based\random_walk\l100\fv_9000
9000. Decomposition 0.473604103566 0.329861467438 0.011425323817 0.008340675600 0.932677871258 0.011850430783 2.680920133286 0.141350452515 0.152534273869 0.552370150600 -0.000091323878 0.000365729241 0.001016871690 0.000711378601 0.208435186323 0.052035241055 2.788417362407 0.461374796835 -0.182196736496 0.209086301377 0.511971428571 0.032886216950 0.127473854257 0.008199436962 0.196483268133 0.072122275137 2.820557157845 0.556580494661 -0.175374969626 0.255417263766 
Arquivo CSV criado com sucesso em: dataset\decomposition_based\random_walk\l100\fv_9300
9300. Decomposition 0.475761859798 0.332824473449 0.012409342042 0.009928339977 0.936041989926 0.017382679885 2.440137623297 0.431868847386 0.034650844907 0.461539249782 -0.000039446711 0.000265953710 0.001027449618 0.000725792741 0.204166406184 0.047206658220 2.755066786704 0.407262392163 -0.172329463259 0.199817727938 0.513841420118 0.029759439829 0.126074366246 0.010204662109 0.200375363356 0.072488212089 2.879812446817 0.668638540030 -0.200961646726 0.300876455415 
Arquivo CSV criado com sucesso em: dataset\decomposition_based\random_walk\l100\fv_9600
9600. Decomposition 0.476720962032 0.334150959455 0.012302364087 0.009749017436 0.933106874016 0.012490783350 2.443761002383 0.424932252074 -0.025990781976 0.457107755758 0.000010733558 0.000173929711 0.001031142208 0.000730901754 0.212809442521 0.057878595548 2.727448130552 0.365612753734 -0.183347115373 0.210260867844 0.517886538462 0.023613831382 0.128894123488 0.006767397085 0.216045764540 0.081815707217 2.932882105221 0.770639415111 -0.062784498206 0.127234418395 
Arquivo CSV criado com sucesso em: dataset\decomposition_based\random_walk\l100\fv_9900
9900. Decomposition 0.475763205840 0.334166831079 0.012320135240 0.009823266352 0.935516597774 0.016460083802 2.462023441335 0.390142321339 -0.073995091893 0.476011323170 0.000014399092 0.000166793757 0.001010667055 0.000705729508 0.201855676928 0.045054282575 2.755102559712 0.407318434633 -0.187756990025 0.214932229680 0.517455870445 0.024213810096 0.128657683484 0.006945943502 0.200551682231 0.072524530603 2.903559855251 0.714132408946 -0.046195301285 0.132414343191 
Arquivo CSV criado com sucesso em: dataset\decomposition_based\random_walk\l100\fv_10200
10200. Decomposition 0.460770230674 0.324026071325 0.009194047381 0.006951750644 0.857209134510 0.175013785571 2.379329517745 0.395886560999 0.038416961301 0.504492982139 0.000138228191 0.000259690907 0.000856263331 0.000530256183 0.132256775215 0.181406837440 2.782098998516 0.363215497247 -0.293325372831 0.294769965202 0.520027777778 0.020777350709 0.116153338444 0.029220412792 0.064627695572 0.306490054232 2.839622506641 0.564570330237 -0.116183826080 0.174352118835 
Arquivo CSV criado com sucesso em: dataset\decomposition_based\random_walk\l100\fv_10500
10500. Decomposition 0.459856567853 0.322591968777 0.009980632468 0.007056914903 0.911471035660 0.055030449515 2.357255754988 0.425276553730 -0.045474567159 0.440551282868 0.000235763647 0.000470730876 0.000903655483 0.000579709031 0.165136348181 0.112510866615 2.717665942479 0.354524115345 -0.094129856795 0.318233421418 0.525027777778 0.024961714512 0.125595495186 0.009665628106 0.138409940629 0.149636075885 2.795681177855 0.578153700068 -0.052721570023 0.117334650757 
Arquivo CSV criado com sucesso em: dataset\decomposition_based\random_walk\l100\fv_10800
10800. Decomposition 0.456181124340 0.320638192781 0.009967534573 0.007025646319 0.911675485593 0.054589657981 2.444425115244 0.337530292446 -0.063760118571 0.436183477147 0.000357170946 0.000739683302 0.000919169830 0.000604946045 0.220730722581 0.054888189448 2.628155697839 0.431183069429 -0.167666718060 0.223069424102 0.530722222222 0.033846011126 0.126523244666 0.008173922171 0.174980652791 0.084305889288 2.807079956117 0.573044863766 -0.035846466789 0.126978546154 
Arquivo CSV criado com sucesso em: dataset\decomposition_based\random_walk\l100\fv_11100
11100. Decomposition 0.455194185605 0.319090844318 0.010369881848 0.007267317080 0.923425259838 0.030089715827 2.427068141137 0.348131703100 -0.050903938779 0.438861475879 0.000330686972 0.000680911052 0.000930660931 0.000620704663 0.192292470403 0.063918462618 2.687961473445 0.369855386942 -0.185271522014 0.213191147636 0.529270202020 0.031329366209 0.126323141460 0.008474945337 0.160207166188 0.108034479869 2.783702033179 0.584673129124 -0.029742785567 0.132955005628 
Arquivo CSV criado com sucesso em: dataset\decomposition_based\random_walk\l100\fv_11400
11400. Decomposition 0.453856439626 0.317005959449 0.011404640762 0.008314607501 0.938887138591 0.016704101013 2.597611718171 0.424733012785 -0.147664142541 0.464279239936 0.000261242600 0.000527278674 0.000947613992 0.000645120555 0.214096064279 0.050395578405 2.667846814086 0.386424355013 -0.161207744071 0.228294119669 0.526297619048 0.026674002499 0.126914175791 0.007627397150 0.177505157084 0.080906942680 2.841964434141 0.564317591764 -0.031245636255 0.131377177275 
Arquivo CSV criado com sucesso em: dataset\decomposition_based\random_walk\l100\fv_11700
11700. Decomposition 0.451691819227 0.313663458989 0.013507071581 0.011630476306 0.943215869110 0.023065347717 2.460291636905 0.331538251190 -0.176732168085 0.490651944024 0.000188155835 0.000367090900 0.000997223349 0.000723278222 0.224334805182 0.058772123137 2.842954664140 0.419451952842 -0.235728372597 0.224209616049 0.520877450980 0.021132671322 0.130229216073 0.006809839684 0.220574837992 0.082366061225 2.913219943736 0.579650334368 -0.087975148768 0.134290237888 
Arquivo CSV criado com sucesso em: dataset\decomposition_based\random_walk\l100\fv_12000
12000. Decomposition 0.450396809656 0.311682568253 0.013907223259 0.012363755291 0.942387299230 0.021658385345 2.346711710406 0.440576803037 -0.108214580654 0.441465316830 0.000137175707 0.000257774209 0.001001979058 0.000731215943 0.234310106655 0.073166166891 2.773138055610 0.358570108670 -0.201691353477 0.210296047805 0.518277777778 0.020585788578 0.129929345221 0.006551397247 0.222214720321 0.084615784365 2.880274589721 0.567074964563 -0.053836687569 0.117098384678 
Arquivo CSV criado com sucesso em: dataset\decomposition_based\random_walk\l100\fv_12300
12300. Decomposition 0.481294165230 0.322691798439 0.012527493427 0.010217868188 0.920225061831 0.057871081018 2.256171462545 0.464288095370 -0.035315245371 0.446022245655 0.000140665020 0.000220313627 0.001064550254 0.000734668438 0.196889496556 0.109257854300 2.626227087093 0.504956306752 -0.209811273145 0.195910776386 0.522121212121 0.021192823628 0.130908286954 0.006531415933 0.204298131787 0.088609635935 2.768526719092 0.595759086307 -0.066139779112 0.111900560397 
Arquivo CSV criado com sucesso em: dataset\decomposition_based\random_walk\l100\fv_12600
12600. Decomposition 0.481558526168 0.323082529218 0.012184852215 0.010228564605 0.908138333618 0.086255569629 2.313438909651 0.415957560608 -0.092327324331 0.410565944268 0.000187301323 0.000265992878 0.001049550944 0.000714132417 0.210120247114 0.085489294261 2.782132777568 0.335383556607 -0.160834042619 0.218024689425 0.522467532468 0.021577702239 0.129108930625 0.006341095754 0.186589079191 0.115896674455 2.775972628059 0.587395321640 -0.003001306854 0.166479817955 
Arquivo CSV criado com sucesso em: dataset\decomposition_based\random_walk\l100\fv_12900
12900. Decomposition 0.480973931988 0.322219595649 0.012282989297 0.010218459996 0.912021760546 0.077035505169 2.320730252080 0.412829787766 -0.058285541598 0.426623274983 0.000139610363 0.000219857951 0.001028699310 0.000687829301 0.211542427204 0.083282024692 2.691977675215 0.399146503799 -0.223787102644 0.202602835579 0.518874458874 0.019099856548 0.127096867800 0.009136896442 0.191929439693 0.106549973202 2.786141410830 0.576709333214 -0.005677778263 0.161556517499 
Arquivo CSV criado com sucesso em: dataset\decomposition_based\random_walk\l100\fv_13200
13200. Decomposition 0.476333341545 0.319421636639 0.012280445733 0.010107023189 0.919974909683 0.058446254374 2.357945373948 0.408821951204 -0.054453087515 0.429408609577 0.000141072125 0.000218894966 0.001020610573 0.000683844969 0.200769952121 0.101793796978 2.709878717161 0.377170727359 -0.242832057770 0.220125772260 0.518841991342 0.019094502268 0.127806914236 0.007916121168 0.179969124335 0.128391672733 2.792656211772 0.570329863039 -0.047070470033 0.109856310802 
Arquivo CSV criado com sucesso em: dataset\decomposition_based\random_walk\l100\fv_13500
13500. Decomposition 0.475913892099 0.318803043183 0.012375620607 0.010109755383 0.925316844081 0.046373225605 2.368398406283 0.411339389404 -0.045124509076 0.436957787322 0.000147822963 0.000222830113 0.001021020436 0.000684342433 0.203427105146 0.096889180917 2.718897630315 0.367585668185 -0.220702771525 0.200643457489 0.519913419913 0.019442933437 0.127499166860 0.008422885657 0.183041992093 0.122483306866 2.794231414712 0.568843850524 -0.042883214922 0.112040859650 
Arquivo CSV criado com sucesso em: dataset\decomposition_based\random_walk\l100\fv_13800
13800. Decomposition 0.475890361321 0.318768403125 0.012275414154 0.010107028385 0.922572036645 0.052516104264 2.394433898247 0.424314340885 -0.045654072834 0.436500707839 0.000143888778 0.000220394578 0.001013949051 0.000675917408 0.205870530960 0.092553809390 2.730568398207 0.356834014880 -0.207922560878 0.195449247517 0.518751803752 0.019081360643 0.127384310585 0.008621280346 0.186296583458 0.116429381712 2.799633765597 0.563918205549 -0.041164724250 0.113194488582 
Arquivo CSV criado com sucesso em: dataset\decomposition_based\random_walk\l100\fv_14100
14100. Decomposition 0.494801952628 0.322651757532 0.010699314914 0.008652140212 0.724775579447 0.554998300866 2.450810499781 0.473631987991 -0.027462632387 0.468694527516 -0.000039683332 0.000465740809 0.000927253432 0.000562448568 0.128315010511 0.226140402585 2.576302311422 0.551660523201 -0.185719967394 0.185772375326 0.503500000000 0.042988370520 0.125104375922 0.010057093271 0.111660287500 0.223263361205 2.757803505850 0.540607998195 0.079182943202 0.332696465945 
Arquivo CSV criado com sucesso em: dataset\decomposition_based\random_walk\l100\fv_14400
14400. Decomposition 0.492386592823 0.319102583369 0.012413486639 0.008992726541 0.929360462055 0.029425256272 2.358955794564 0.552287501192 -0.149006375933 0.388944643232 -0.000021424526 0.000421690340 0.000959087720 0.000579044552 0.183285398860 0.105704681778 2.725864957843 0.327902097211 -0.176542207241 0.192030277034 0.508465277778 0.031508179634 0.125044858899 0.010149979045 0.155044083063 0.136477374891 2.779566801985 0.533245897347 0.052298571958 0.266308035439 
Arquivo CSV criado com sucesso em: dataset\decomposition_based\random_walk\l100\fv_14700
14700. Decomposition 0.491065036795 0.317198350763 0.012388558588 0.008971453070 0.928397204957 0.030644242475 2.391737028010 0.512511179927 -0.038165339924 0.453153068551 -0.000004348925 0.000381428499 0.000979347101 0.000595597521 0.178339277550 0.114182112864 2.779353527288 0.336393502323 -0.190743752396 0.183620896625 0.511376984127 0.025530225974 0.126613997985 0.008373697344 0.175028093938 0.114495854009 2.860479813901 0.559565325043 0.018195837055 0.187175032730 
Arquivo CSV criado com sucesso em: dataset\decomposition_based\random_walk\l100\fv_15000
15000. Decomposition 0.489525666966 0.315014690008 0.013100602087 0.009737955302 0.936038555391 0.026747052472 2.440011541562 0.477165490833 -0.070970267897 0.414035300722 -0.000053102709 0.000498618934 0.000997728170 0.000614287629 0.192164015482 0.093201677837 2.711130801627 0.336158265223 -0.167183599992 0.201248077378 0.509486111111 0.029320806327 0.125932934061 0.008953556867 0.183378983840 0.111625761867 2.873550305321 0.571277863599 0.032480123377 0.219280305798 
Arquivo CSV criado com sucesso em: dataset\decomposition_based\random_walk\l100\fv_15300
15300. Decomposition 0.489105940362 0.314425812214 0.012894487794 0.009484018418 0.932313055266 0.026876232906 2.491762519317 0.475838098522 -0.040705739741 0.449647165530 -0.000050476511 0.000492155905 0.001011964168 0.000630962085 0.179186407411 0.112667587230 2.674905323659 0.373368684758 -0.162641565462 0.206645002280 0.510123931624 0.027999668658 0.126318470119 0.008583764669 0.165357575505 0.122803827273 2.808498447136 0.533017992221 0.006403610055 0.162524602574 
Arquivo CSV criado com sucesso em: dataset\decomposition_based\random_walk\l100\fv_15600
15600. Decomposition 0.489248725523 0.314625824069 0.012640919178 0.009206386866 0.931533048616 0.027356580416 2.531702428616 0.501079313190 -0.053043479063 0.433700010566 -0.000053117954 0.000498656490 0.001008859782 0.000627170921 0.185427724480 0.102334689388 2.692407269022 0.352639400727 -0.164242248792 0.204678781184 0.510270833333 0.027701025039 0.126232658382 0.008657045108 0.168461266497 0.119605085485 2.794840712180 0.531754310752 -0.007769729095 0.136489972178 
Arquivo CSV criado com sucesso em: dataset\decomposition_based\random_walk\l100\fv_15900
15900. Decomposition 0.489276127521 0.314664245811 0.012463826719 0.009037001396 0.931379219703 0.027468629627 2.569566630076 0.543212176207 -0.052167819501 0.434770334540 -0.000042526772 0.000472675652 0.001003062483 0.000620320274 0.187135376701 0.099797637437 2.714651889180 0.333790059445 -0.165498503836 0.203184146615 0.510978070175 0.026296201409 0.126295412034 0.008602928184 0.171621410279 0.116852178118 2.808814631778 0.533076221837 -0.000245411336 0.149706556759 
Arquivo CSV criado com sucesso em: dataset\decomposition_based\random_walk\l100\fv_16200
16200. Decomposition 0.468284009209 0.302519668129 0.010730037303 0.007161391065 0.907152489017 0.074467201436 2.470236799221 0.521359228907 -0.035108757359 0.404602846827 -0.000178044380 0.000558137952 0.000938610257 0.000566367651 0.119724538785 0.225640499769 2.734456933930 0.320476441968 -0.211357159917 0.280731556708 0.500777777778 0.038951616078 0.125249565573 0.008755423171 0.130930232188 0.161922792912 2.694863886787 0.567670334303 -0.031452005336 0.139838748891 
Arquivo CSV criado com sucesso em: dataset\decomposition_based\random_walk\l100\fv_16500
16500. Decomposition 0.463564668254 0.300140338089 0.010439330154 0.007025469185 0.907799563032 0.072751025565 2.507618125477 0.490396934566 -0.106260140859 0.411059851207 0.000032131608 0.000363881891 0.000964845913 0.000617153663 0.199223205181 0.088109911078 2.844393555785 0.383261761619 -0.207193630868 0.273314494308 0.513769841270 0.023953227709 0.128479828500 0.009590776215 0.199280013446 0.131545585011 2.751008203204 0.512854372889 -0.075558465676 0.224562845378 
Arquivo CSV criado com sucesso em: dataset\decomposition_based\random_walk\l100\fv_16800
16800. Decomposition 0.463298317956 0.299700734537 0.010365418175 0.007011861227 0.909270637848 0.068871277962 2.483761958141 0.507838386446 -0.069103199418 0.395113591171 0.000052312115 0.000390632010 0.000979673542 0.000643454267 0.166717587488 0.114832260086 2.878842905222 0.447802496228 -0.119781107856 0.229050196275 0.514130952381 0.024209696620 0.127539319894 0.008384068288 0.180381797118 0.110872599585 2.801224959561 0.502764169104 -0.023543162205 0.131567087907 
Arquivo CSV criado com sucesso em: dataset\decomposition_based\random_walk\l100\fv_17100
17100. Decomposition 0.463339695545 0.299768945146 0.010421355267 0.007021589489 0.913973824515 0.056735199492 2.496402006544 0.497534628678 -0.045046585904 0.399465191088 0.000005963412 0.000340501191 0.000946677938 0.000587410036 0.178706384787 0.096013096795 2.788166592749 0.316436491725 -0.158792780621 0.217445542338 0.510774170274 0.023488990354 0.127131584150 0.008080040521 0.178802001418 0.110148105513 2.748924326005 0.514117469139 -0.042786858850 0.156580152553 
Arquivo CSV criado com sucesso em: dataset\decomposition_based\random_walk\l100\fv_17400
17400. Decomposition 0.449986435975 0.292034440861 0.010959389547 0.007390308989 0.931241630580 0.025637212665 2.563376028261 0.485086498109 0.021201396383 0.465783562768 0.000025367536 0.000346356593 0.000945855996 0.000616966440 0.185979462267 0.089062273621 2.807220222786 0.332130214555 -0.124554881555 0.224771885246 0.511815192744 0.023304671139 0.126810199032 0.007950862608 0.180675951842 0.111026837886 2.757440932870 0.509365944990 -0.046928039159 0.163838611805 
Arquivo CSV criado com sucesso em: dataset\decomposition_based\random_walk\l100\fv_17700
17700. Decomposition 0.450469668488 0.292841114456 0.011116773862 0.007577418746 0.930758627526 0.025769391332 2.481515544521 0.509910186810 -0.018347596600 0.417433714984 0.000041117654 0.000365096157 0.000957038032 0.000637579502 0.174023587008 0.102443548184 2.824208822017 0.352539677898 -0.114182052438 0.234959289775 0.512417211329 0.023367349983 0.127416079358 0.008276421595 0.168095421870 0.109998845485 2.797757228264 0.502177826733 -0.041781616862 0.154900526091 
Arquivo CSV criado com sucesso em: dataset\decomposition_based\random_walk\l100\fv_18000
18000. Decomposition 0.450058312544 0.292154162631 0.011214782926 0.007704645641 0.933067780736 0.025793630850 2.504849574312 0.491978288401 -0.015042935385 0.420548386660 0.000033074316 0.000354951679 0.000938674756 0.000604230856 0.175059428736 0.100906736466 2.844401098891 0.383274371853 -0.088458770143 0.272485501574 0.512148148148 0.023323998721 0.126128167582 0.008018506931 0.167785195026 0.110118733991 2.800890049432 0.502699221992 -0.018755984658 0.128207845589 
Arquivo CSV criado com sucesso em: dataset\decomposition_based\random_walk\l100\fv_18300
18300. Decomposition 0.500659706047 0.316011326520 0.011035071219 0.007329125097 0.898184873121 0.107471556452 2.514668469611 0.467660206749 -0.084896492063 0.450655661670 -0.000020899107 0.000377589704 0.000933162733 0.000570942755 0.135530910364 0.152391548548 2.752737603169 0.475817711101 -0.050264190966 0.282862304207 0.509383333333 0.023785622408 0.124452442626 0.008960287198 0.217706204559 0.183036534262 2.896318344297 0.546435660662 -0.133473405882 0.365121905929 
Arquivo CSV criado com sucesso em: dataset\decomposition_based\random_walk\l100\fv_18600
18600. Decomposition 0.501004387317 0.316509355441 0.010894690091 0.007372078595 0.897787578537 0.108632473312 2.699501162826 0.747557048547 -0.148010361538 0.564178942120 -0.000025340743 0.000383668435 0.000952310695 0.000572607468 0.131822122230 0.161199688011 2.844246711122 0.374510670236 -0.093684218719 0.259606318673 0.509383333333 0.023785622408 0.123507527250 0.010704575414 0.168111028208 0.104540519978 2.876057482543 0.519861243523 -0.096757382279 0.263825664021 
Arquivo CSV criado com sucesso em: dataset\decomposition_based\random_walk\l100\fv_18900
18900. Decomposition 0.490382828654 0.310548165314 0.011411335092 0.007270148904 0.927466319122 0.029684467371 2.504033326549 0.466738008926 0.027152398510 0.418567637058 -0.000033241444 0.000387453420 0.000983334098 0.000593496008 0.156808835385 0.110277990057 2.952216598546 0.482138745608 -0.043662141938 0.291378680121 0.508383333333 0.025037089155 0.125068454258 0.008159593846 0.153018948356 0.113339415596 2.834226752463 0.484900575640 -0.040403984488 0.137920206823 
Arquivo CSV criado com sucesso em: dataset\decomposition_based\random_walk\l100\fv_19200
19200. Decomposition 0.490812942689 0.311181927346 0.011445050855 0.007289799449 0.925267324069 0.033858593755 2.468363724216 0.479394751689 -0.015993221754 0.398977415862 -0.000011801044 0.000358221082 0.001016832109 0.000634939209 0.149747262019 0.122183842469 3.024806426715 0.642188546843 0.004614023187 0.380139154884 0.509883333333 0.023279944874 0.125554557475 0.007783550149 0.146701537664 0.121924477653 2.853424727250 0.497332326526 0.011801900312 0.152215749477 
Arquivo CSV criado com sucesso em: dataset\decomposition_based\random_walk\l100\fv_19500
19500. Decomposition 0.488992304011 0.310366702919 0.011501247972 0.007328785803 0.927255135684 0.030047659403 2.473465882254 0.476133172313 -0.027956182536 0.400843633526 -0.000013678882 0.000358860898 0.001009748579 0.000628538769 0.149092875977 0.123413164240 2.989812375089 0.560192911676 -0.009064875325 0.351223335513 0.509850000000 0.023310995260 0.125530726286 0.007796051868 0.140412962671 0.132625704214 2.847976119193 0.493152735814 -0.012267439555 0.123135380472 
Arquivo CSV criado com sucesso em: dataset\decomposition_based\random_walk\l100\fv_19800
19800. Decomposition 0.488544628448 0.310311055992 0.011486167666 0.007319338150 0.927644760457 0.029384734024 2.487512340541 0.469620687050 -0.045342274540 0.409191031853 -0.000020063858 0.000366388722 0.001003526660 0.000621071355 0.151096184817 0.119711536984 2.987647575545 0.555374740086 -0.013374569151 0.342626117743 0.509327777778 0.023846971622 0.124875535831 0.008374800252 0.139035142191 0.135208983270 2.868522041135 0.511470421840 -0.004095557394 0.129273774143 

Multi adaptive decomposition walk:
Arquivo CSV criado com sucesso em: dataset\decomposition_based\adaptative_walk\l100_r0.1\fv_300
300. Decomposition 0.052616004654 0.052615914913 0.000638561222 0.000638493466 -0.064622396400 0.935377603600 1.437782024827 0.437782024827 0.203044164089 0.203044164089 -0.000015613867 0.000015605180 0.000029613834 0.000029608039 -0.287353965081 0.712646034919 1.555812581096 0.555812581096 0.255187953736 0.255187953736 0.398020361991 0.121097285068 0.123145691270 0.054028044211 -0.237925185251 0.762074814749 1.808745017638 0.808745017638 0.284653877235 0.284653877235 
Arquivo CSV criado com sucesso em: dataset\decomposition_based\adaptative_walk\l100_r0.1\fv_600
600. Decomposition 0.047118890314 0.047118800573 0.003094548863 0.003094481106 0.884965957786 0.014210750586 1.925927475741 0.050363426087 0.432095078082 0.026006749903 -0.000151665974 0.000151657287 0.000121813964 0.000121808169 0.557670406902 0.132378337064 1.965700249780 0.145924912413 0.297119350280 0.213256557192 0.310087836039 0.033164759116 0.159544961465 0.017628774016 0.634715303013 0.110565673515 2.296330628147 0.321159407129 0.471695214463 0.097612540007 
Arquivo CSV criado com sucesso em: dataset\decomposition_based\adaptative_walk\l100_r0.1\fv_900
900. Decomposition 0.099007403036 0.084804598735 0.003067376151 0.002965659590 0.594254167518 0.421788448761 1.969303660724 0.426634412803 0.434869240158 0.303918059483 -0.000224067751 0.000201316480 0.000129594955 0.000127904007 0.328882158272 0.380773594000 1.860362286892 0.261340577235 0.532801051053 0.130036726591 0.322480106101 0.072641905972 0.127556251246 0.053054305222 0.405801386927 0.374148494856 2.275710075653 0.549798450303 0.599052149937 0.026016276278 
Arquivo CSV criado com sucesso em: dataset\decomposition_based\adaptative_walk\l100_r0.1\fv_1200
1200. Decomposition 0.093509029513 0.077867285772 0.005872432052 0.004386174878 0.906753697714 0.026997509820 2.075864154762 0.323587299018 0.521734046809 0.213158086621 -0.000409254631 0.000307031028 0.000254191152 0.000190578401 0.653404068757 0.162907924698 1.847749664963 0.278760256022 0.395375594586 0.090292264601 0.287294920916 0.023205131163 0.148498158277 0.024725056518 0.613131794504 0.127369056705 2.398077070065 0.377336822498 0.573808749474 0.046338960476 
Arquivo CSV criado com sucesso em: dataset\decomposition_based\adaptative_walk\l100_r0.1\fv_1500
1500. Decomposition 0.137712935866 0.103836015644 0.006041748742 0.004869299324 0.681725743686 0.394506833627 2.006787571018 0.375137071260 0.449047675519 0.309085563825 -0.000375239102 0.000386542403 0.000268003912 0.000169387852 0.427015139243 0.369633016613 1.991904617295 0.321145336328 0.563461796428 0.124409086459 0.327971190687 0.105943460549 0.124902470532 0.050077515313 0.297910112522 0.591394540015 2.416603146546 0.535033946814 0.272220447034 0.523004166274 
Arquivo CSV criado com sucesso em: dataset\decomposition_based\adaptative_walk\l100_r0.1\fv_1800
1800. Decomposition 0.188310335268 0.140164380825 0.007989997259 0.004460406049 0.837082125359 0.122818964510 2.118354968845 0.237925958731 0.468016623854 0.253693540440 -0.000724710354 0.000453812686 0.000434386073 0.000277481401 0.599344903144 0.136234495937 2.167628375172 0.289664974431 0.467540452066 0.108331961688 0.289121763294 0.049497180409 0.140623162618 0.033034628106 0.649543076989 0.091139599767 2.311859742620 0.537781695317 0.407173834397 0.231222336423 
Arquivo CSV criado com sucesso em: dataset\decomposition_based\adaptative_walk\l100_r0.1\fv_2100
2100. Decomposition 0.182222658122 0.130933264633 0.010509918901 0.007233883705 0.901577760441 0.031399581168 2.153973124238 0.213887230819 0.533833317754 0.161565579458 -0.000818132677 0.000511097957 0.000455480083 0.000290094717 0.649007652892 0.114433249588 2.362712206149 0.291325507909 0.387672287685 0.207067076588 0.272336049008 0.016920506320 0.146073191362 0.024203276433 0.626615401578 0.098432755026 2.394752476352 0.409827007967 0.427851901076 0.195160392972 
Arquivo CSV criado com sucesso em: dataset\decomposition_based\adaptative_walk\l100_r0.1\fv_2400
2400. Decomposition 0.178234577560 0.125159193835 0.011829927561 0.009465402182 0.904946458319 0.034117496365 2.178698433160 0.210181642696 0.582425696126 0.141760351368 -0.000969095042 0.000705770896 0.000533503590 0.000376256609 0.679474821568 0.139669969660 2.244944643293 0.218784730040 0.386880423873 0.208425076551 0.257244212274 0.016289231541 0.149354706889 0.019901007086 0.659023392405 0.094676809447 2.469157011563 0.325480869250 0.509110827121 0.103907094927 
Arquivo CSV criado com sucesso em: dataset\decomposition_based\adaptative_walk\l100_r0.1\fv_2700
2700. Decomposition 0.233463407192 0.169081097914 0.013019918483 0.009194637367 0.906698485135 0.031482766863 2.121877630552 0.292068774722 0.498825956978 0.287406394968 -0.000908132696 0.000737501123 0.000642532008 0.000419574077 0.579789251139 0.244438228299 2.177812754409 0.241624847419 0.303886605079 0.286658367547 0.293086345872 0.091921875256 0.144231906047 0.021738760393 0.567709714993 0.220001013346 2.542919339944 0.288703090795 0.315472260424 0.473728290103 
Arquivo CSV criado com sucesso em: dataset\decomposition_based\adaptative_walk\l100_r0.1\fv_3000
3000. Decomposition 0.227338734146 0.159147856175 0.015542606959 0.011929582844 0.912059864846 0.034940341890 2.176224390025 0.222738744762 0.572798366812 0.166673141724 -0.001078491520 0.000719011094 0.000668643983 0.000452909290 0.657204744489 0.128199683170 2.243529336156 0.203770326549 0.389709392724 0.160255241307 0.275084209120 0.053682487854 0.150693802154 0.017656327024 0.633446136056 0.102382483189 2.434628575068 0.318838876172 0.405350145073 0.280122352056 
Arquivo CSV criado com sucesso em: dataset\decomposition_based\adaptative_walk\l100_r0.1\fv_3300
3300. Decomposition 0.223381698682 0.153039342074 0.016669790164 0.013736797688 0.912476629771 0.035365532557 2.221771598433 0.206032498308 0.617759042674 0.145585709243 -0.001214617380 0.000839082910 0.000709792809 0.000514585582 0.681988661596 0.123421113057 2.263709351165 0.212160180431 0.407973911648 0.152200461148 0.261248739035 0.028374702882 0.152920663597 0.018790040512 0.654483952034 0.086456815822 2.431096725087 0.322846811146 0.496756986643 0.113530022658 
Arquivo CSV criado com sucesso em: dataset\decomposition_based\adaptative_walk\l100_r0.1\fv_3600
3600. Decomposition 0.273367128407 0.188021590730 0.017081126116 0.013065436213 0.909476912138 0.034018510739 2.184469078994 0.267777644550 0.540435206120 0.282100001067 -0.001305950996 0.000830874090 0.000719054862 0.000474728962 0.557481071392 0.323632572724 2.284995919872 0.221630511644 0.352177664074 0.250160481053 0.269113132254 0.039584536461 0.141945171566 0.036185053115 0.530887807167 0.337184557030 2.388173990104 0.316819391073 0.381362934035 0.331503189564 
Arquivo CSV criado com sucesso em: dataset\decomposition_based\adaptative_walk\l100_r0.1\fv_3900
3900. Decomposition 0.267444870497 0.178652672034 0.019321942594 0.014358715697 0.913815730332 0.033138390472 2.228166933351 0.216194459840 0.638283637983 0.146587875102 -0.001492678865 0.001012069518 0.000782120204 0.000507425987 0.686900759591 0.114909260454 2.264348672291 0.231278380775 0.436646408389 0.147839915319 0.250800738127 0.023539438795 0.149368801686 0.022734485875 0.678453882254 0.087614783649 2.359050509840 0.353028111112 0.474171259841 0.130199516217 
Arquivo CSV criado com sucesso em: dataset\decomposition_based\adaptative_walk\l100_r0.1\fv_4200
4200. Decomposition 0.264518567004 0.174283301872 0.019735015857 0.014808384247 0.915003325523 0.033486618153 2.338591434385 0.292860427665 0.688483241320 0.190463443881 -0.001561196271 0.001118816163 0.000780828332 0.000506304727 0.671673865856 0.116364791512 2.366810299376 0.286535511628 0.473684305463 0.176074494861 0.246432852008 0.030115002980 0.147598701354 0.025412162705 0.672957969230 0.083306611539 2.473053556893 0.296218102704 0.533703422590 0.108391277558 
Arquivo CSV criado com sucesso em: dataset\decomposition_based\adaptative_walk\l100_r0.1\fv_4500
4500. Decomposition 0.314484657921 0.210078336043 0.021109598985 0.014335943495 0.909684888500 0.034498410029 2.311493740730 0.312216059869 0.663948079090 0.198847422592 -0.001587075215 0.001062693654 0.000926186729 0.000608303076 0.575403334127 0.281010720473 2.394275938675 0.281573698839 0.497152738946 0.176565579867 0.258866691771 0.046853488102 0.151874738151 0.025390188266 0.595680238075 0.231766584324 2.433912030214 0.307920305090 0.539846031248 0.101286422864 
Arquivo CSV criado com sucesso em: dataset\decomposition_based\adaptative_walk\l100_r0.1\fv_4800
4800. Decomposition 0.309909940794 0.202631873330 0.022430226793 0.015570919262 0.915260759330 0.031368416546 2.368603467273 0.298147476810 0.697895798142 0.184608852577 -0.001727166450 0.001139473696 0.000920772314 0.000599458983 0.637377168943 0.144196843635 2.516103948850 0.471093779234 0.538258956994 0.235471058071 0.248341279683 0.031166383945 0.149959991736 0.023786809166 0.631094236998 0.147728820409 2.617379865995 0.458554692530 0.578719313750 0.159562682523 
Arquivo CSV criado com sucesso em: dataset\decomposition_based\adaptative_walk\l100_r0.1\fv_5100
5100. Decomposition 0.365101162279 0.247262948589 0.024470009455 0.015786453639 0.912260165401 0.031213648257 2.310339102272 0.359079738414 0.650232619582 0.240194825873 -0.001633392384 0.001155124864 0.001079780107 0.000721141829 0.518967243676 0.373599504965 2.551901612792 0.495646260529 0.517854120973 0.225897664214 0.267728774582 0.067516956108 0.154123126298 0.025683269659 0.526721916871 0.340872298610 2.701907307409 0.527190969951 0.436167704139 0.503460192047 
Arquivo CSV criado com sucesso em: dataset\decomposition_based\adaptative_walk\l100_r0.1\fv_5400
5400. Decomposition 0.358805042041 0.236245603916 0.026341405425 0.018266096400 0.915537510772 0.029620291395 2.376464474426 0.291398647885 0.711817676474 0.177947719261 -0.001864038165 0.001143929653 0.001102832195 0.000763007530 0.605959008279 0.164860346652 2.641390089361 0.571164940428 0.562277621296 0.230981448156 0.254315798669 0.036770585007 0.152871408388 0.024107226938 0.594938369504 0.175376837887 2.583775360042 0.549306363043 0.585569312502 0.199735657464 
Arquivo CSV criado com sucesso em: dataset\decomposition_based\adaptative_walk\l100_r0.1\fv_5700
5700. Decomposition 0.412627103060 0.276597648125 0.027880865451 0.017999720155 0.919559045521 0.030509576404 2.336041851594 0.328581826353 0.649312985530 0.279239458220 -0.001836377197 0.001135232692 0.001188047614 0.000774537735 0.593693509091 0.155891871243 2.559788351736 0.573306346905 0.482289447993 0.333830100737 0.270825716002 0.065199512561 0.152988500765 0.023602132964 0.581202323869 0.164644536127 2.521163985174 0.558802188675 0.514246409015 0.296852251530 
Arquivo CSV criado com sucesso em: dataset\decomposition_based\adaptative_walk\l100_r0.1\fv_6000
6000. Decomposition 0.405646442945 0.264736162165 0.030817277807 0.021873240111 0.918689980427 0.029591132875 2.339596293871 0.322961287660 0.697239394802 0.188780065321 -0.002047891855 0.001199363220 0.001257266304 0.000859193722 0.623283605952 0.140678357878 2.588490540331 0.546404272996 0.528121245569 0.248525467242 0.261149790076 0.041959766221 0.154964911678 0.023969859600 0.603057984824 0.148478776917 2.552222627552 0.526523994319 0.550642586902 0.222916913021 
Arquivo CSV criado com sucesso em: dataset\decomposition_based\adaptative_walk\l100_r0.1\fv_6300
6300. Decomposition 0.401806576358 0.258702829413 0.031443405140 0.023053133374 0.918695150482 0.029596001859 2.398835795666 0.277038713606 0.735476613305 0.177516789883 -0.002188080814 0.001407639293 0.001291740393 0.000916116042 0.626150683754 0.142094144034 2.601684663714 0.538224535944 0.552480254726 0.225277375328 0.252948731875 0.031134470858 0.154657955060 0.023816490148 0.611356104401 0.149586229051 2.605628116562 0.507530115732 0.603397513996 0.190574169615 

Single Random walk:
200. Dominance: Arquivo CSV criado com sucesso em: dataset\pareto_based\random_walk\l100\fv_200
0.146666666667 0.061373175465 -0.040548598688 4.579554650586 1.084328325235 0.450555555556 0.114515889242 -0.328625866911 1.780691857951 -0.402362215923 0.402777777778 0.110616956707 -0.063832863442 1.801348059373 0.260751034890 0.402777777778 0.110616956707 -0.063832863442 1.801348059373 0.260751034890 
400. Dominance: Arquivo CSV criado com sucesso em: dataset\pareto_based\random_walk\l100\fv_400
0.135277777778 0.070563757179 -0.111226061472 3.166905406858 0.443958028869 0.450000000000 0.130384048104 0.274074074074 2.158304498270 -0.625978777662 0.414722222222 0.127503025866 0.132756246414 2.859633697158 0.085357251003 0.414722222222 0.127503025866 0.132756246414 2.859633697158 0.085357251003 
600. Dominance: Arquivo CSV criado com sucesso em: dataset\pareto_based\random_walk\l100\fv_600
0.154074074074 0.075766770860 -0.131936929341 2.383150333115 0.106894101660 0.419259259259 0.126334305131 0.248960864150 1.778627229178 -0.139769968779 0.426666666667 0.113087969691 0.080949303883 3.198025212843 -0.190426066094 0.426666666667 0.113087969691 0.080949303883 3.198025212843 -0.190426066094 
800. Dominance: Arquivo CSV criado com sucesso em: dataset\pareto_based\random_walk\l100\fv_800
0.164305555556 0.079377278328 0.030425903383 2.487090612476 0.134629154559 0.385555555556 0.130696141800 0.334074170178 1.856328349352 0.116011979378 0.450138888889 0.120534352334 0.238304315164 2.698342109435 -0.215083328938 0.450138888889 0.120534352334 0.238304315164 2.698342109435 -0.215083328938 
1000. Dominance: Arquivo CSV criado com sucesso em: dataset\pareto_based\random_walk\l100\fv_1000
0.160222222222 0.077302995326 -0.031019348311 2.494016534866 0.177508989715 0.365555555556 0.133087736772 0.291641647061 2.349232758914 0.057110144183 0.474222222222 0.130699731266 0.215126964252 2.877844138253 -0.004208204721 0.474222222222 0.130699731266 0.215126964252 2.877844138253 -0.004208204721 
1200. Dominance: Arquivo CSV criado com sucesso em: dataset\pareto_based\random_walk\l100\fv_1200
0.163703703704 0.073194781197 -0.027318025048 2.622984579013 0.069371647354 0.364722222222 0.124316340314 0.281550853745 2.608849523811 0.085442045789 0.471574074074 0.121593888544 0.220774268968 3.219380045894 0.034598068901 0.471574074074 0.121593888544 0.220774268968 3.219380045894 0.034598068901 
1400. Dominance: Arquivo CSV criado com sucesso em: dataset\pareto_based\random_walk\l100\fv_1400
0.171031746032 0.083173883736 -0.046275089854 2.380231691736 0.215294757999 0.351825396825 0.125070426117 0.268814794024 2.603745072504 0.132358741618 0.477142857143 0.119727581941 0.169698671616 3.203488867975 -0.027947434469 0.477142857143 0.119727581941 0.169698671616 3.203488867975 -0.027947434469 
1600. Dominance: Arquivo CSV criado com sucesso em: dataset\pareto_based\random_walk\l100\fv_1600
0.175277777778 0.082658844463 -0.060260718129 2.321557311931 0.182801095850 0.339791666667 0.125844197931 0.282637210361 2.594721427896 0.198388759914 0.484930555556 0.120281927533 0.161800266108 3.171813010317 0.000375674842 0.484930555556 0.120281927533 0.161800266108 3.171813010317 0.000375674842 
1800. Dominance: Arquivo CSV criado com sucesso em: dataset\pareto_based\random_walk\l100\fv_1800
0.181851851852 0.087969005640 -0.042391419777 2.794992773123 0.390414298789 0.328703703704 0.124920413622 0.315178156650 2.616284397927 0.314023192138 0.489444444444 0.121219370574 0.114126460602 3.113074430950 0.055262786031 0.489444444444 0.121219370574 0.114126460602 3.113074430950 0.055262786031 
2000. Dominance: Arquivo CSV criado com sucesso em: dataset\pareto_based\random_walk\l100\fv_2000
0.182277777778 0.090395888550 -0.134602000813 2.711384598307 0.336375837115 0.324166666667 0.122551009788 0.281723044750 2.678425618968 0.343412816696 0.493555555556 0.122430932910 0.045878062896 3.437102779560 0.198498486844 0.493555555556 0.122430932910 0.045878062896 3.437102779560 0.198498486844 

Single adaptive dominance walk:
Arquivo CSV criado com sucesso em: dataset\pareto_based\adaptative_walk\l100_r0.1\fv_200
200. Dominance: 0.358888888889 0.096551655720 0.029833781308 2.544632612656 0.243408803318 0.121111111111 0.050662280512 -0.434641943117 4.613654583352 1.370210513948 0.520000000000 0.112249721603 0.060509554140 1.960317460317 -0.080602596767 0.520000000000 0.112249721603 0.060509554140 1.960317460317 -0.080602596767 
Dominance adaptive walk: 12
Arquivo CSV criado com sucesso em: dataset\decomposition_based\adaptative_walk\l100_r0.1\mo_features_random_walk_decomposition.csv
