
Multi Random walk:
Arquivo CSV criado com sucesso em: dataset\decomposition_based\random_walk\l25\fv_300
300. Decomposition 0.491379989622 0.489754999566 0.003357747377 0.002718481628 0.737686042425 0.032423721202 2.232947596768 0.889272218508 0.335157927281 0.058812114461 0.001152156910 0.001193565457 0.000926802835 0.000809552489 -0.324809484237 0.281700336764 3.727964627977 1.257617184395 -0.732844254255 0.264163031761 0.537142857143 0.057142857143 0.118315082539 0.008176023868 -0.238128571145 0.152042485059 2.290705575954 0.014294424046 -0.420369922704 0.325501592899 
Arquivo CSV criado com sucesso em: dataset\decomposition_based\random_walk\l25\fv_600
600. Decomposition 0.481739279338 0.393850803236 0.006076032540 0.004083185287 0.669291375421 0.130824865169 2.639405293675 0.406198847323 -0.155197845826 0.565035180105 -0.000421789555 0.000803529786 0.001079640303 0.000765692562 -0.094285594324 0.055356725013 3.421421486233 1.107028127791 -0.669932586832 0.235481586861 0.484666666667 0.062956775295 0.149357995548 0.029891846701 -0.014296986028 0.057746831083 2.375687982755 0.506887715341 -0.159364480409 0.232326351349 
Arquivo CSV criado com sucesso em: dataset\decomposition_based\random_walk\l25\fv_900
900. Decomposition 0.495670544064 0.361571357825 0.007272346478 0.005522308352 0.731170666210 0.056972275712 2.512139766477 0.450597479112 -0.222757490788 0.483452530698 0.000043045260 0.000132812096 0.001316537532 0.000948583907 -0.102662721272 0.292085528370 3.038961933495 1.139806932881 -0.544874645537 0.263684677348 0.509333333333 0.041408533742 0.167630959494 0.032115681133 -0.167336997286 0.264782254067 2.391131749028 0.443135729414 -0.200834242126 0.188368484651 
Arquivo CSV criado com sucesso em: dataset\decomposition_based\random_walk\l25\fv_1200
1200. Decomposition 0.480110115124 0.334957391716 0.007606517921 0.006070944811 0.770864983832 0.076605311949 2.578020199942 0.296193332872 -0.213079612548 0.423776849095 -0.000280766183 0.000453345812 0.001156141813 0.000733715730 -0.026774568122 0.148591964559 2.875145081089 1.096348219341 -0.206590463036 0.567480228770 0.487200000000 0.048622628477 0.166351858503 0.025279619708 -0.008357817343 0.167301044568 2.463135223920 0.396944171819 -0.261224904185 0.280958171805 
Arquivo CSV criado com sucesso em: dataset\decomposition_based\random_walk\l25\fv_1500
1500. Decomposition 0.469490370927 0.321291473506 0.007530298191 0.005746096027 0.781658537230 0.073964044386 2.584682921750 0.332453404214 -0.135104980542 0.425461579613 -0.000070673686 0.000497785017 0.001228691711 0.000923052011 -0.008538540585 0.141251635441 2.763630698983 1.047646395224 -0.097669208028 0.574209780729 0.501555555556 0.051117390919 0.158231875763 0.023074905639 -0.059359273075 0.161179178247 2.327394603361 0.397125092521 -0.207531404773 0.183635282253 
Arquivo CSV criado com sucesso em: dataset\decomposition_based\random_walk\l25\fv_1800
1800. Decomposition 0.472617227361 0.319616303257 0.006090497970 0.004220575569 0.660889909250 0.360767095089 2.564515710595 0.322586278986 -0.297428442075 0.463487930579 -0.000034041837 0.000362359850 0.001168578645 0.000775739498 -0.028222295097 0.185294199332 2.601106984595 0.952306678562 0.023712260282 0.549496071471 0.490500000000 0.062319740051 0.167970227202 0.034088161783 -0.112300507575 0.309519693250 2.294594655014 0.422338559620 -0.225031990554 0.211155258918 
