
Multi Random walk:
Arquivo CSV criado com sucesso em: dataset\decomposition_based\random_walk\l100\fv_300
300. Decomposition 0.549215531674 0.000000000000 0.105646238146 0.000000000000 -0.422592112746 0.000000000000 1.500000000000 0.000000000000 -0.700692379389 0.000000000000 -0.018708204494 0.000000000000 0.007909700127 0.000000000000 -0.989515454256 0.000000000000 1.500000000000 0.000000000000 0.196172936456 0.000000000000 0.435000000000 0.000000000000 0.047081489639 0.000000000000 -0.991803278689 0.000000000000 1.500000000000 0.000000000000 -0.158100541839 0.000000000000 
Arquivo CSV criado com sucesso em: dataset\decomposition_based\random_walk\l100\fv_600
600. Decomposition 0.487179500561 0.000000000000 0.126699212186 0.000000000000 0.569190329846 0.000000000000 1.491123131752 0.000000000000 0.498188117013 0.000000000000 -0.019427144600 0.000000000000 0.007391210682 0.000000000000 0.060613037748 0.000000000000 1.696212065091 0.000000000000 0.306262897625 0.000000000000 0.382291666667 0.000000000000 0.064527193342 0.000000000000 0.479534442981 0.000000000000 1.893268510877 0.000000000000 0.466199018233 0.000000000000 
Arquivo CSV criado com sucesso em: dataset\decomposition_based\random_walk\l100\fv_900
900. Decomposition 0.467141346501 0.000000000000 0.115650508287 0.000000000000 0.481702573637 0.000000000000 2.349105623134 0.000000000000 0.894657649834 0.000000000000 -0.022952900680 0.000000000000 0.009330149479 0.000000000000 -0.241698876472 0.000000000000 2.643114881040 0.000000000000 -0.276946431368 0.000000000000 0.373888888889 0.000000000000 0.057724334257 0.000000000000 0.424855907781 0.000000000000 2.502213848089 0.000000000000 0.645100013265 0.000000000000 
Arquivo CSV criado com sucesso em: dataset\decomposition_based\random_walk\l100\fv_1200
1200. Decomposition 0.524613802382 0.000000000000 0.139395162119 0.000000000000 0.471868842939 0.000000000000 3.816667153761 0.000000000000 -0.611440455919 0.000000000000 -0.021946270964 0.000000000000 0.011680328698 0.000000000000 0.128249859597 0.000000000000 3.933927682784 0.000000000000 -1.140190416002 0.000000000000 0.355381944444 0.000000000000 0.064138580238 0.000000000000 0.377069518146 0.000000000000 2.865611541744 0.000000000000 0.356638206323 0.000000000000 
Arquivo CSV criado com sucesso em: dataset\decomposition_based\random_walk\l100\fv_1500
1500. Decomposition 0.541967604828 0.000000000000 0.130326092297 0.000000000000 0.460374389509 0.000000000000 4.459177542878 0.000000000000 -0.911076721493 0.000000000000 -0.020824792409 0.000000000000 0.011457151397 0.000000000000 0.140397831783 0.000000000000 3.977395174334 0.000000000000 -1.104595261027 0.000000000000 0.362241134752 0.000000000000 0.060252116889 0.000000000000 0.443073661046 0.000000000000 2.918952622855 0.000000000000 0.101096921578 0.000000000000 
Arquivo CSV criado com sucesso em: dataset\decomposition_based\random_walk\l100\fv_1800
1800. Decomposition 0.551600634056 0.000000000000 0.132218908697 0.000000000000 0.544516782222 0.000000000000 4.435087240973 0.000000000000 -0.718333191699 0.000000000000 -0.016912994787 0.000000000000 0.013895759732 0.000000000000 0.445781748391 0.000000000000 4.429917389074 0.000000000000 0.069874562820 0.000000000000 0.378959810875 0.000000000000 0.068532068983 0.000000000000 0.649394505366 0.000000000000 2.706073853003 0.000000000000 0.123510952297 0.000000000000 
Arquivo CSV criado com sucesso em: dataset\decomposition_based\random_walk\l100\fv_2100
2100. Decomposition 0.525151817895 0.000000000000 0.133169112688 0.000000000000 0.653231135486 0.000000000000 3.929085356212 0.000000000000 -0.396627810292 0.000000000000 -0.012900977534 0.000000000000 0.013168174443 0.000000000000 0.556098117641 0.000000000000 3.668610745418 0.000000000000 -0.073730447676 0.000000000000 0.392898105479 0.000000000000 0.073130796767 0.000000000000 0.706084261058 0.000000000000 2.404324449117 0.000000000000 -0.028296613031 0.000000000000 
Arquivo CSV criado com sucesso em: dataset\decomposition_based\random_walk\l100\fv_2400
2400. Decomposition 0.534281855508 0.000000000000 0.128517914034 0.000000000000 0.649543332771 0.000000000000 4.139811702826 0.000000000000 -0.540899362391 0.000000000000 -0.011629735537 0.000000000000 0.012820970957 0.000000000000 0.581213954828 0.000000000000 3.702509055504 0.000000000000 -0.288494356741 0.000000000000 0.400743727599 0.000000000000 0.072798623406 0.000000000000 0.704660152129 0.000000000000 2.348095046474 0.000000000000 -0.193081152860 0.000000000000 
Arquivo CSV criado com sucesso em: dataset\decomposition_based\random_walk\l100\fv_2700
2700. Decomposition 0.518520667891 0.000000000000 0.130365713091 0.000000000000 0.653346830067 0.000000000000 3.543144024063 0.000000000000 -0.303119558037 0.000000000000 -0.013118049888 0.000000000000 0.012872033127 0.000000000000 0.587756019333 0.000000000000 3.353045478983 0.000000000000 -0.072427256096 0.000000000000 0.391980676329 0.000000000000 0.074314278325 0.000000000000 0.721266566565 0.000000000000 2.162964816532 0.000000000000 -0.040110711198 0.000000000000 
Arquivo CSV criado com sucesso em: dataset\decomposition_based\random_walk\l100\fv_3000
3000. Decomposition 0.508363099360 0.000000000000 0.128285687141 0.000000000000 0.649125621863 0.000000000000 3.410119196441 0.000000000000 -0.129117398611 0.000000000000 -0.014116772344 0.000000000000 0.012726155961 0.000000000000 0.587449171390 0.000000000000 3.271308455235 0.000000000000 0.065902855883 0.000000000000 0.391820512821 0.000000000000 0.070694074734 0.000000000000 0.674047351066 0.000000000000 2.395387618163 0.000000000000 -0.045020972084 0.000000000000 
Arquivo CSV criado com sucesso em: dataset\decomposition_based\random_walk\l100\fv_3300
3300. Decomposition 0.513850298779 0.000000000000 0.123546985975 0.000000000000 0.626237298574 0.000000000000 3.642414867670 0.000000000000 -0.253982357414 0.000000000000 -0.014122837630 0.000000000000 0.012166917283 0.000000000000 0.584096658240 0.000000000000 3.559205441567 0.000000000000 0.070674422202 0.000000000000 0.392900919305 0.000000000000 0.067618435774 0.000000000000 0.668888985891 0.000000000000 2.606747321468 0.000000000000 -0.092906137053 0.000000000000 
Arquivo CSV criado com sucesso em: dataset\decomposition_based\random_walk\l100\fv_3600
3600. Decomposition 0.523041878862 0.000000000000 0.122268510982 0.000000000000 0.653040654253 0.000000000000 3.630906157199 0.000000000000 -0.400026972989 0.000000000000 -0.013170225666 0.000000000000 0.012141103600 0.000000000000 0.600963720728 0.000000000000 3.409647562050 0.000000000000 -0.066514613218 0.000000000000 0.396938058748 0.000000000000 0.068014489716 0.000000000000 0.644729132891 0.000000000000 2.540617550337 0.000000000000 -0.128781336995 0.000000000000 
Arquivo CSV criado com sucesso em: dataset\decomposition_based\random_walk\l100\fv_3900
3900. Decomposition 0.527721271926 0.000000000000 0.119649034368 0.000000000000 0.642469131904 0.000000000000 3.752300083155 0.000000000000 -0.477684596110 0.000000000000 -0.012462266986 0.000000000000 0.011954897977 0.000000000000 0.619583797682 0.000000000000 3.423862161778 0.000000000000 -0.192674690165 0.000000000000 0.404134983790 0.000000000000 0.069928862126 0.000000000000 0.691118113821 0.000000000000 2.379891846546 0.000000000000 -0.235268676237 0.000000000000 
Arquivo CSV criado com sucesso em: dataset\decomposition_based\random_walk\l100\fv_4200
4200. Decomposition 0.531609187489 0.000000000000 0.116505263405 0.000000000000 0.635329548286 0.000000000000 3.955500749131 0.000000000000 -0.565438303385 0.000000000000 -0.011458975616 0.000000000000 0.012849772663 0.000000000000 0.622532650528 0.000000000000 3.215337474272 0.000000000000 0.041041793241 0.000000000000 0.409485049834 0.000000000000 0.074917581329 0.000000000000 0.593910800229 0.000000000000 2.993805674952 0.000000000000 0.118658176525 0.000000000000 
Arquivo CSV criado com sucesso em: dataset\decomposition_based\random_walk\l100\fv_4500
4500. Decomposition 0.538602101628 0.000000000000 0.117498892737 0.000000000000 0.648082357566 0.000000000000 3.869424912167 0.000000000000 -0.568157953831 0.000000000000 -0.010313420387 0.000000000000 0.013215330288 0.000000000000 0.644305658409 0.000000000000 2.964760890043 0.000000000000 -0.031392384126 0.000000000000 0.416549019608 0.000000000000 0.077603533057 0.000000000000 0.649500207432 0.000000000000 2.770424473804 0.000000000000 0.057042263413 0.000000000000 
Arquivo CSV criado com sucesso em: dataset\decomposition_based\random_walk\l100\fv_4800
4800. Decomposition 0.542023327000 0.000000000000 0.114826543513 0.000000000000 0.623859583231 0.000000000000 4.059530787197 0.000000000000 -0.646205277740 0.000000000000 -0.009181687240 0.000000000000 0.013824564644 0.000000000000 0.601376063972 0.000000000000 2.957919469453 0.000000000000 0.043161639226 0.000000000000 0.422156862745 0.000000000000 0.080206654703 0.000000000000 0.620546676068 0.000000000000 2.784315436078 0.000000000000 0.098983334856 0.000000000000 
Arquivo CSV criado com sucesso em: dataset\decomposition_based\random_walk\l100\fv_5100
5100. Decomposition 0.544291158003 0.000000000000 0.112005830687 0.000000000000 0.620254874346 0.000000000000 4.280568764669 0.000000000000 -0.708590237522 0.000000000000 -0.008761039832 0.000000000000 0.013532467275 0.000000000000 0.604446876216 0.000000000000 3.041491108227 0.000000000000 -0.036907995668 0.000000000000 0.424682814302 0.000000000000 0.078314211291 0.000000000000 0.636023888692 0.000000000000 2.878359170901 0.000000000000 0.009270289056 0.000000000000 
Arquivo CSV criado com sucesso em: dataset\decomposition_based\random_walk\l100\fv_5400
5400. Decomposition 0.541412165791 0.000000000000 0.109786482846 0.000000000000 0.596064777339 0.000000000000 4.319448664003 0.000000000000 -0.645827599369 0.000000000000 -0.008764151980 0.000000000000 0.013520252475 0.000000000000 0.566419363648 0.000000000000 2.949095472883 0.000000000000 -0.004210105189 0.000000000000 0.424705882353 0.000000000000 0.077087922128 0.000000000000 0.620361916648 0.000000000000 2.912585469103 0.000000000000 0.015248757784 0.000000000000 
Arquivo CSV criado com sucesso em: dataset\decomposition_based\random_walk\l100\fv_5700
5700. Decomposition 0.531217432980 0.000000000000 0.115497130060 0.000000000000 0.650593408154 0.000000000000 3.591378146915 0.000000000000 -0.527686936339 0.000000000000 -0.009178936302 0.000000000000 0.013454460117 0.000000000000 0.541563478509 0.000000000000 2.924687708375 0.000000000000 0.019221223521 0.000000000000 0.424148606811 0.000000000000 0.075986354522 0.000000000000 0.609610104090 0.000000000000 2.938212538264 0.000000000000 0.039481481559 0.000000000000 
Arquivo CSV criado com sucesso em: dataset\decomposition_based\random_walk\l100\fv_6000
6000. Decomposition 0.513888902258 0.000000000000 0.135651615002 0.000000000000 0.764704327959 0.000000000000 3.483299168924 0.000000000000 -0.767744107645 0.000000000000 -0.010207963187 0.000000000000 0.013840193058 0.000000000000 0.585445163748 0.000000000000 2.727070172962 0.000000000000 0.078441714203 0.000000000000 0.419245098039 0.000000000000 0.077386825626 0.000000000000 0.622236154204 0.000000000000 2.819411462473 0.000000000000 0.090327587075 0.000000000000 
Arquivo CSV criado com sucesso em: dataset\decomposition_based\random_walk\l100\fv_6300
6300. Decomposition 0.502024387501 0.000000000000 0.143072595815 0.000000000000 0.789188322723 0.000000000000 2.974519648649 0.000000000000 -0.658228067035 0.000000000000 -0.010680051261 0.000000000000 0.013745547411 0.000000000000 0.586967638130 0.000000000000 2.731237983321 0.000000000000 0.138379731716 0.000000000000 0.417002801120 0.000000000000 0.076318797443 0.000000000000 0.626954160196 0.000000000000 2.869635822567 0.000000000000 0.159342976110 0.000000000000 
Arquivo CSV criado com sucesso em: dataset\decomposition_based\random_walk\l100\fv_6600
6600. Decomposition 0.489838482450 0.000000000000 0.150951246167 0.000000000000 0.810644458380 0.000000000000 2.616702884578 0.000000000000 -0.575587446948 0.000000000000 -0.010974932039 0.000000000000 0.013498176901 0.000000000000 0.583932873971 0.000000000000 2.814581046333 0.000000000000 0.201976705602 0.000000000000 0.417219251337 0.000000000000 0.075033776286 0.000000000000 0.601332553322 0.000000000000 2.935960817469 0.000000000000 0.153607438575 0.000000000000 
Arquivo CSV criado com sucesso em: dataset\decomposition_based\random_walk\l100\fv_6900
6900. Decomposition 0.486842430867 0.000000000000 0.149950963275 0.000000000000 0.784076316639 0.000000000000 2.564459490635 0.000000000000 -0.532180155314 0.000000000000 -0.010548400341 0.000000000000 0.013370155739 0.000000000000 0.572085241604 0.000000000000 2.799304704259 0.000000000000 0.132598527190 0.000000000000 0.420443307758 0.000000000000 0.074924658733 0.000000000000 0.600186626007 0.000000000000 2.852733088541 0.000000000000 0.064996725715 0.000000000000 
Arquivo CSV criado com sucesso em: dataset\decomposition_based\random_walk\l100\fv_7200
7200. Decomposition 0.489314294873 0.000000000000 0.147593040053 0.000000000000 0.782502533382 0.000000000000 2.661314508425 0.000000000000 -0.577211025649 0.000000000000 -0.010460560816 0.000000000000 0.013136961575 0.000000000000 0.566682427760 0.000000000000 2.878380795685 0.000000000000 0.118811960851 0.000000000000 0.420718954248 0.000000000000 0.073430863517 0.000000000000 0.598661523828 0.000000000000 2.962517114804 0.000000000000 0.055635209935 0.000000000000 
Arquivo CSV criado com sucesso em: dataset\decomposition_based\random_walk\l100\fv_7500
7500. Decomposition 0.476375794133 0.000000000000 0.146952630331 0.000000000000 0.819548011631 0.000000000000 2.666842326848 0.000000000000 -0.466426334038 0.000000000000 -0.008482432506 0.000000000000 0.014057546987 0.000000000000 0.671501034559 0.000000000000 3.271056750902 0.000000000000 0.416981420146 0.000000000000 0.429678431373 0.000000000000 0.083450849182 0.000000000000 0.712796797082 0.000000000000 3.759998466913 0.000000000000 0.478990030790 0.000000000000 
Arquivo CSV criado com sucesso em: dataset\decomposition_based\random_walk\l100\fv_7800
7800. Decomposition 0.487778220894 0.000000000000 0.155226560440 0.000000000000 0.842986391105 0.000000000000 2.701512113405 0.000000000000 -0.314684976940 0.000000000000 -0.007328602933 0.000000000000 0.014923665114 0.000000000000 0.712925430851 0.000000000000 2.853142028773 0.000000000000 0.396110684504 0.000000000000 0.437625152625 0.000000000000 0.090842408170 0.000000000000 0.761400462853 0.000000000000 3.248954234625 0.000000000000 0.523695052561 0.000000000000 
Arquivo CSV criado com sucesso em: dataset\decomposition_based\random_walk\l100\fv_8100
8100. Decomposition 0.435775653284 0.000000000000 0.149986481714 0.000000000000 0.891261041439 0.000000000000 3.206736480232 0.000000000000 0.121010243079 0.000000000000 -0.005288379256 0.000000000000 0.013754155719 0.000000000000 0.755641497493 0.000000000000 2.650548421317 0.000000000000 0.413128935484 0.000000000000 0.444609053498 0.000000000000 0.096335558807 0.000000000000 0.774927933385 0.000000000000 3.007538135133 0.000000000000 0.525528353656 0.000000000000 
Arquivo CSV criado com sucesso em: dataset\decomposition_based\random_walk\l100\fv_8400
8400. Decomposition 0.449040427622 0.000000000000 0.162642088103 0.000000000000 0.913125296958 0.000000000000 3.089274533774 0.000000000000 0.274004522088 0.000000000000 -0.004634253479 0.000000000000 0.013971957613 0.000000000000 0.754570596331 0.000000000000 2.490053446559 0.000000000000 0.343924406240 0.000000000000 0.448835341365 0.000000000000 0.097179333763 0.000000000000 0.782174850244 0.000000000000 2.804933302450 0.000000000000 0.432528044316 0.000000000000 
Arquivo CSV criado com sucesso em: dataset\decomposition_based\random_walk\l100\fv_8700
8700. Decomposition 0.458806201120 0.000000000000 0.168329670478 0.000000000000 0.901490598394 0.000000000000 2.869256759653 0.000000000000 0.250198679866 0.000000000000 -0.003939413429 0.000000000000 0.014270203988 0.000000000000 0.763601187822 0.000000000000 2.379343826652 0.000000000000 0.297811409199 0.000000000000 0.453179142136 0.000000000000 0.098302706397 0.000000000000 0.793647704089 0.000000000000 2.621592790854 0.000000000000 0.349750308710 0.000000000000 
Arquivo CSV criado com sucesso em: dataset\decomposition_based\random_walk\l100\fv_9000
9000. Decomposition 0.461263516141 0.000000000000 0.166552881908 0.000000000000 0.892049040773 0.000000000000 2.887107302655 0.000000000000 0.214828214500 0.000000000000 -0.003710175558 0.000000000000 0.014128225964 0.000000000000 0.757164218943 0.000000000000 2.392351503497 0.000000000000 0.262587132126 0.000000000000 0.454593495935 0.000000000000 0.097061317044 0.000000000000 0.788549338764 0.000000000000 2.650980499783 0.000000000000 0.313300040020 0.000000000000 
Arquivo CSV criado com sucesso em: dataset\decomposition_based\random_walk\l100\fv_9300
9300. Decomposition 0.461988240196 0.000000000000 0.164119306002 0.000000000000 0.886632463760 0.000000000000 2.960099284617 0.000000000000 0.204783428147 0.000000000000 -0.003622469561 0.000000000000 0.013946899876 0.000000000000 0.756962486472 0.000000000000 2.435171680315 0.000000000000 0.250007500752 0.000000000000 0.455447154472 0.000000000000 0.095924341649 0.000000000000 0.788579552095 0.000000000000 2.684169722299 0.000000000000 0.294131502613 0.000000000000 
Arquivo CSV criado com sucesso em: dataset\decomposition_based\random_walk\l100\fv_9600
9600. Decomposition 0.460044576781 0.000000000000 0.161924596742 0.000000000000 0.885886357791 0.000000000000 3.037961328975 0.000000000000 0.240378938774 0.000000000000 -0.003797704142 0.000000000000 0.013775043721 0.000000000000 0.750981980994 0.000000000000 2.495604620463 0.000000000000 0.284645758661 0.000000000000 0.453960873984 0.000000000000 0.094981615163 0.000000000000 0.782460623518 0.000000000000 2.731883202004 0.000000000000 0.332718992625 0.000000000000 
Arquivo CSV criado com sucesso em: dataset\decomposition_based\random_walk\l100\fv_9900
9900. Decomposition 0.461246083064 0.000000000000 0.159605533124 0.000000000000 0.882349077880 0.000000000000 3.114038849747 0.000000000000 0.221366900545 0.000000000000 -0.003667171910 0.000000000000 0.013581544023 0.000000000000 0.749615644422 0.000000000000 2.551059355307 0.000000000000 0.261551150293 0.000000000000 0.455454545455 0.000000000000 0.093768172405 0.000000000000 0.778659921644 0.000000000000 2.770042289524 0.000000000000 0.294435896226 0.000000000000 
Arquivo CSV criado com sucesso em: dataset\decomposition_based\random_walk\l100\fv_10200
10200. Decomposition 0.487051337226 0.487050430443 0.002982051979 0.002981739906 -0.058847127670 0.941152872330 2.071317136080 1.071317136080 0.108892562541 0.108892562541 0.000636172749 0.000636179917 0.000207894596 0.000207868037 -0.126103591803 0.873896408197 1.786543503835 0.786543503835 0.129366474837 0.129366474837 0.528984567901 0.073484567901 0.047910980574 0.045441844772 -0.111799973550 0.888200026450 1.895772591529 0.895772591529 0.147422574969 0.147422574969 
Arquivo CSV criado com sucesso em: dataset\decomposition_based\random_walk\l100\fv_10500
10500. Decomposition 0.486536203469 0.486535296686 0.002037993313 0.002037681241 0.123650120948 0.758655623712 2.670859609413 0.471774662747 0.415758576850 0.197973451769 0.000449224474 0.000449231641 0.000213725668 0.000213699109 0.575637162262 0.172155654133 2.501933060044 0.071153947627 -0.294950190489 0.553683140163 0.502367283951 0.046867283951 0.070464950423 0.022887874923 0.623822376369 0.152577676532 2.098467441070 0.693077741989 -0.042181121259 0.337026271198 
Arquivo CSV criado com sucesso em: dataset\decomposition_based\random_walk\l100\fv_10800
10800. Decomposition 0.485841739161 0.485840832379 0.002248512680 0.002248200607 0.094674938394 0.787630806266 2.840902095186 0.301732176974 0.224449158489 0.006664033408 0.000480060614 0.000480067782 0.000351986693 0.000351960134 0.502488545986 0.245304270409 2.434154185552 0.138932822119 -0.184810413476 0.443543363150 0.494493827160 0.038993827160 0.075420539095 0.017932286251 0.547908614957 0.228491437944 2.582098370290 0.209446812768 -0.202434752284 0.497279902223 
Arquivo CSV criado com sucesso em: dataset\decomposition_based\random_walk\l100\fv_11100
11100. Decomposition 0.486307322996 0.486306416213 0.002937874808 0.002937562735 0.443516331571 0.438789413090 2.763141837647 0.379492434514 0.306711221217 0.088926096135 0.000539158641 0.000539165809 0.000359948198 0.000359921639 0.459990629230 0.287802187165 2.435170693934 0.137916313737 -0.150581538534 0.409314488208 0.500931818182 0.045431818182 0.076469084688 0.016883740658 0.541301111545 0.235098941356 2.649445294733 0.142099888326 -0.154978369256 0.449823519195 
Arquivo CSV criado com sucesso em: dataset\decomposition_based\random_walk\l100\fv_11400
11400. Decomposition 0.481361307071 0.481360412427 0.004133358577 0.004133050681 0.774299540273 0.108006204388 2.796952581229 0.345681690931 0.387187032898 0.169401907817 0.000716193166 0.000716200238 0.000476687216 0.000476661013 0.656411495467 0.091381320927 2.418372465135 0.154714542536 0.097467755289 0.161265194384 0.507303571429 0.051803571429 0.076465879077 0.016886946268 0.596676233454 0.179723819447 2.819362956030 0.027817772972 -0.242406036615 0.537251186554 
Arquivo CSV criado com sucesso em: dataset\decomposition_based\random_walk\l100\fv_11700
11700. Decomposition 0.482152707388 0.482151812744 0.004281788719 0.004281480823 0.732027974451 0.150277770210 2.551959486679 0.590674785481 0.234313795781 0.016528670699 0.000742835036 0.000742842108 0.000481775991 0.000481749788 0.612814682477 0.134978133918 2.415133317100 0.157953690571 0.164411577857 0.094321371817 0.511648944193 0.056148944193 0.075850833064 0.017501992282 0.623782465428 0.152617587473 3.028852436975 0.237307253916 -0.313314938510 0.608160088449 
Arquivo CSV criado com sucesso em: dataset\decomposition_based\random_walk\l100\fv_12000
12000. Decomposition 0.483064336599 0.483063441955 0.004567469043 0.004567161148 0.760970988546 0.121334756115 2.463128364979 0.679505907182 0.123823928438 0.093961196644 0.000801861213 0.000801868285 0.000494378756 0.000494352553 0.627101670217 0.120691146178 2.312035949629 0.261051058042 0.110717792880 0.148015156794 0.513987179487 0.058487179487 0.077267463943 0.016085361403 0.627785608187 0.148614444714 2.927091231119 0.135546048060 -0.145298766652 0.440143916591 
Arquivo CSV criado com sucesso em: dataset\decomposition_based\random_walk\l100\fv_12300
12300. Decomposition 0.482849146528 0.482848251883 0.004330821911 0.004330514016 0.742956810860 0.139348933800 2.546180624288 0.596453647872 0.187609579530 0.030175545552 0.000778026161 0.000778033233 0.000533046396 0.000533020193 0.513788664699 0.234004151696 2.266362188774 0.306724818896 0.133579592259 0.125153357415 0.513981884058 0.058481884058 0.078368688326 0.014984137020 0.510708320612 0.265691732289 2.759469719263 0.032075463796 -0.075901874546 0.370747024485 
Arquivo CSV criado com sucesso em: dataset\decomposition_based\random_walk\l100\fv_12600
12600. Decomposition 0.482746514230 0.482745619586 0.004222903269 0.004222595374 0.736786079904 0.145519664757 2.581280022473 0.561354249688 0.182364836938 0.035420288143 0.000764625919 0.000764632991 0.000495902272 0.000495876069 0.517548315040 0.230244501355 2.401676414059 0.171410593611 0.136600291947 0.122132657727 0.513213510848 0.057713510848 0.075384565520 0.017968259825 0.505645977882 0.270754075018 3.018056313308 0.226511130249 -0.155709004119 0.450554154057 
Arquivo CSV criado com sucesso em: dataset\decomposition_based\random_walk\l100\fv_12900
12900. Decomposition 0.481528779549 0.481527884905 0.005374352058 0.005374044163 0.836760777674 0.045544966986 2.818915325709 0.323718946451 -0.061994606261 0.279779731343 0.000727604334 0.000727611406 0.000481208594 0.000481182391 0.523488859277 0.224303957117 2.454558610675 0.118528396996 0.217625953647 0.041106996027 0.512206233422 0.056706233422 0.074462599925 0.018890225421 0.514806848296 0.261593204605 3.025665270836 0.234120087777 -0.113888489613 0.408733639551 
Arquivo CSV criado com sucesso em: dataset\decomposition_based\random_walk\l100\fv_13200
13200. Decomposition 0.480466177903 0.480465283258 0.006113815073 0.006113507178 0.861162877242 0.021142867419 2.671691706281 0.470942565879 -0.052376143546 0.270161268627 0.000711564727 0.000711571799 0.000485085931 0.000485059728 0.501100194483 0.246692621912 2.415613401793 0.157473605877 0.201693917588 0.057039032086 0.513210737179 0.057710737179 0.075120473838 0.018232351508 0.501580854606 0.274819198295 2.991235487784 0.199690304725 -0.019757985608 0.314603135546 
Arquivo CSV criado com sucesso em: dataset\decomposition_based\random_walk\l100\fv_13500
13500. Decomposition 0.479438555623 0.479437660978 0.006754008692 0.006753700796 0.890574648235 0.008268903574 2.560754602364 0.581879669796 -0.020560770365 0.238345895447 0.000674094423 0.000674101495 0.000465455833 0.000465429630 0.527769972159 0.220022844236 2.540303195784 0.032783811887 0.303998353064 0.045265403391 0.511306390977 0.055806390977 0.073118842648 0.020233982697 0.487989581123 0.288410471778 3.053237409448 0.261692226389 -0.069464594263 0.364309744202 
Arquivo CSV criado com sucesso em: dataset\decomposition_based\random_walk\l100\fv_13800
13800. Decomposition 0.478730437381 0.478729542736 0.006946499326 0.006946191430 0.881792022021 0.000513722640 2.481269913221 0.661364358939 0.052321413714 0.165463711368 0.000670011657 0.000670018729 0.000456790457 0.000456764253 0.528235862697 0.219556953698 2.558924163446 0.014162844224 0.297285001169 0.038552051495 0.511274930748 0.055774930748 0.073528193795 0.019824631551 0.485173030858 0.291227022043 2.955112364613 0.163567181554 0.005548552268 0.289296597670 
Arquivo CSV criado com sucesso em: dataset\decomposition_based\random_walk\l100\fv_14100
14100. Decomposition 0.478131516827 0.478130622182 0.007034819805 0.007034511910 0.888321463955 0.006015719295 2.442212660348 0.700421611812 0.120675111826 0.097110013256 0.000646971523 0.000646978595 0.000452758453 0.000452732250 0.523689426172 0.224103390223 2.612099901662 0.039012893991 0.317009043680 0.058276094006 0.510054236200 0.054554236200 0.072714406025 0.020638419321 0.473588807812 0.302811245089 2.965991713538 0.174446530479 -0.008998864212 0.303844014150 
Arquivo CSV criado com sucesso em: dataset\decomposition_based\random_walk\l100\fv_14400
14400. Decomposition 0.477269534146 0.477268639502 0.007510904948 0.007510597052 0.896411792273 0.014106047612 2.458736177244 0.683898094916 0.121595956987 0.096189168095 0.000617677844 0.000617684916 0.000449642395 0.000449616192 0.544190962889 0.203601853506 2.637679138256 0.064592130586 0.376837611729 0.118104662056 0.509340909091 0.053840909091 0.072410470564 0.020942354782 0.479619310118 0.296780742783 2.941889304893 0.150344121834 0.015731887855 0.279113262083 
Arquivo CSV criado com sucesso em: dataset\decomposition_based\random_walk\l100\fv_14700
14700. Decomposition 0.476567894219 0.476566999575 0.007759779713 0.007759471817 0.902891988757 0.020586244096 2.439726845623 0.702907426538 0.158744520250 0.059040604832 0.000595779638 0.000595786710 0.000444177678 0.000444151475 0.557112064651 0.190680751743 2.689671260701 0.116584253031 0.422120166193 0.163387216519 0.508449888018 0.052949888018 0.072144522423 0.021208302923 0.493234873204 0.283165179696 2.931424519076 0.139879336017 0.041001963682 0.253843186257 
Arquivo CSV criado com sucesso em: dataset\decomposition_based\random_walk\l100\fv_15000
15000. Decomposition 0.475892696906 0.475891802261 0.007985707124 0.007985399229 0.904774298053 0.022468553392 2.427327449401 0.715306822760 0.194150056527 0.023635068555 0.000582035582 0.000582042654 0.000438387644 0.000438361441 0.559644665549 0.188148150846 2.732820044397 0.159733036727 0.444007111649 0.185274161975 0.508450000000 0.052950000000 0.071616540980 0.021736284365 0.490084611125 0.286315441775 2.970600896211 0.179055713152 0.036255748675 0.258589401264 
Arquivo CSV criado com sucesso em: dataset\decomposition_based\random_walk\l100\fv_15300
15300. Decomposition 0.474764766667 0.474763872022 0.009024766558 0.009024458663 0.927124992662 0.044819248001 2.674958141086 0.467676131075 0.045096460789 0.172688664292 0.000523730360 0.000523737432 0.000488189396 0.000488163192 0.618773498814 0.129019317581 2.832653346716 0.259566339046 0.244530067645 0.014202882029 0.505800314465 0.050300314465 0.074305916867 0.019046908479 0.508898320365 0.267501732535 3.365430921612 0.573885738554 -0.140955227223 0.435800377161 
Arquivo CSV criado com sucesso em: dataset\decomposition_based\random_walk\l100\fv_15600
15600. Decomposition 0.473389752690 0.473388858046 0.010554199925 0.010553892029 0.950123996047 0.067818251386 3.035812916439 0.106821355721 -0.148179487338 0.365964612420 0.000489009692 0.000489016764 0.000502955625 0.000502929422 0.638962478761 0.108830337634 2.816658803941 0.243571796270 0.225878813616 0.032854136057 0.503360521236 0.047860521236 0.076539978036 0.016812847310 0.523526207883 0.252873845017 3.376156042261 0.584610859203 -0.212241751731 0.507086901670 
Arquivo CSV criado com sucesso em: dataset\decomposition_based\random_walk\l100\fv_15900
15900. Decomposition 0.471925089416 0.471924194772 0.012074717761 0.012074409866 0.943534019154 0.061228274493 3.006854232734 0.135780039426 -0.217026841593 0.434811966675 0.000436233098 0.000436240170 0.000541133121 0.000541106917 0.682355652063 0.065437164332 2.727125129985 0.154038122314 0.163035615113 0.095697334561 0.500838512241 0.045338512241 0.077736747748 0.015616077597 0.573202548145 0.203197504756 2.997146960501 0.205601777443 -0.129011690133 0.423856840072 
Arquivo CSV criado com sucesso em: dataset\decomposition_based\random_walk\l100\fv_16200
16200. Decomposition 0.470769754931 0.470768860286 0.012846226227 0.012845918332 0.933613121685 0.051307377025 2.803885921495 0.338748350665 -0.169256108955 0.387041234037 0.000385142381 0.000385149453 0.000578794704 0.000578768501 0.714589440555 0.033203375839 2.706762571444 0.133675563773 0.102431435611 0.156301514062 0.498239550204 0.042739550204 0.079180401252 0.014172424094 0.611585459978 0.164814592923 2.799751375888 0.008206192829 -0.084617725906 0.379462875845 
Arquivo CSV criado com sucesso em: dataset\decomposition_based\random_walk\l100\fv_16500
16500. Decomposition 0.469782664885 0.469781770240 0.013325345447 0.013325037552 0.932441771395 0.050136026734 2.658511045855 0.484123226305 -0.113170030074 0.330955155156 0.000346305061 0.000346312132 0.000592286050 0.000592259847 0.720274488344 0.027518328051 2.602964737271 0.029877729600 0.137752789032 0.120980160642 0.495909263272 0.040409263272 0.080291471931 0.013061353414 0.633694163316 0.142705889585 2.682076644270 0.109468538789 -0.047573242017 0.342418391955 
Arquivo CSV criado com sucesso em: dataset\decomposition_based\random_walk\l100\fv_16800
16800. Decomposition 0.468834847598 0.468833952954 0.013763371807 0.013763063911 0.935800942751 0.053495198090 2.562146011995 0.580488260165 -0.067146064027 0.284931189109 0.000337154374 0.000337161446 0.000579771431 0.000579745228 0.711855582391 0.035937234004 2.640389832760 0.067302825090 0.168970663065 0.089762286609 0.495361847556 0.039861847556 0.079613052044 0.013739773302 0.631025170207 0.145374882694 2.707863727233 0.083681455826 -0.022267443959 0.317112593898 
Arquivo CSV criado com sucesso em: dataset\decomposition_based\random_walk\l100\fv_17100
17100. Decomposition 0.467775101154 0.467774206510 0.014390289777 0.014389981882 0.933725775240 0.051420030579 2.508199126857 0.634435145303 -0.042295454018 0.260080579100 0.000309081855 0.000309088927 0.000583281960 0.000583255757 0.717840917048 0.029951899347 2.600904433575 0.027817425904 0.205399486049 0.053333463625 0.493897589764 0.038397589764 0.079597472291 0.013755353054 0.638467744629 0.137932308272 2.652917824689 0.138627358370 0.028478976727 0.266366173212 
Arquivo CSV criado com sucesso em: dataset\decomposition_based\random_walk\l100\fv_17400
17400. Decomposition 0.466894029700 0.466893135055 0.014739196255 0.014738888359 0.931585700415 0.049279955754 2.451764753787 0.690869518373 -0.003177552675 0.220962677757 0.000302958607 0.000302965679 0.000582840060 0.000582813856 0.704645328408 0.043147487987 2.589704338080 0.016617330409 0.196448422802 0.062284526871 0.494186048725 0.038686048725 0.080214322797 0.013138502549 0.621275459930 0.155124592971 2.631117434316 0.160427748743 0.034725569918 0.260119580021 
Arquivo CSV criado com sucesso em: dataset\decomposition_based\random_walk\l100\fv_17700
17700. Decomposition 0.466104953891 0.466104059247 0.014980142727 0.014979834831 0.933505363151 0.051199618491 2.411791318415 0.730842953746 0.034883290248 0.182901834834 0.000293306498 0.000293313570 0.000593666965 0.000593640761 0.691722934047 0.056069882347 2.672184177620 0.099097169949 0.137101798723 0.121631150951 0.493368254984 0.037868254984 0.080712748663 0.012640076683 0.612943026101 0.163457026800 2.792744073120 0.001198890061 -0.021431825039 0.316276974977 
Arquivo CSV criado com sucesso em: dataset\decomposition_based\random_walk\l100\fv_18000
18000. Decomposition 0.465562542620 0.465561647976 0.014951612992 0.014951305096 0.928631158776 0.046325414116 2.394094453348 0.748539818813 0.074651555532 0.143133569550 0.000270474386 0.000270481458 0.000591020508 0.000590994304 0.691658746540 0.056134069855 2.700296834400 0.127209826729 0.154519552505 0.104213397168 0.492112676056 0.036612676056 0.082068113930 0.011284711416 0.592483708166 0.183916344735 2.864493716950 0.072948533892 -0.071473590348 0.366318740287 
Arquivo CSV criado com sucesso em: dataset\decomposition_based\random_walk\l100\fv_18300
18300. Decomposition 0.465067096439 0.465066201795 0.014902069318 0.014901761423 0.929000574661 0.046694830000 2.385470255692 0.757164016469 0.111046473087 0.106738651995 0.000284352182 0.000284359254 0.000579866915 0.000579840712 0.675277050527 0.072515765868 2.720509373016 0.147422365346 0.143148483744 0.115584465930 0.493171686747 0.037671686747 0.080943302970 0.012409522375 0.572923113421 0.203476939480 2.750561146140 0.040984036919 -0.030578257209 0.325423407148 
Arquivo CSV criado com sucesso em: dataset\decomposition_based\random_walk\l100\fv_18600
18600. Decomposition 0.464662670112 0.464661775467 0.014798499115 0.014798191220 0.927383834872 0.045078090211 2.388635234491 0.753999037670 0.142831732440 0.074953392642 0.000278381832 0.000278388904 0.000570383735 0.000570357531 0.673444629290 0.074348187104 2.765539140783 0.192452133112 0.157538738120 0.101194211553 0.492343023256 0.036843023256 0.080236625102 0.013116200243 0.573809273840 0.202590779061 2.794417909349 0.002872726290 -0.006639470001 0.301484619940 
Arquivo CSV criado com sucesso em: dataset\decomposition_based\random_walk\l100\fv_18900
18900. Decomposition 0.464353927087 0.464353032443 0.014645077322 0.014644769426 0.926663374854 0.044357630194 2.401742848776 0.740891423384 0.169681569601 0.048103555481 0.000278157525 0.000278164597 0.000564026648 0.000564000445 0.670086735166 0.077706081229 2.786655846359 0.213568838688 0.154346691412 0.104386258262 0.492782102729 0.037282102729 0.080070708204 0.013282117142 0.570921629345 0.205478423556 2.792584060797 0.001038877738 -0.019208040146 0.314053190085 
Arquivo CSV criado com sucesso em: dataset\decomposition_based\random_walk\l100\fv_19200
19200. Decomposition 0.464291121701 0.464290227057 0.014420693165 0.014420385270 0.925582539486 0.043276794825 2.427201450979 0.715432821181 0.176501618011 0.041283507071 0.000295916856 0.000295923928 0.000567306477 0.000567280274 0.670924881205 0.076867935189 2.748442604561 0.175355596890 0.138889148814 0.119843800860 0.494536389414 0.039036389414 0.080983159094 0.012369666252 0.592728295296 0.183671757605 2.770059653029 0.021485530029 -0.002187246528 0.297032396466 
Arquivo CSV criado com sucesso em: dataset\decomposition_based\random_walk\l100\fv_19500
19500. Decomposition 0.464197428662 0.464196534018 0.014211691342 0.014211383446 0.925497378396 0.043191633736 2.452139713820 0.690494558341 0.186663972593 0.031121152489 0.000310715116 0.000310722188 0.000569327475 0.000569301272 0.668880094621 0.078912721774 2.741729832106 0.168642824435 0.133383101678 0.125349847996 0.495680871956 0.040180871956 0.081283939782 0.012068885564 0.592879649095 0.183520403805 2.768498860370 0.023046322689 -0.002185301057 0.297030450996 
Arquivo CSV criado com sucesso em: dataset\decomposition_based\random_walk\l100\fv_19800
19800. Decomposition 0.463851247699 0.463850353055 0.014128535263 0.014128227367 0.925947776424 0.043642031763 2.460575557751 0.682058714410 0.214346660138 0.003438464944 0.000323060566 0.000323067638 0.000566403610 0.000566377407 0.670998022058 0.076794794337 2.745231009542 0.172144001871 0.114415579939 0.144317369734 0.496612090291 0.041112090291 0.081652056861 0.011700768484 0.598078244190 0.178321808711 2.816690654986 0.025145471927 0.024371672588 0.270473477351 
Arquivo CSV criado com sucesso em: dataset\decomposition_based\random_walk\l100\fv_20100
20100. Decomposition 0.501986792701 0.400910280834 0.005300197504 0.007495488000 0.617396543412 0.438026902944 2.470708625276 0.671925646884 0.230875505665 0.013090380583 -0.000362198572 0.000778670830 0.000210695379 0.000297957778 0.445496329026 0.321639726040 2.782138114026 0.209051106355 0.118665926012 0.140067023662 0.469328205128 0.050643019630 0.053898180093 0.039455876402 0.394130705228 0.317074943179 2.785513765379 0.006031417680 -0.020642554584 0.315487704522 
Arquivo CSV criado com sucesso em: dataset\decomposition_based\random_walk\l100\fv_20400
20400. Decomposition 0.496068704279 0.396093897842 0.007658734329 0.006423970629 0.630432179208 0.419655942815 2.325352220987 0.585872299934 0.014872675877 0.305661060100 0.000090671103 0.000188621709 0.000538720282 0.000409229623 0.263869491519 0.575549223174 2.605903361063 0.302079933709 0.423290150585 0.445725270922 0.496335416667 0.033313098155 0.077404964261 0.011311861630 0.164961563573 0.621464963936 2.439264532949 0.489695123436 0.087335781528 0.299455567002 
Arquivo CSV criado com sucesso em: dataset\decomposition_based\random_walk\l100\fv_20700
20700. Decomposition 0.491046696628 0.390110700188 0.011335616861 0.008083556011 0.903083956315 0.048345848219 2.069819997893 0.788931407934 0.134876554321 0.136183097436 -0.000147427120 0.000480444873 0.000564032351 0.000437788491 0.512153333044 0.230103291042 3.138584953948 0.532206359814 0.548289039355 0.618248509729 0.483459259259 0.037941128680 0.074371704385 0.013715873202 0.341822819822 0.383719998008 3.267774406288 0.682037318289 0.521057323017 0.808228005736 
Arquivo CSV criado com sucesso em: dataset\decomposition_based\random_walk\l100\fv_21000
21000. Decomposition 0.489587520921 0.388379313415 0.011108933669 0.007892739467 0.868086407956 0.089488951257 2.139818549044 0.721086588692 0.264031839952 0.048092865542 -0.000180693350 0.000525510541 0.000550410399 0.000422282186 0.513628358092 0.228102876922 3.138860519990 0.532575496881 0.520513536491 0.579691456587 0.482479569892 0.038623420055 0.075894616597 0.012382117276 0.395327960215 0.315587763589 2.882622598990 0.137420897720 0.334486365782 0.564436085514 
Arquivo CSV criado com sucesso em: dataset\decomposition_based\random_walk\l100\fv_21300
21300. Decomposition 0.491349996143 0.390470985902 0.011323098202 0.008072803658 0.885572563797 0.067545743748 2.083572680828 0.775072810942 0.089466696197 0.200267674624 -0.000228223451 0.000590435602 0.000506851923 0.000375043835 0.529389413980 0.206833483792 3.869601174335 1.547348288240 0.684813405202 0.808780017762 0.481164433416 0.039597105344 0.073000296065 0.015080095433 0.381937924033 0.332332583899 3.302054468041 0.730515466648 0.434298256777 0.693034831846 
Arquivo CSV criado com sucesso em: dataset\decomposition_based\random_walk\l100\fv_21600
21600. Decomposition 0.492022972859 0.391270901008 0.010913430384 0.007735062666 0.886707289408 0.066189698272 2.179423581075 0.686063653931 -0.011042147483 0.342290140843 -0.000266637463 0.000643252523 0.000597043450 0.000476504946 0.344540735958 0.462370921580 3.026091827224 0.384917833325 0.173601285051 0.138256891656 0.480380555556 0.040207181235 0.076706319580 0.011770905534 0.263858973211 0.486997070978 2.805507177892 0.028700611271 0.240322467527 0.450067194984 
Arquivo CSV criado com sucesso em: dataset\decomposition_based\random_walk\l100\fv_21900
21900. Decomposition 0.492145097499 0.391416133906 0.010454581692 0.007392450157 0.886382659812 0.066576515021 2.293098702329 0.603390381720 -0.048203321913 0.394821760689 -0.000253374565 0.000624987615 0.000540409625 0.000411100375 0.380584144982 0.411965503462 3.336626988099 0.802527714778 0.306699776368 0.289469581311 0.478644444444 0.041631686057 0.075840866380 0.012425273889 0.318285098779 0.414521165135 2.930523831406 0.205134323061 0.260702965902 0.473989027578 
Arquivo CSV criado com sucesso em: dataset\decomposition_based\random_walk\l100\fv_22200
22200. Decomposition 0.492213902269 0.391497967649 0.010104019192 0.007159334987 0.885147160237 0.068056907619 2.396910523824 0.558463698775 -0.074578023282 0.432108730994 -0.000293885637 0.000680861043 0.000548804712 0.000420474856 0.397230139432 0.388736651273 3.297758123297 0.748907803382 0.263740926390 0.234888680473 0.477280808081 0.042816110549 0.075786919820 0.012468903910 0.324621526206 0.406190811103 2.962813742886 0.250788388980 0.217130396385 0.423588180777 
Arquivo CSV criado com sucesso em: dataset\decomposition_based\random_walk\l100\fv_22500
22500. Decomposition 0.491790181339 0.391430757128 0.010151319585 0.007187674740 0.892144974416 0.059862385199 2.460037264666 0.548832523789 -0.112660518558 0.485950860259 -0.000270255938 0.000647620387 0.000517657319 0.000386754242 0.365894485337 0.432492403052 3.412859545073 0.908159654031 0.326109039276 0.314872150604 0.477327683616 0.042774496817 0.074128630505 0.013947742150 0.335439745100 0.392032646863 3.091302476731 0.432478582105 0.289866850320 0.509104287486 
Arquivo CSV criado com sucesso em: dataset\decomposition_based\random_walk\l100\fv_22800
22800. Decomposition 0.489005783148 0.389526648031 0.010364506559 0.007328718653 0.898163369649 0.053279011686 2.511652302180 0.551672142355 -0.083405221248 0.444588561848 -0.000242539467 0.000607458619 0.000509333878 0.000379110572 0.397660948712 0.388135972620 3.294337586120 0.744198567906 0.257219502296 0.226877428907 0.478095730706 0.042101672663 0.073637204107 0.014430155176 0.333403981856 0.394690412948 3.061642982791 0.390536735041 0.265017129658 0.479122014598 
Arquivo CSV criado com sucesso em: dataset\decomposition_based\random_walk\l100\fv_23100
23100. Decomposition 0.489280041888 0.389853514793 0.010178685939 0.007201543271 0.894799098125 0.056896094756 2.611733627877 0.583751219280 -0.134407023045 0.516698064899 -0.000204132357 0.000554813044 0.000515941767 0.000386127328 0.450245252177 0.315065012732 3.047647283095 0.412462298598 0.165884848426 0.132432752795 0.479898924731 0.040592493640 0.073503488941 0.014564392146 0.368282516385 0.349639681845 2.921809394263 0.192814026734 0.183879496935 0.387315806009 
Arquivo CSV criado com sucesso em: dataset\decomposition_based\random_walk\l100\fv_23400
23400. Decomposition 0.489464274627 0.390073149613 0.010081213105 0.007137796196 0.882166665649 0.071677656392 2.662910693978 0.612268449065 -0.144794690543 0.531385388721 -0.000210039529 0.000562889498 0.000507184228 0.000376849703 0.439248179365 0.330298724777 3.087584392812 0.464467187747 0.181029437430 0.144421590691 0.478718403853 0.041569039515 0.073200820599 0.014872647886 0.357932889400 0.362891753412 2.999387899151 0.302503788724 0.184531832706 0.388005222735 
Arquivo CSV criado com sucesso em: dataset\decomposition_based\random_walk\l100\fv_23700
23700. Decomposition 0.489504784999 0.390121451194 0.009892597260 0.007020486792 0.877408590276 0.077582335445 2.750500603267 0.676429216689 -0.163285619339 0.557530468798 -0.000221078132 0.000578002936 0.000513069764 0.000383065400 0.458628787740 0.303473412367 2.991947892898 0.342308627800 0.154110934245 0.124867441562 0.479164438122 0.041194841446 0.072422821204 0.015690823870 0.347281310888 0.376637519047 3.029299879528 0.344800798873 0.214843430852 0.421025288008 
Arquivo CSV criado com sucesso em: dataset\decomposition_based\random_walk\l100\fv_24000
24000. Decomposition 0.489573405083 0.390203274272 0.009752039793 0.006938447924 0.873554985751 0.082457195770 2.821513787273 0.739674189533 -0.179598917262 0.580596884648 -0.000203401807 0.000553814788 0.000497912848 0.000367227529 0.441782186386 0.326785827265 3.067004389983 0.437529999430 0.144319849198 0.119980949716 0.479652380952 0.040792725331 0.071993089238 0.016157113383 0.349994999973 0.373125868609 3.030719873899 0.346808770522 0.185602997401 0.389139370787 
Arquivo CSV criado com sucesso em: dataset\decomposition_based\random_walk\l100\fv_24300
24300. Decomposition 0.489913844138 0.390609319295 0.009778674671 0.006953631818 0.877006271171 0.078087720468 2.853437107430 0.770682532173 -0.189281515541 0.594287879437 -0.000201536181 0.000551266095 0.000499345213 0.000368700037 0.448804307188 0.317059323392 2.995969766213 0.347250429805 0.128019987724 0.115126789610 0.480080398671 0.040446395816 0.071552624714 0.016644522858 0.354374573424 0.367472235896 3.046184831350 0.368677448820 0.165744006587 0.368557858198 
Arquivo CSV criado com sucesso em: dataset\decomposition_based\random_walk\l100\fv_24600
24600. Decomposition 0.489875527750 0.390563610403 0.009634635992 0.006873579664 0.872573843846 0.083709680002 2.916377896295 0.835602526058 -0.191001932296 0.596720524223 -0.000184502813 0.000528037011 0.000497783358 0.000367094670 0.453000440344 0.311253319100 2.962062100626 0.306398746658 0.089997244383 0.121338235349 0.479510559006 0.040908809049 0.071357860943 0.016862889663 0.350837241137 0.372037275990 3.055972230740 0.382517731576 0.179257352013 0.382459069423 
Arquivo CSV criado com sucesso em: dataset\decomposition_based\random_walk\l100\fv_24900
24900. Decomposition 0.490000443219 0.390712634202 0.009542293750 0.006824963609 0.867950124411 0.089665667394 2.989243802982 0.915831231358 -0.213404346702 0.628397496133 -0.000195618100 0.000543186881 0.000495436152 0.000364693942 0.444968032384 0.322371493762 2.960077141141 0.304071545506 0.096589745903 0.118549129906 0.479836180398 0.040643261579 0.071357331552 0.016863485488 0.360885541633 0.359100098780 3.000003714122 0.303374567528 0.161776479145 0.364566046421 
Arquivo CSV criado com sucesso em: dataset\decomposition_based\random_walk\l100\fv_25200
25200. Decomposition 0.490257605086 0.391019500041 0.009551577634 0.006829754103 0.872806827840 0.083411875477 3.013374892944 0.943378364933 -0.223805126356 0.643104340663 -0.000208634597 0.000560967898 0.000490534709 0.000359727842 0.446095223476 0.320810255694 2.986903510689 0.336143786774 0.111988491596 0.114753461846 0.478961731979 0.041364127888 0.070826241982 0.017467148728 0.359981568104 0.360260036252 3.099430198339 0.443972190306 0.190573083634 0.394435148187 
Arquivo CSV criado com sucesso em: dataset\decomposition_based\random_walk\l100\fv_25500
25500. Decomposition 0.490479150008 0.391283943002 0.009536037812 0.006821747892 0.874726063760 0.080968012365 3.051703480271 0.987977442230 -0.240594125913 0.666844408921 -0.000198574909 0.000547222352 0.000487151279 0.000356338071 0.450519887407 0.314684972646 2.985317798169 0.334213820992 0.086433483475 0.123113936858 0.479966899767 0.040537640859 0.070938381742 0.017338725805 0.372281274522 0.344549528955 3.006425850866 0.312455678502 0.149489163153 0.352483470860 
Arquivo CSV criado com sucesso em: dataset\decomposition_based\random_walk\l100\fv_25800
25800. Decomposition 0.490707306807 0.391556353475 0.009542005137 0.006824815035 0.880151807570 0.074160917466 3.076658731605 1.017516803799 -0.249338326487 0.679209016348 -0.000166707043 0.000503854456 0.000526389684 0.000397417356 0.503655520103 0.241656127860 3.182427932964 0.591268795334 0.252754481486 0.221446747917 0.481843678161 0.039086192987 0.073036801460 0.015042144660 0.420021124295 0.285427274346 3.209183340288 0.599179496818 0.249561104726 0.460841653367 
Arquivo CSV criado com sucesso em: dataset\decomposition_based\random_walk\l100\fv_26100
26100. Decomposition 0.488328322154 0.389767671955 0.009567772813 0.006828487313 0.882569226117 0.071184798869 3.063458569497 1.001845485114 -0.231082152816 0.653394211152 -0.000126015544 0.000447450613 0.000567942319 0.000445524999 0.569713408690 0.153738001620 3.313584221672 0.770717095120 0.349849851142 0.346368582902 0.483598907104 0.037847001486 0.074120155882 0.013955909375 0.475377600915 0.222923401913 2.971829044180 0.263535610931 0.206163372284 0.411384067988 
Arquivo CSV criado com sucesso em: dataset\decomposition_based\random_walk\l100\fv_26400
26400. Decomposition 0.488509348559 0.389983938615 0.009571386311 0.006830419856 0.885879950940 0.067177320547 3.091167429819 1.034856337645 -0.228596059254 0.649878816893 -0.000124436135 0.000445333149 0.000540074573 0.000413580976 0.553900355396 0.174263557964 2.911839154704 0.250558635755 0.197973701626 0.160183105510 0.483680229592 0.037792554959 0.073085887607 0.014991243832 0.459314685567 0.240109154130 2.793902593091 0.012845110363 0.129919669267 0.334204968502 
Arquivo CSV criado com sucesso em: dataset\decomposition_based\random_walk\l100\fv_26700
26700. Decomposition 0.480035078132 0.383387918320 0.009793862412 0.006937876200 0.901629981056 0.049753170810 3.099783746574 1.045208304486 -0.048909553370 0.395820157681 -0.000109099212 0.000419743277 0.000537417694 0.000414159420 0.550841589228 0.178284905868 2.875223774847 0.215556931103 0.203374554847 0.165620905514 0.483880762852 0.037659459670 0.073320001434 0.014750553289 0.450052041062 0.250420207124 2.774887720481 0.015813843930 0.135322821214 0.339124448198 
Arquivo CSV criado com sucesso em: dataset\decomposition_based\random_walk\l100\fv_27000
27000. Decomposition 0.464443519172 0.371282195311 0.010999210680 0.007917560074 0.943294007010 0.043242874532 3.821993221361 1.988197551183 0.489134525764 0.365389766735 -0.000067024920 0.000354675674 0.000557448091 0.000444824050 0.596087370334 0.120962492690 2.994421914674 0.345345818103 0.275383907589 0.249399743874 0.485823100304 0.036459441226 0.074893851831 0.013234260581 0.471259050090 0.227237287538 3.133669542038 0.492391248543 0.229640763754 0.437765317660 
Arquivo CSV criado com sucesso em: dataset\decomposition_based\random_walk\l100\fv_27300
27300. Decomposition 0.460175677505 0.368294578062 0.012679156120 0.009690444130 0.952601387445 0.051802688612 3.730119939148 1.863658525135 0.663081252788 0.611324671841 -0.000047988642 0.000326853087 0.000552938598 0.000441977439 0.606047536611 0.109341422533 2.794069954853 0.171521566273 0.214612307347 0.177455901360 0.485903394878 0.036413442520 0.073985455190 0.014086457426 0.478680806870 0.219513955350 2.740067428868 0.064459219697 0.115784224193 0.321837733034 
Arquivo CSV criado com sucesso em: dataset\decomposition_based\random_walk\l100\fv_27600
27600. Decomposition 0.458494538122 0.367333563430 0.013825283224 0.011049243495 0.943347187472 0.043285222629 3.295516156141 1.289032315048 0.633592585121 0.569628239188 -0.000016966214 0.000285813594 0.000575037307 0.000470070964 0.632043683585 0.082702001561 2.764589343653 0.172484285454 0.228197684881 0.192545041865 0.487392007797 0.035615511370 0.074453425433 0.013638979957 0.499579812954 0.199133336851 2.690943448171 0.133833261161 0.089326039887 0.300900611514 
Arquivo CSV criado com sucesso em: dataset\decomposition_based\random_walk\l100\fv_27900
27900. Decomposition 0.459358041784 0.368370243349 0.014667857993 0.012074045197 0.948671850520 0.047935027375 2.962367497692 0.885689718211 0.576793141803 0.489318158965 -0.000005845956 0.000271973705 0.000571566360 0.000465821259 0.624094947249 0.090094331978 2.681357312721 0.222370074131 0.188779434419 0.151363763389 0.487791186123 0.035419766052 0.074220576351 0.013859488272 0.493813012461 0.204533440410 2.681541377165 0.147121606236 0.070397430439 0.287978388452 
Arquivo CSV criado com sucesso em: dataset\decomposition_based\random_walk\l100\fv_28200
28200. Decomposition 0.459982062339 0.369120114127 0.015013916928 0.012503515143 0.940190953624 0.040935608410 2.762275396058 0.686302955656 0.520938833472 0.410350712180 0.000018885945 0.000242020921 0.000590815989 0.000489545250 0.635279738689 0.079949821163 2.682666263001 0.221188174047 0.204660423961 0.166940971903 0.489004138950 0.034874334071 0.075376768366 0.012810622675 0.509103261044 0.190644873424 2.651659350423 0.189362775661 0.090084815504 0.301456622822 
Arquivo CSV criado com sucesso em: dataset\decomposition_based\random_walk\l100\fv_28500
28500. Decomposition 0.460188985706 0.369368898459 0.014890653834 0.012350030535 0.936500671833 0.038663749201 2.748381915989 0.674680884600 0.502940697704 0.384906710967 0.000023172785 0.000236969138 0.000586682278 0.000484419677 0.635613521221 0.079675494904 2.686382655857 0.217883284315 0.197295468025 0.159512979093 0.489135704514 0.034819739511 0.075173753645 0.012986025290 0.521178329897 0.180753914601 2.656650427495 0.182306806512 0.085883763906 0.298413651718 
Arquivo CSV criado com sucesso em: dataset\decomposition_based\random_walk\l100\fv_28800
28800. Decomposition 0.460332385362 0.369541345808 0.014753453950 0.012179851602 0.935898434040 0.038347668538 2.751618939028 0.677355587589 0.492139929519 0.369638251610 0.000026455637 0.000233133075 0.000586308565 0.000483957098 0.630587236685 0.083992629241 2.677414863628 0.225984133057 0.196395446485 0.158628299653 0.489837773080 0.034543896039 0.075034810634 0.013108342573 0.519906540048 0.181745437041 2.649463781398 0.192466745912 0.065301254707 0.284829196503 
Arquivo CSV criado com sucesso em: dataset\decomposition_based\random_walk\l100\fv_29100
29100. Decomposition 0.460412851550 0.369638125091 0.014603572570 0.011994770637 0.935059973159 0.037935074954 2.771138297921 0.693905872367 0.488431529387 0.364396006318 0.000023161512 0.000236982360 0.000587733538 0.000485721638 0.623893016048 0.090292474164 2.663971765534 0.238875452647 0.195308696965 0.157567158456 0.489464259550 0.034687385243 0.075332781563 0.012848285587 0.514015420982 0.186495883608 2.640702359546 0.204853456202 0.060652910187 0.282086688191 
Arquivo CSV criado com sucesso em: dataset\decomposition_based\random_walk\l100\fv_29400
29400. Decomposition 0.460431864543 0.369660994048 0.014449052493 0.011804908216 0.934406254672 0.037636177400 2.804075768692 0.723364837349 0.491652669399 0.368949450412 0.000005882555 0.000257611521 0.000593699324 0.000493129914 0.632130394910 0.082626146098 2.659679586473 0.243160630009 0.197906875842 0.160116947900 0.488614893617 0.035041143250 0.075646128349 0.012584237198 0.524896654540 0.177927611536 2.672504188531 0.159895531264 0.053957774456 0.278362017265 
Arquivo CSV criado com sucesso em: dataset\decomposition_based\random_walk\l100\fv_29700
29700. Decomposition 0.460453689624 0.369687246071 0.014315349646 0.011641435850 0.933913722781 0.037424489688 2.829753888208 0.747540222972 0.492978816910 0.370824123056 0.000007769116 0.000255326502 0.000588094359 0.000486168750 0.628287651667 0.086091359637 2.677193953297 0.226189000147 0.196092439041 0.158331647451 0.488545757335 0.035071591903 0.075521735020 0.012687865172 0.522183445259 0.179979150408 2.678282529902 0.151727808009 0.050077580745 0.276328915519 
Arquivo CSV criado com sucesso em: dataset\decomposition_based\random_walk\l100\fv_30000
30000. Decomposition 0.460387911961 0.369608128405 0.014182618542 0.011479929624 0.933627546295 0.037306914537 2.870482396538 0.787799162015 0.503708657728 0.385992352825 0.000006371374 0.000257018751 0.000583549113 0.000480545683 0.625914977084 0.088330061169 2.692929281054 0.212253013656 0.199049807637 0.161252341363 0.488800854701 0.034960468539 0.075338623370 0.012843272654 0.515758083473 0.185064283816 2.680787407923 0.148187286538 0.050667603903 0.276632015278 
Arquivo CSV criado com sucesso em: dataset\decomposition_based\random_walk\l100\fv_30300
30300. Decomposition 0.481729725535 0.361183279238 0.008373210519 0.007231677459 0.659511151350 0.475881548641 2.527861797403 0.904232970316 0.204668478961 0.616455722563 -0.000116878774 0.000260416591 0.000352069608 0.000297633357 0.421069817178 0.362889833141 2.396766885226 0.548748508177 0.324634165990 0.260245654901 0.478723684211 0.035057994789 0.061916631535 0.025641038560 0.385590985234 0.276869280041 2.393674655022 0.528654456474 -0.001553089766 0.250991516482 
Arquivo CSV criado com sucesso em: dataset\decomposition_based\random_walk\l100\fv_30600
30600. Decomposition 0.480141097819 0.360013578959 0.008479793101 0.007134058777 0.590712874833 0.594823730289 2.565476526135 0.862876806209 0.437398028178 0.353459857839 -0.000179464473 0.000353864129 0.000506503622 0.000339875415 0.287726363582 0.590664650316 2.556598768716 0.301827330658 -0.017907465199 0.397520907599 0.475770270270 0.037912164884 0.068995040596 0.015563245738 0.147559800339 0.657947394422 2.531217916141 0.300652835551 -0.053629323016 0.293004587040 
Arquivo CSV criado com sucesso em: dataset\decomposition_based\random_walk\l100\fv_30900
30900. Decomposition 0.479103310153 0.359284105954 0.008638129986 0.007031428618 0.652827691076 0.487431564916 2.543635004907 0.886542887852 0.332622506076 0.446714658582 -0.000075261826 0.000205580055 0.000612568276 0.000467286162 0.591759518949 0.096685586237 2.541717392991 0.322774292052 0.210316802647 0.139972262816 0.483904654655 0.031466531944 0.074337143453 0.011308408898 0.468185675834 0.180252946866 2.576822167862 0.229686717111 0.093924045280 0.251710450704 
Arquivo CSV criado com sucesso em: dataset\decomposition_based\random_walk\l100\fv_31200
31200. Decomposition 0.478561944441 0.358540556900 0.009129378917 0.006860607124 0.780985264157 0.266350996419 3.012102066914 0.725009677774 0.153942735458 0.691918473142 -0.000131406770 0.000280715961 0.000524908647 0.000358755910 0.475811882451 0.270945215891 2.679900036027 0.183872784767 0.141564557671 0.168529207245 0.479180555556 0.034662940839 0.070457990445 0.013924035832 0.391659027773 0.268363114641 3.064297344589 0.655776568763 0.245187772817 0.419403811962 
Arquivo CSV criado com sucesso em: dataset\decomposition_based\random_walk\l100\fv_31500
31500. Decomposition 0.478797014086 0.358863306072 0.009085299366 0.006871806932 0.787780750419 0.254671784864 3.100053521023 0.789670401715 0.152885889923 0.693521748441 -0.000051739304 0.000180490976 0.000548875031 0.000385534721 0.552879049686 0.147787198337 2.556107409582 0.302507060907 0.051358272689 0.288059425181 0.485879629630 0.030683303827 0.072793160402 0.011972157471 0.463637104751 0.184006429427 2.621557377675 0.167215768084 0.078185356564 0.243995163007 
Arquivo CSV criado com sucesso em: dataset\decomposition_based\random_walk\l100\fv_31800
31800. Decomposition 0.478046711848 0.358535715994 0.009107408190 0.006844590242 0.822301668012 0.195510122322 3.105707037085 0.794646169257 0.124374655603 0.737173946796 -0.000009694594 0.000153053626 0.000554686735 0.000393055268 0.571412614929 0.121468537092 2.601332268491 0.244481063001 0.045165996246 0.297515429919 0.488601851852 0.030211431046 0.073256374550 0.011713016130 0.479488878997 0.172136738367 2.564914747538 0.247748220969 0.035801649655 0.237959449131 
Arquivo CSV criado com sucesso em: dataset\decomposition_based\random_walk\l100\fv_32100
32100. Decomposition 0.477982335685 0.358447235694 0.009145669759 0.006835536179 0.778185165993 0.271165733797 2.978630700377 0.707501806799 0.152606669762 0.693945523936 0.000001146503 0.000151044709 0.000558136675 0.000397221566 0.569625596766 0.123887474834 2.587894469452 0.260615442383 0.084061625066 0.239897069121 0.490321428571 0.030290155503 0.073857944552 0.011451868189 0.482858573774 0.170078648941 2.593860825959 0.204686171854 0.062058347498 0.239074175196 
Arquivo CSV criado com sucesso em: dataset\decomposition_based\random_walk\l100\fv_32400
32400. Decomposition 0.477699979783 0.358059310154 0.009175104971 0.006829000286 0.780532428347 0.267129556250 2.785674089497 0.697888233590 0.249061912863 0.553423406029 0.000056665879 0.000175324840 0.000570263302 0.000412219564 0.570852886540 0.122222913300 2.599434892677 0.246690035075 0.032057307148 0.317799291254 0.491495370370 0.030511237600 0.074121807028 0.011365602360 0.456531664102 0.190374866088 2.531471589261 0.300247005427 0.023680815950 0.240363737248 
Arquivo CSV criado com sucesso em: dataset\decomposition_based\random_walk\l100\fv_32700
32700. Decomposition 0.477747485417 0.358124560273 0.009082605520 0.006850795538 0.774772184474 0.277035976620 2.854739970968 0.682798734359 0.229240555121 0.581154704340 0.000065782383 0.000183868867 0.000553404645 0.000391518904 0.568886298936 0.124896932088 2.664854955899 0.189508727848 -0.021238121228 0.402935216171 0.491842592593 0.030602222108 0.073264013307 0.011709155388 0.465308409291 0.182596734173 2.582700966671 0.220935117468 0.013528608110 0.243754653335 
Arquivo CSV criado com sucesso em: dataset\decomposition_based\random_walk\l100\fv_33000
33000. Decomposition 0.477774603256 0.358161810415 0.009022096873 0.006867038131 0.764600809316 0.294540265236 2.892476299340 0.683316789663 0.226330397190 0.585285119056 0.000074835789 0.000193258838 0.000557108377 0.000395974900 0.568706654180 0.125142972923 2.626220755250 0.218034162426 -0.022244552049 0.404573196520 0.491935185185 0.030628433460 0.072809274443 0.011962333469 0.453853206319 0.192924754164 2.592720424388 0.206322249680 0.013656691282 0.243704264015 
Arquivo CSV criado com sucesso em: dataset\decomposition_based\random_walk\l100\fv_33300
33300. Decomposition 0.477633218519 0.357967623834 0.009015231268 0.006868979681 0.769772599545 0.285638206700 2.834266031491 0.685131750136 0.268745540852 0.526655078023 0.000074701207 0.000193113273 0.000553439643 0.000391560756 0.551421625047 0.149952390908 2.622651849245 0.221505451244 -0.023111736810 0.405985254700 0.491717532468 0.030568119800 0.072337973131 0.012272658070 0.445106592521 0.201770657853 2.615144865197 0.175436794837 0.014489674029 0.243381238928 
Arquivo CSV criado com sucesso em: dataset\decomposition_based\random_walk\l100\fv_33600
33600. Decomposition 0.477527683488 0.357822716015 0.009007741006 0.006871120728 0.772905021100 0.280248184150 2.812831000100 0.689522798961 0.290392568914 0.498250773779 0.000089609607 0.000210199381 0.000542441339 0.000378658629 0.553834862764 0.146373462116 2.718786556336 0.186176733472 -0.060990815609 0.468211308879 0.493738636364 0.031298866174 0.073258277593 0.011712053025 0.454955496087 0.191865896593 2.592693326327 0.206361198122 0.010681244728 0.244924051861 
Arquivo CSV criado com sucesso em: dataset\decomposition_based\random_walk\l100\fv_33900
33900. Decomposition 0.477335632434 0.357559104039 0.009216399852 0.006820462864 0.776211336833 0.274560454924 2.999276588299 0.717798349990 0.208803288104 0.610450737923 0.000087213403 0.000207331252 0.000535796001 0.000371119571 0.547012804249 0.156567766982 2.734241128530 0.193700975434 -0.055951603331 0.459878898600 0.492486208236 0.030801232826 0.072031803215 0.012498716241 0.432142914799 0.216172435814 2.611164035039 0.180695689751 0.003754242129 0.248155491528 
Arquivo CSV criado com sucesso em: dataset\decomposition_based\random_walk\l100\fv_34200
34200. Decomposition 0.473846817335 0.355137887092 0.009384598657 0.006731282533 0.816497578420 0.205431600606 2.966534793300 0.702245561413 0.308611259415 0.475322581850 0.000107390470 0.000231970922 0.000563103554 0.000405650987 0.525762328209 0.189533638905 3.089985221380 0.706731500485 0.172411110328 0.144712337290 0.493755772006 0.031306662264 0.073384813458 0.011649928931 0.447477727533 0.199297634230 2.788564707499 0.203675065111 0.094444435133 0.252011883131 
Arquivo CSV criado com sucesso em: dataset\decomposition_based\random_walk\l100\fv_34500
34500. Decomposition 0.465205678721 0.348978714052 0.009880408474 0.006643597760 0.875373411153 0.105945680362 3.206653051002 0.896940782060 0.556887426829 0.346736956177 0.000116469233 0.000242568990 0.000533656363 0.000375277076 0.552199284774 0.148795668456 2.738387217594 0.196292325151 -0.009086814557 0.383232059820 0.494224747475 0.031530127791 0.072273849483 0.012318456843 0.455034132375 0.191790861611 2.606973975876 0.186346293815 -0.016739292977 0.260731518677 
Arquivo CSV criado com sucesso em: dataset\decomposition_based\random_walk\l100\fv_34800
34800. Decomposition 0.465555309782 0.349459616587 0.010126652908 0.006709926801 0.885631558476 0.089189118980 3.001746116436 0.719139160551 0.533782540652 0.338313298042 0.000128179022 0.000259006234 0.000530947718 0.000372108312 0.553670142630 0.146616737510 2.757521319472 0.211023577001 -0.032120838265 0.420691857002 0.495376893939 0.032159747029 0.072710602703 0.012023379569 0.456815947247 0.190108866943 2.611575931506 0.180146432238 -0.011393405492 0.257038058846 
Arquivo CSV criado com sucesso em: dataset\decomposition_based\random_walk\l100\fv_35100
35100. Decomposition 0.465786815364 0.349778255702 0.010177448207 0.006726893041 0.892054790062 0.078922345293 2.899195368898 0.684064283601 0.492567052087 0.334835748477 0.000141930173 0.000278955837 0.000532436656 0.000373846214 0.562528934332 0.133769089397 2.779435169142 0.232597252108 -0.033079321148 0.422260292111 0.495603238265 0.032296490007 0.072210416718 0.012364576874 0.455109394824 0.191719109075 2.614629989314 0.176110616683 -0.037911442364 0.277919192374 
Arquivo CSV criado com sucesso em: dataset\decomposition_based\random_walk\l100\fv_35400
35400. Decomposition 0.466031726245 0.350115529792 0.010267600325 0.006759720273 0.894781285287 0.074638799476 2.824081356857 0.686971476267 0.465676106866 0.340708081948 0.000149203788 0.000289744460 0.000527433090 0.000368045130 0.563735335392 0.132060712781 2.821969389552 0.284431685107 -0.055525373395 0.459174795715 0.495568742985 0.032275379986 0.071746666258 0.012725517749 0.455369353631 0.191471749472 2.640857375928 0.144815611130 -0.044963776454 0.284464525019 
Arquivo CSV criado com sucesso em: dataset\decomposition_based\random_walk\l100\fv_35700
35700. Decomposition 0.466176714467 0.350315286442 0.010244969028 0.006751155001 0.895894559137 0.072905345235 2.802548947329 0.692326151693 0.438539982793 0.352822109438 0.000149121071 0.000289620948 0.000521348526 0.000361145446 0.563204696759 0.132810803867 2.862678442270 0.341639503843 -0.059980528324 0.466539624373 0.496557283360 0.032917967667 0.071724257088 0.012743982414 0.459236152450 0.187881330314 2.656519747550 0.130162081919 -0.071083255672 0.311692963999 
Arquivo CSV criado com sucesso em: dataset\decomposition_based\random_walk\l100\fv_36000
36000. Decomposition 0.466337852481 0.350537370895 0.010245421447 0.006751324105 0.899217749011 0.067793486793 2.775105083165 0.701969469046 0.411920546444 0.370159079923 0.000162116372 0.000309234440 0.000521462952 0.000361273580 0.569388851985 0.124210188682 2.883765441201 0.373067486507 -0.075380370345 0.492080182860 0.497191919192 0.033370310459 0.071598153286 0.012849580749 0.466651657481 0.181489276957 2.670556882195 0.120754212437 -0.091837466223 0.336108724310 
Arquivo CSV criado com sucesso em: dataset\decomposition_based\random_walk\l100\fv_36300
36300. Decomposition 0.466362433964 0.350571256878 0.010187127294 0.006730251579 0.896294130043 0.072285588545 2.791090062512 0.695974186202 0.407590465321 0.373441686297 0.000169511657 0.000320565844 0.000519369349 0.000358939237 0.568518312909 0.125401235139 2.910622519035 0.414307048027 -0.086658877469 0.510858979794 0.498165343915 0.034121336247 0.072027587750 0.012501957156 0.478148263957 0.173003487671 2.708248755666 0.118711107290 -0.071534192917 0.312199762883 
Arquivo CSV criado com sucesso em: dataset\decomposition_based\random_walk\l100\fv_36600
36600. Decomposition 0.466168781263 0.350304354807 0.010241133305 0.006749724778 0.900711792992 0.065530106445 2.763692968049 0.706882299866 0.423270071117 0.362151447571 0.000149184899 0.000289716254 0.000523058148 0.000363066442 0.575571067797 0.115964133646 2.801500527918 0.258165515901 -0.049326396707 0.448946908745 0.497280303030 0.033435688341 0.071301366049 0.013109117082 0.470453975248 0.178481628487 2.668265096123 0.122009138737 -0.093503154151 0.338157525255 
Arquivo CSV criado com sucesso em: dataset\decomposition_based\random_walk\l100\fv_36900
36900. Decomposition 0.466069718171 0.350167866544 0.010220559577 0.006742160018 0.898532161651 0.068839759399 2.770990026594 0.703680918304 0.435860586523 0.354334100290 0.000144461600 0.000282693603 0.000521423011 0.000361228847 0.577585619036 0.113366006411 2.795042122120 0.250348418991 -0.042310408820 0.437400445117 0.496781702899 0.033074456912 0.071218925540 0.013183860757 0.471731789580 0.177514290336 2.648104125610 0.137565483136 -0.073966873866 0.314953145287 
Arquivo CSV criado com sucesso em: dataset\decomposition_based\random_walk\l100\fv_37200
37200. Decomposition 0.466009569887 0.350085009831 0.010186434278 0.006730009778 0.897170414059 0.070931106553 2.779745422818 0.700121585835 0.445563659664 0.349120458766 0.000132128785 0.000264670918 0.000526113525 0.000366534087 0.581101687454 0.108950759682 2.714834293314 0.184826718318 -0.014916032757 0.392666647890 0.496046875000 0.032576530537 0.071769217544 0.012707028584 0.467499692339 0.180802028590 2.683072311062 0.116076885996 -0.090976133110 0.335054112427 
Arquivo CSV criado com sucesso em: dataset\decomposition_based\random_walk\l100\fv_37500
37500. Decomposition 0.466082187069 0.350185044384 0.010143961325 0.006715583375 0.897714834858 0.070092959222 2.783987318825 0.698509008646 0.430059309458 0.357792190848 0.000137401330 0.000272316929 0.000519585844 0.000359179633 0.570364043746 0.122884221672 2.757607981512 0.211099795304 -0.023798658994 0.407104243925 0.496091666667 0.032605677548 0.071609476077 0.012839982794 0.458301873120 0.188733315372 2.687780648837 0.115327342892 -0.092549441483 0.336982957688 
Arquivo CSV criado com sucesso em: dataset\decomposition_based\random_walk\l100\fv_37800
37800. Decomposition 0.466198946407 0.350345922208 0.010141866616 0.006714891936 0.900410926255 0.065983982487 2.765509262249 0.706065660205 0.409996519923 0.371602565446 0.000132662727 0.000265440942 0.000519239186 0.000358794816 0.564213858348 0.131386131618 2.739875677875 0.197278101802 -0.014796431780 0.392472742755 0.495993176179 0.032541796803 0.071440647964 0.012985428971 0.459440207153 0.187696591146 2.694492683960 0.115252320936 -0.083243662473 0.325739639151 
Arquivo CSV criado com sucesso em: dataset\decomposition_based\random_walk\l100\fv_38100
38100. Decomposition 0.466447180002 0.350688095224 0.010342385929 0.006789557262 0.911323334282 0.050361572899 2.764670836557 0.706441008457 0.429373166406 0.358217626786 0.000148068163 0.000288050359 0.000528406721 0.000369165149 0.570419233312 0.122809447022 2.773688757734 0.226523976625 0.018704603697 0.338776726945 0.497081541219 0.033289471690 0.071998743239 0.012524224974 0.466349308148 0.181736543521 2.745674175824 0.148460168541 -0.057689495380 0.297182378055 
Arquivo CSV criado com sucesso em: dataset\decomposition_based\random_walk\l100\fv_38400
38400. Decomposition 0.464981371763 0.349655262907 0.010310017093 0.006767685502 0.905616899622 0.058289307642 2.751911268242 0.712494194467 0.414682518576 0.368129776963 0.000143926270 0.000281668523 0.000518312741 0.000358502661 0.561101790972 0.135803822583 2.737872049387 0.195957885986 -0.023514973725 0.406642074795 0.496946812596 0.033192024514 0.071306934278 0.013104109441 0.460044402917 0.187152432366 2.723126904031 0.127458375647 -0.106529282112 0.354581240437 
Arquivo CSV criado com sucesso em: dataset\decomposition_based\random_walk\l100\fv_38700
38700. Decomposition 0.465019397135 0.349707708534 0.010264305456 0.006749121299 0.904563541147 0.059816415722 2.763922447786 0.706778400764 0.407346505869 0.373630252071 0.000143450291 0.000280964363 0.000514790277 0.000354611884 0.558837135635 0.139061708889 2.756482973189 0.210116552200 -0.024494610364 0.408238349907 0.497253369005 0.033415704389 0.071580184443 0.012864859012 0.461282285147 0.186050968522 2.730297591464 0.133258264929 -0.078802945710 0.320521033541 
Arquivo CSV criado com sucesso em: dataset\decomposition_based\random_walk\l100\fv_39000
39000. Decomposition 0.464939186603 0.349597085298 0.010243832272 0.006741091765 0.904753402217 0.059539927720 2.767417512358 0.705221774200 0.420431107620 0.364071453681 0.000141081458 0.000277469776 0.000513888042 0.000353625357 0.558899158037 0.138972027400 2.743106802703 0.199515920392 -0.018218085314 0.398025429907 0.497047892720 0.033265007616 0.071058840595 0.013332171476 0.458700631705 0.188368451600 2.732913648486 0.135595860930 -0.105097723960 0.352743111439 
Arquivo CSV criado com sucesso em: dataset\decomposition_based\random_walk\l100\fv_39300
39300. Decomposition 0.464881626416 0.349517712989 0.010208223991 0.006727548715 0.904936871469 0.059273255943 2.779252681447 0.700313660084 0.432349703832 0.356397072425 0.000145512353 0.000284019637 0.000509876172 0.000349289603 0.555359340680 0.144129273143 2.784244722773 0.237881403339 -0.031946804143 0.420407147884 0.497521889401 0.033617299072 0.071059946293 0.013331132982 0.460792284567 0.186484799827 2.741298452968 0.143796013963 -0.114477263686 0.364924548900 
Arquivo CSV criado com sucesso em: dataset\decomposition_based\random_walk\l100\fv_39600
39600. Decomposition 0.464947351956 0.349608345711 0.010191419797 0.006721344586 0.903192729717 0.061827894874 2.776220332876 0.701517390868 0.422210976311 0.362861114696 0.000143179537 0.000280564103 0.000507241212 0.000346488225 0.555251812187 0.144287126430 2.790154002609 0.244606045935 -0.026029677274 0.410741294981 0.497107142857 0.033308141586 0.071349315553 0.013066165350 0.453711033802 0.193062276660 2.791564097647 0.207981103127 -0.142412875893 0.402907742836 
Arquivo CSV criado com sucesso em: dataset\decomposition_based\random_walk\l100\fv_39900
39900. Decomposition 0.465060366362 0.349764219485 0.010212555328 0.006729167330 0.903387783590 0.061540101963 2.756018964285 0.710476088072 0.408158445060 0.373004157822 0.000154654993 0.000297704404 0.000523042992 0.000363823017 0.566853122878 0.127698152498 2.977998357527 0.521686423424 0.094508427061 0.225344873270 0.498330086580 0.034255022212 0.072376384876 0.012245623822 0.476873236156 0.173852599800 3.247035860823 0.968966983257 0.077262819040 0.243629994421 
Arquivo CSV criado com sucesso em: dataset\decomposition_based\random_walk\l100\fv_40200
40200. Decomposition 0.518726372812 0.355746102490 0.007123846327 0.006304319382 0.523868864853 0.763785728571 2.397210289446 0.947264445303 0.323053836466 0.373407130801 -0.000245967990 0.000778813401 0.000458144409 0.000272073921 0.239987448310 0.634743565399 2.440061275464 0.755675409398 -0.005283228108 0.339198573988 0.482815384615 0.042493822454 0.072114173957 0.012287142352 0.164003263290 0.606763285874 2.422523224931 0.731090205335 -0.082313034400 0.315677313318 
Arquivo CSV criado com sucesso em: dataset\decomposition_based\random_walk\l100\fv_40500
40500. Decomposition 0.516349622566 0.353904880546 0.008052271846 0.005448786923 0.683786791793 0.445281610899 2.789134281146 0.645389124984 0.079283174172 0.731185013424 -0.000308414805 0.000898058554 0.000467734322 0.000274735554 0.502494001999 0.165917128069 2.625036917266 0.418517334506 -0.010056968653 0.339258582014 0.478800000000 0.048476427261 0.067893787162 0.013477005039 0.380507723955 0.227232509941 2.706771405262 0.221318151295 0.033134546526 0.414693167668 
Arquivo CSV criado com sucesso em: dataset\decomposition_based\random_walk\l100\fv_40800
40800. Decomposition 0.512613627532 0.351933509588 0.008610632602 0.005173179908 0.866760333542 0.092863394562 2.683452678405 0.652048409265 0.337105306288 0.362137954489 -0.000265635906 0.000812632651 0.000512924111 0.000308020126 0.459726160263 0.226038294275 2.846437113198 0.247383095491 0.175622671277 0.497870449606 0.477283333333 0.050883118790 0.068682882145 0.012847856725 0.365822096287 0.247486343238 2.603490186157 0.388110347685 -0.038235957887 0.338643701654 
Arquivo CSV criado com sucesso em: dataset\decomposition_based\random_walk\l100\fv_41100
41100. Decomposition 0.510576529259 0.350945019246 0.008722514776 0.005136393883 0.880998103026 0.071397175291 2.602239264286 0.701797880353 0.244370326029 0.463718971381 -0.000197045275 0.000679900066 0.000528553416 0.000326329540 0.494738369247 0.175258756910 2.676251689967 0.337537602140 0.071143856028 0.373132192114 0.484632900433 0.040022333818 0.069892687655 0.012220803927 0.459184686208 0.171772220541 2.660502769073 0.289770745342 -0.114135029434 0.313789728436 
Arquivo CSV criado com sucesso em: dataset\decomposition_based\random_walk\l100\fv_41400
41400. Decomposition 0.497189549995 0.342546098730 0.009861326800 0.005712123898 0.930135877354 0.073381732196 2.816701283636 0.654955295678 0.491764827147 0.379843406225 -0.000203442847 0.000683244321 0.000498732020 0.000300834308 0.498693465507 0.170382448913 2.761010347307 0.242292987356 0.107786532166 0.409132621555 0.484145578231 0.040667864053 0.067635981776 0.013715695560 0.412163712853 0.191773235286 2.828851616628 0.197182117996 -0.159347798959 0.332727599541 
Arquivo CSV criado com sucesso em: dataset\decomposition_based\random_walk\l100\fv_41700
41700. Decomposition 0.496038477613 0.342484495337 0.010524051306 0.006495079823 0.912354353270 0.055232757663 2.563827226395 0.736720399233 0.404367819230 0.336664747671 -0.000182008812 0.000641222562 0.000559618020 0.000380531423 0.444310471857 0.251346407221 2.773919786820 0.235240131382 0.044648921435 0.354339042020 0.486435294118 0.037757704867 0.069226755490 0.012512073303 0.444479317583 0.172855049877 2.719914995092 0.205345923408 -0.107402131154 0.313112915542 
Arquivo CSV criado com sucesso em: dataset\decomposition_based\random_walk\l100\fv_42000
42000. Decomposition 0.493538819016 0.341346881969 0.010826114588 0.006957186350 0.914291247080 0.056410641804 2.500141496257 0.807499956753 0.345697807823 0.356164904853 -0.000091901107 0.000472557623 0.000555170968 0.000377052129 0.571818943004 0.142878201801 2.623845995967 0.420511712434 0.041789524463 0.352727147967 0.489300000000 0.034628947428 0.070153045452 0.012144801928 0.478806179581 0.178050402397 2.668401748166 0.277095762261 -0.138767820375 0.321102488470 
Arquivo CSV criado com sucesso em: dataset\decomposition_based\random_walk\l100\fv_42300
42300. Decomposition 0.494221146239 0.342250557012 0.010940504143 0.007120427305 0.909747829640 0.054046840311 2.488151797469 0.822351834293 0.296018922910 0.399779810174 -0.000091177652 0.000471260514 0.000535343066 0.000348820235 0.552431190081 0.136129073693 2.618691959201 0.429188476709 0.003321616666 0.339768698860 0.489156521739 0.034769893219 0.069014148639 0.012633251884 0.450465208147 0.171808588975 2.730709569477 0.193916772738 -0.162259344213 0.334748516435 
Arquivo CSV criado com sucesso em: dataset\decomposition_based\random_walk\l100\fv_42600
42600. Decomposition 0.494267944263 0.342312648313 0.010708304432 0.006793018633 0.902129578078 0.053421535780 2.521402791812 0.782278055141 0.288472994809 0.408116614342 -0.000096359327 0.000480569808 0.000558223208 0.000381578609 0.562239236697 0.138231359319 2.740439565090 0.258510166381 -0.086457957748 0.374907042208 0.488726315789 0.035203146265 0.068842810645 0.012740400362 0.451516441662 0.171710338381 2.718812697261 0.206604410910 -0.155552845271 0.330229107721 
Arquivo CSV criado com sucesso em: dataset\decomposition_based\random_walk\l100\fv_42900
42900. Decomposition 0.492865505233 0.341681529125 0.010778281231 0.006922300472 0.905338765302 0.053156096707 2.530271104787 0.772206430314 0.260736784689 0.441848469964 -0.000062754308 0.000419849293 0.000536934422 0.000352540666 0.538377187106 0.138007525400 2.604523979999 0.453392219809 -0.028621068960 0.342034637989 0.489862431942 0.034094118547 0.068256694902 0.013167914068 0.440672034965 0.173946588942 2.794944266964 0.172416516154 -0.173235812516 0.343149694652 
Arquivo CSV criado com sucesso em: dataset\decomposition_based\random_walk\l100\fv_43200
43200. Decomposition 0.491301303156 0.340954412437 0.010912165852 0.007151189757 0.906095026955 0.053206199172 2.548267728310 0.752638899422 0.247987792910 0.458773664927 -0.000065592046 0.000423449077 0.000540120613 0.000358752640 0.514404557210 0.153528014278 2.590510652059 0.477778967449 -0.025782038963 0.341350080993 0.489755555556 0.034193545705 0.067971153512 0.013408414306 0.438256908576 0.174807484768 2.806454322885 0.178335170439 -0.174498685971 0.344192943199 
Arquivo CSV criado com sucesso em: dataset\decomposition_based\random_walk\l100\fv_43500
43500. Decomposition 0.491525415227 0.341253563660 0.010792099970 0.006977919238 0.903206357851 0.053246444411 2.578740859331 0.722392248271 0.220476733372 0.497792112257 -0.000066047036 0.000424242684 0.000536383755 0.000353480667 0.517060607343 0.151139196479 2.627509729718 0.414389305055 -0.040818383626 0.346021937226 0.489652100840 0.034290784231 0.069084050443 0.012591954626 0.406916202358 0.196686454566 2.885759954424 0.273707774555 -0.221155692191 0.392306232043 
Arquivo CSV criado com sucesso em: dataset\decomposition_based\random_walk\l100\fv_43800
43800. Decomposition 0.491704176341 0.341492413029 0.010680242244 0.006820141783 0.902664503547 0.053323754998 2.612072716182 0.693943363773 0.198081385479 0.531649319423 -0.000043280196 0.000385164179 0.000537119870 0.000354512920 0.527334816957 0.143384706417 2.733538548404 0.265161179887 0.022836096295 0.344260918236 0.491318421053 0.032848361162 0.068182801167 0.013228206783 0.435822120455 0.175805506167 2.810028814120 0.180731331328 -0.163401135114 0.335565300957 
Arquivo CSV criado com sucesso em: dataset\decomposition_based\random_walk\l100\fv_44100
44100. Decomposition 0.491766652767 0.341575938965 0.010571527173 0.006670411760 0.897683337654 0.055038230392 2.635686907884 0.677045308198 0.189171289410 0.545558037134 -0.000069633930 0.000430515166 0.000518663615 0.000329642073 0.514334082326 0.153593394607 2.641832504552 0.390852878836 -0.005823201898 0.339191882675 0.490139024390 0.033841716844 0.067594693639 0.013755333218 0.416680732845 0.187910886655 2.817302677776 0.186360599634 -0.144797380587 0.324010475051 
Arquivo CSV criado com sucesso em: dataset\decomposition_based\random_walk\l100\fv_44400
44400. Decomposition 0.491871180688 0.341715740871 0.010461773651 0.006523117994 0.896799857922 0.055523719085 2.671561017459 0.657063084480 0.172593150689 0.572014301173 -0.000096431754 0.000478179788 0.000567512504 0.000399547377 0.508649500216 0.159189955560 3.683719979532 1.782106543936 -0.281048483755 0.645234620882 0.488396969697 0.035545333075 0.071115002636 0.012056425865 0.417860054812 0.186961225958 4.130320657518 2.709615867365 -0.461558455485 0.782640940033 
Arquivo CSV criado com sucesso em: dataset\decomposition_based\random_walk\l100\fv_44700
44700. Decomposition 0.490320331154 0.340891683717 0.010595145962 0.006733685125 0.901562032072 0.053548458789 2.685801793136 0.651155984798 0.188763826392 0.546199522575 -0.000077605631 0.000443338754 0.000550861979 0.000376071855 0.474752704354 0.202845640842 2.799258668947 0.229355359876 -0.057697956463 0.354247158997 0.489506990881 0.034428807666 0.068178437897 0.013231809963 0.399384492289 0.204474789645 2.744490512352 0.182024001069 -0.144133883330 0.323669758032 
Arquivo CSV criado com sucesso em: dataset\decomposition_based\random_walk\l100\fv_45000
45000. Decomposition 0.486387794560 0.338390538158 0.010647057551 0.006877694863 0.901481536068 0.053568383772 2.695367247315 0.647861309717 0.198039174038 0.531714661491 -0.000069702580 0.000426727167 0.000540131935 0.000364078683 0.492493883806 0.178122913791 2.795692847579 0.229517045202 -0.065684910609 0.359180865105 0.489708571429 0.034237585982 0.067918042448 0.013455347161 0.402338356699 0.201321879378 2.766284282904 0.170772862788 -0.153779170115 0.329114890858 
Arquivo CSV criado com sucesso em: dataset\decomposition_based\random_walk\l100\fv_45300
45300. Decomposition 0.486370162168 0.338366864317 0.010532810995 0.006716892927 0.897494793766 0.055137445065 2.721338136419 0.641713213433 0.197270129910 0.532906057958 -0.000080862938 0.000446438867 0.000577484029 0.000421652176 0.521510829032 0.147479260866 4.135899784871 2.681472653346 -0.348484568350 0.763267902139 0.489472237197 0.034462144856 0.067874498047 0.013494328229 0.413470050040 0.190620272087 2.760187795161 0.172889992522 -0.152185709760 0.328143360942 
Arquivo CSV criado com sucesso em: dataset\decomposition_based\random_walk\l100\fv_45600
45600. Decomposition 0.486241308150 0.338193921911 0.010475268439 0.006637405419 0.898957340110 0.054431592226 2.712738852645 0.643291159492 0.213268968122 0.508504277672 -0.000073705874 0.000433768807 0.000528195929 0.000347060161 0.504479378751 0.163676421749 2.690708557698 0.316933234046 -0.017711836500 0.339915029787 0.489480612245 0.034454101285 0.067385315865 0.013962128176 0.407951145660 0.195682651333 2.793457939768 0.171862286276 -0.140218055681 0.321763043379 
Arquivo CSV criado com sucesso em: dataset\decomposition_based\random_walk\l100\fv_45900
45900. Decomposition 0.486076509201 0.337972893147 0.010446543196 0.006598118082 0.898431160028 0.054668564142 2.691275619805 0.649203660432 0.234578136009 0.477398693496 -0.000071719489 0.000430270613 0.000525541268 0.000343386067 0.493333644202 0.177043406373 2.664185925460 0.355621007028 -0.002170917070 0.339304147652 0.488839225182 0.035087912897 0.067501665857 0.013846031320 0.415944232859 0.188516503798 2.756600635762 0.174522211719 -0.119799913268 0.314804563171 
Arquivo CSV criado com sucesso em: dataset\decomposition_based\random_walk\l100\fv_46200
46200. Decomposition 0.485968092691 0.337827581153 0.010382131471 0.006511003639 0.899064085668 0.054385876612 2.691798523196 0.649026514482 0.249515163804 0.456703986740 -0.000075300130 0.000436582301 0.000522718675 0.000339527013 0.502876620795 0.165480251083 2.673796661989 0.341156401588 0.006837823361 0.340252007650 0.488743424318 0.035185616693 0.067665374641 0.013687711282 0.419006594652 0.186061982675 2.730192928338 0.194424475072 -0.107806846554 0.313137282837 
Arquivo CSV criado com sucesso em: dataset\decomposition_based\random_walk\l100\fv_46500
46500. Decomposition 0.486059516056 0.337950111959 0.010316054948 0.006423094828 0.897201872348 0.055296332811 2.711548440009 0.643545510643 0.235918552179 0.475501726774 -0.000070680983 0.000428445011 0.000522090466 0.000338674945 0.503419679552 0.164864293293 2.705282838679 0.297564496433 0.012235438865 0.341274665912 0.488647552448 0.035284163668 0.067533719524 0.013814564655 0.416133283656 0.188360135922 2.738760279256 0.186567086399 -0.100296933922 0.313025925495 
Arquivo CSV criado com sucesso em: dataset\decomposition_based\random_walk\l100\fv_46800
46800. Decomposition 0.486236668398 0.338187696645 0.010325226167 0.006435205875 0.898825349632 0.054489222979 2.712688914624 0.643301654525 0.223347130495 0.493578627947 -0.000063278502 0.000415500503 0.000552373505 0.000382295086 0.498642007929 0.170444430564 3.886633438357 2.185182899965 0.278046763002 0.662686201751 0.489221390374 0.034705946588 0.069010741218 0.012635301043 0.425887183872 0.181182118877 3.643493226677 1.738921361112 0.131983181079 0.564466457402 
Arquivo CSV criado com sucesso em: dataset\decomposition_based\random_walk\l100\fv_47100
47100. Decomposition 0.486368957292 0.338365246684 0.010307906573 0.006412359323 0.897602840177 0.055080295446 2.722413887683 0.641547989878 0.212436070586 0.509753894681 -0.000079385324 0.000443814878 0.000515314265 0.000329648515 0.491531536617 0.179371354650 2.719165486741 0.280691350813 -0.012534454219 0.339395600962 0.488297311140 0.035650628420 0.066985545566 0.014382594735 0.417238048669 0.187459003702 2.780405534134 0.169174714518 -0.105614077354 0.313030288398 
Arquivo CSV criado com sucesso em: dataset\decomposition_based\random_walk\l100\fv_47400
47400. Decomposition 0.486476315714 0.338509420127 0.010270213084 0.006363005495 0.897404629544 0.055185738541 2.737910312204 0.639966246407 0.199706374139 0.529137990537 -0.000057227555 0.000405014081 0.000551257419 0.000380605137 0.514729514148 0.153227864486 3.607440659039 1.630934743338 0.206866320630 0.545277054012 0.489244226044 0.034683522923 0.067877559244 0.013491573147 0.432291578336 0.177480186536 2.930650520658 0.348741342834 -0.039881270529 0.337400887615 
Arquivo CSV criado com sucesso em: dataset\decomposition_based\random_walk\l100\fv_47700
47700. Decomposition 0.486449111422 0.338472879947 0.010229834597 0.006310706975 0.896009536952 0.056001708683 2.738411408793 0.639940087247 0.204219176767 0.522206449747 -0.000060716428 0.000411049537 0.000520228740 0.000336164695 0.502552774808 0.165849866124 2.689142165376 0.319103423996 -0.032324338975 0.343066801934 0.489161038961 0.034765428329 0.067207044092 0.014145590779 0.418456284691 0.186490618946 2.765583001297 0.170973477877 -0.113420136011 0.313690505716 
Arquivo CSV criado com sucesso em: dataset\decomposition_based\random_walk\l100\fv_48000
48000. Decomposition 0.486279102959 0.338244637318 0.010266779187 0.006358534718 0.896980384246 0.055420282763 2.698114872519 0.647016415998 0.224032023143 0.492577828129 -0.000066371093 0.000420893512 0.000516804649 0.000331607388 0.493324448724 0.177055176480 2.696482947070 0.309075686695 -0.022229415374 0.340624873579 0.489075000000 0.034850774740 0.067077716621 0.014282780119 0.414630677217 0.189620231434 2.772408167181 0.169504769199 -0.109794819172 0.313287315304 
Arquivo CSV criado com sucesso em: dataset\decomposition_based\random_walk\l100\fv_48300
48300. Decomposition 0.486086441511 0.337986209377 0.010333209674 0.006445772460 0.900134512441 0.053972019061 2.656806778626 0.664416666363 0.242604579968 0.466154586722 -0.000058498710 0.000407209585 0.000550259988 0.000379099599 0.482612497864 0.191475900087 3.915061876024 2.241733685939 0.258762232705 0.629861666479 0.489501204819 0.034434350404 0.068243546859 0.013178541021 0.407559134848 0.196060900722 3.343565508174 1.143398600800 0.062059966648 0.454746060426 
Arquivo CSV criado com sucesso em: dataset\decomposition_based\random_walk\l100\fv_48600
48600. Decomposition 0.485894183530 0.337728563749 0.010402947856 0.006539006383 0.901599417391 0.053539366996 2.624033073751 0.685029908129 0.258696202697 0.444502493154 -0.000072089005 0.000430920740 0.000513749873 0.000327608945 0.492284711177 0.178393247685 2.699535839852 0.305016357496 -0.006361613463 0.339188634161 0.489223255814 0.034704113094 0.067267393777 0.014082740801 0.412998963352 0.191032732397 2.833815223236 0.202465997593 -0.068799512062 0.320323750830 
Arquivo CSV criado com sucesso em: dataset\decomposition_based\random_walk\l100\fv_48900
48900. Decomposition 0.485700918042 0.337469811275 0.010480356008 0.006644391222 0.902961305496 0.053278691661 2.600661145126 0.703101467882 0.271347049982 0.428410321884 -0.000077672342 0.000440778163 0.000517783263 0.000332901868 0.491738279076 0.179102139791 2.694925230197 0.311172689373 0.008459514912 0.340523621252 0.488469662921 0.035469037556 0.066919622079 0.014455004399 0.415523389633 0.188866845195 2.765941857168 0.170869411378 -0.092282132810 0.313701329859 
Arquivo CSV criado com sucesso em: dataset\decomposition_based\random_walk\l100\fv_49200
49200. Decomposition 0.485538424243 0.337252446508 0.010516573641 0.006694358363 0.903738727215 0.053191884656 2.582111167541 0.719286069247 0.285850209393 0.411104455966 -0.000087684986 0.000458605912 0.000517341067 0.000332316141 0.505307384503 0.162761440917 2.717833988543 0.282234990606 -0.005087592508 0.339201846787 0.488243478261 0.035707839788 0.067109213676 0.014249057518 0.421167867218 0.184432488430 2.758934372611 0.173428336985 -0.100004978878 0.313036148827 
Arquivo CSV criado com sucesso em: dataset\decomposition_based\random_walk\l100\fv_49500
49500. Decomposition 0.485455090742 0.337141040080 0.010482620246 0.006647502922 0.902698425733 0.053318272034 2.581990167656 0.719396725504 0.296549385073 0.399208665386 -0.000096959686 0.000475275910 0.000521820969 0.000338310185 0.508838626830 0.158993851847 2.714380137925 0.286315797080 -0.005105119854 0.339201535166 0.487404678363 0.036628632504 0.068093035465 0.013303291195 0.429692971684 0.178880950590 3.102687607812 0.670736890635 -0.198241173657 0.366503350872 
Arquivo CSV criado com sucesso em: dataset\decomposition_based\random_walk\l100\fv_49800
49800. Decomposition 0.485337982771 0.336984558493 0.010479505016 0.006643222140 0.903879059977 0.053181043698 2.575172070088 0.725735109203 0.309050984510 0.386347712399 -0.000091188580 0.000464886407 0.000518393790 0.000333712725 0.495246656284 0.174619640736 2.708325653864 0.293724608097 0.008358112776 0.340505738499 0.488057142857 0.035907658213 0.067390377548 0.013957016878 0.411281918967 0.192567637463 2.790822600167 0.171002273470 -0.065230842966 0.321918538178 
Arquivo CSV criado com sucesso em: dataset\decomposition_based\random_walk\l100\fv_50100
50100. Decomposition 0.479568190884 0.332439836009 0.006763206139 0.005585637746 0.753242379754 0.340340409851 2.571146166427 0.729571581476 0.317269128119 0.378555519288 0.000638524032 0.001628030480 0.000336072110 0.000281577496 0.410209677069 0.245330913346 2.704991136904 0.297936540142 0.005855646639 0.340102439201 0.531433333333 0.103203240690 0.056281172977 0.028150776811 0.345311423210 0.232121895208 2.772967336311 0.169432624319 -0.061883656355 0.323550324198 
Arquivo CSV criado com sucesso em: dataset\decomposition_based\random_walk\l100\fv_50400
50400. Decomposition 0.471086900938 0.326285711837 0.008013899811 0.004616638241 0.617260889863 0.642760036591 2.485747003144 0.692840045894 0.176247528689 0.467820149041 0.000501164542 0.001324777424 0.000478341624 0.000297216668 0.258103761520 0.548323756336 2.626283698454 0.323953889667 0.169567317007 0.479998902115 0.523933333333 0.087485192398 0.084724586586 0.040446851065 0.254415183458 0.397449652239 2.697963855799 0.228145689412 0.138552519802 0.536759394082 
Arquivo CSV criado com sucesso em: dataset\decomposition_based\random_walk\l100\fv_50700
50700. Decomposition 0.462209261589 0.320858823031 0.008065475156 0.004555831505 0.796792816890 0.244349601260 2.558176223614 0.666635838243 0.189626695037 0.448199941919 0.000451036629 0.001211462974 0.000620563800 0.000567797978 0.270931765881 0.521004063045 3.005749526595 0.725430812099 0.290510085739 0.708189338703 0.514528571429 0.068484515356 0.080701899462 0.032022982097 0.185642115072 0.540021560785 3.111655259645 0.772962089766 0.258331429123 0.774548803117 
Arquivo CSV criado com sucesso em: dataset\decomposition_based\random_walk\l100\fv_51000
51000. Decomposition 0.462207565458 0.320856170308 0.007941292271 0.004529846330 0.796154798070 0.245747977855 2.573147966830 0.666019729266 0.197169266903 0.437652964848 0.000384672731 0.001069128176 0.000813477568 0.000978078060 0.336691420560 0.384093384173 3.352342319330 1.472850836044 0.362389851568 0.855555134038 0.506100000000 0.052780236200 0.080442666676 0.031490962377 0.325869953566 0.263053513658 3.319725584112 1.232333458462 0.274748774239 0.808606400056 
Arquivo CSV criado com sucesso em: dataset\decomposition_based\random_walk\l100\fv_51300
51300. Decomposition 0.460390601734 0.320054460652 0.008085675489 0.004551659947 0.834689645145 0.162175262481 2.569093548394 0.666020502651 0.198278381229 0.436135556391 0.000044172291 0.000410802991 0.000972456572 0.001330421069 0.466189324484 0.173000218177 3.920288752739 2.731064498245 -0.477193968305 1.123866559448 0.491048717949 0.033941613828 0.082201447242 0.035130078935 0.420211201888 0.173789988544 3.778534880380 2.253830799678 -0.479838221314 0.980136437149 
