
Multi Random walk:
Arquivo CSV criado com sucesso em: dataset\decomposition_based\random_walk\l100\fv_300
300. Decomposition 0.464081298634 0.000000000000 0.153690800128 0.000000000000 0.705581090001 0.000000000000 2.934520087411 0.000000000000 -0.167404113417 0.000000000000 0.009445529948 0.000000000000 0.034248421060 0.000000000000 0.136956926008 0.000000000000 2.029230756822 0.000000000000 0.208069316658 0.000000000000 0.534166666667 0.000000000000 0.158177554947 0.000000000000 -0.277496774990 0.000000000000 2.809722926352 0.000000000000 0.091129186780 0.000000000000 
Arquivo CSV criado com sucesso em: dataset\decomposition_based\random_walk\l100\fv_600
600. Decomposition 0.408190782543 0.000000000000 0.172609722655 0.000000000000 0.877542237170 0.000000000000 1.885685738150 0.000000000000 0.022942000608 0.000000000000 -0.001690755969 0.000000000000 0.024962962174 0.000000000000 0.101694712404 0.000000000000 2.913924489185 0.000000000000 -0.148079099337 0.000000000000 0.494166666667 0.000000000000 0.156549158059 0.000000000000 -0.075274745018 0.000000000000 2.630006540559 0.000000000000 0.274197223727 0.000000000000 
Arquivo CSV criado com sucesso em: dataset\decomposition_based\random_walk\l100\fv_900
900. Decomposition 0.434590559409 0.000000000000 0.156412979120 0.000000000000 0.884684626096 0.000000000000 2.169474030152 0.000000000000 0.197571256404 0.000000000000 -0.000804262209 0.000000000000 0.023631467531 0.000000000000 0.142384302010 0.000000000000 2.851313931940 0.000000000000 0.177959495034 0.000000000000 0.503888888889 0.000000000000 0.167037550299 0.000000000000 -0.000006171408 0.000000000000 2.528363390630 0.000000000000 0.341689242487 0.000000000000 
Arquivo CSV criado com sucesso em: dataset\decomposition_based\random_walk\l100\fv_1200
1200. Decomposition 0.486468393013 0.485644835111 0.004839683003 0.004524983277 0.688049302305 0.200948780774 2.634621992061 0.449626586224 -0.278908667707 0.553138653016 -0.000380483165 0.000376935188 0.000990213311 0.000944916488 0.099618111646 0.007383531800 2.265669198459 0.635969317438 -0.013981697435 0.168036471361 0.490785714286 0.007214285714 0.165918525082 0.007851437800 0.114828324836 0.125483987526 2.377592826807 0.262118659597 0.124302348044 0.009328853234 
Arquivo CSV criado com sucesso em: dataset\decomposition_based\random_walk\l100\fv_1500
1500. Decomposition 0.460790538953 0.460031980518 0.015733102233 0.015443240244 0.932625144079 0.043627060999 2.082085347261 0.102910058575 0.434124825666 0.159894840357 -0.000031391511 0.000028123559 0.001179430608 0.001137708845 0.071411183390 0.035590460057 2.652801992976 0.248836522921 0.177618229580 0.023563455653 0.499142857143 0.001142857143 0.167069589868 0.006700373014 0.007977318150 0.018632980841 2.501565901112 0.138145585292 -0.047776385443 0.181407586721 
Arquivo CSV criado com sucesso em: dataset\decomposition_based\random_walk\l100\fv_1800
1800. Decomposition 0.460110261105 0.459351702671 0.014851985137 0.014562123148 0.927599883187 0.038601800108 2.123180615905 0.061814789932 0.406401883592 0.132171898283 0.000069956679 0.000073224632 0.001277184196 0.001235462434 0.071876986321 0.035124657125 3.008319084403 0.106680568507 0.328614259498 0.174559485572 0.497035714286 0.000964285714 0.172300942945 0.001469019937 0.014284549320 0.024940212011 2.594292542898 0.045418943505 0.072684035033 0.060947166245 
Arquivo CSV criado com sucesso em: dataset\decomposition_based\random_walk\l100\fv_2100
2100. Decomposition 0.494128469074 0.396146170427 0.007982469928 0.007367502628 0.625198577375 0.431384892376 2.076437857195 0.265290087824 0.268789791524 0.259756711662 -0.000364116721 0.000467223942 0.001195789073 0.000869078258 0.036882651697 0.075386097584 3.469682806400 0.538141644878 0.352032294202 0.145771193028 0.493555555556 0.005370242655 0.174242027207 0.005348349608 -0.055353274884 0.118516812679 2.382430937032 0.336948579947 0.033333949300 0.099754608864 
Arquivo CSV criado com sucesso em: dataset\decomposition_based\random_walk\l100\fv_2400
2400. Decomposition 0.490858759099 0.393367654692 0.008429232682 0.007219600526 0.788941121829 0.201272393781 2.553479287999 0.420709325464 0.099706306498 0.482848872866 -0.000366801224 0.000471287435 0.001256456589 0.000936736284 0.101845274100 0.023065955231 2.972809948540 0.255416479336 0.148070023617 0.209203544141 0.485222222222 0.010764596751 0.167626014379 0.005149689646 0.032929449232 0.031417392979 2.460890924703 0.226170020855 0.048045738880 0.079876797032 
Arquivo CSV criado com sucesso em: dataset\decomposition_based\random_walk\l100\fv_2700
2700. Decomposition 0.486465580925 0.390095595335 0.009696691316 0.007204218864 0.884117603492 0.071943293437 2.591186542664 0.473543375390 0.399645898140 0.133257045616 -0.000258682270 0.000319205836 0.001240032869 0.000923204267 0.119799670478 0.045671060904 3.109036546526 0.168790851688 0.234346682283 0.118043935626 0.490380952381 0.005407645549 0.167628652376 0.005146381534 0.041819501922 0.037413069144 2.673808603036 0.077113937075 0.219169557181 0.168667902291 
Arquivo CSV criado com sucesso em: dataset\decomposition_based\random_walk\l100\fv_3000
3000. Decomposition 0.485603179757 0.389059210459 0.009849989327 0.007242763039 0.881151593068 0.075696691183 2.628964400639 0.526575842139 0.341251599244 0.177427309818 -0.000255661411 0.000314948150 0.001288613876 0.000977720017 0.147007543081 0.083054230603 3.234135709448 0.245210169219 0.200199302260 0.148933888159 0.488888888889 0.006584681062 0.166689557393 0.006353678775 0.042093081165 0.037649057419 2.628779270324 0.019680198635 0.210735771148 0.156898161664 
Arquivo CSV criado com sucesso em: dataset\decomposition_based\random_walk\l100\fv_3300
3300. Decomposition 0.477402450154 0.354890029815 0.008999041893 0.006056861164 0.899757262745 0.073047961124 2.536292227352 0.483452151974 0.163918253582 0.343440947112 -0.000273060187 0.000257371060 0.001365399610 0.001061976594 -0.008121034410 0.282089932486 3.012314258819 0.404097611099 0.279763651139 0.189808310095 0.477583333333 0.020555311560 0.172417416283 0.011054717745 -0.058228130795 0.176149905446 2.881021534959 0.445524106274 0.390749266228 0.339976242085 
Arquivo CSV criado com sucesso em: dataset\decomposition_based\random_walk\l100\fv_3600
3600. Decomposition 0.478058966570 0.356053617149 0.008985910028 0.006045034301 0.879144310361 0.065647386418 2.729134187851 0.487917561637 0.031372176215 0.558288552769 -0.000195788083 0.000182737036 0.001267323364 0.000922138972 0.036960423069 0.207785996877 3.054376010699 0.342321941018 0.237342703762 0.145023382473 0.483833333333 0.010563301252 0.164780362183 0.006415174294 -0.017054524374 0.106852995042 2.716491438834 0.160956157011 0.290019735179 0.193138081640 
Arquivo CSV criado com sucesso em: dataset\decomposition_based\random_walk\l100\fv_3900
3900. Decomposition 0.477369693773 0.355113973732 0.008630369572 0.005606409790 0.875836943867 0.066198400890 2.666338702798 0.460599721590 0.119380203793 0.413873272947 -0.000216422164 0.000196645348 0.001254338760 0.000904261541 0.067018303287 0.160253700144 3.217773701162 0.196908458895 0.263819207519 0.170659080195 0.484527777778 0.009565684231 0.162435858894 0.009299330509 -0.003188879285 0.084277754242 2.718751624445 0.164855814484 0.278390374714 0.179400659731 
Arquivo CSV criado com sucesso em: dataset\decomposition_based\random_walk\l100\fv_4200
4200. Decomposition 0.456069708383 0.336554866026 0.008150443445 0.005225021900 0.897130788020 0.061852413761 2.669352289921 0.410900604398 -0.042269786000 0.494014472933 0.000182017799 0.000688675402 0.001235744324 0.000932925929 -0.112560232983 0.392159486289 3.415753273357 0.446849254486 0.019736507778 0.476116215942 0.502000000000 0.037730624167 0.165722391295 0.010415806424 -0.107539897743 0.224235617458 3.357929316825 1.323528128718 -0.098125143685 0.752366336720 
Arquivo CSV criado com sucesso em: dataset\decomposition_based\random_walk\l100\fv_4500
4500. Decomposition 0.448106685594 0.324570037013 0.012229838648 0.011899135359 0.907636297537 0.069591746276 2.442022546480 0.592855623148 0.153087080754 0.462073490102 0.000055852473 0.000443108240 0.001219813186 0.000907453682 0.071924601131 0.137918382887 3.018490692933 0.422479972803 0.208159694999 0.158662602093 0.499800000000 0.033492685769 0.165060362934 0.009657980532 -0.018167753156 0.080240205312 2.731747666931 0.133988008959 0.118157505854 0.340279424186 
Arquivo CSV criado com sucesso em: dataset\decomposition_based\random_walk\l100\fv_4800
4800. Decomposition 0.446181099825 0.321723255872 0.011458490544 0.010477245174 0.904934016392 0.067059619032 2.669240924501 0.410886312085 0.271447351683 0.586119689885 0.000018006912 0.000371218898 0.001185825572 0.000854545186 0.057393616983 0.140563468224 3.028064688473 0.405157953560 0.211001811654 0.155912340051 0.497250000000 0.028641752740 0.163778209627 0.008589851655 -0.024708675743 0.086487501730 2.692167173273 0.117332671591 0.140172354964 0.301567759853 
Arquivo CSV criado com sucesso em: dataset\decomposition_based\random_walk\l100\fv_5100
5100. Decomposition 0.482438283926 0.335544070404 0.008759370368 0.007636406050 0.805869709699 0.228672880406 2.726004196676 0.548675050760 0.232727255822 0.641011195423 0.000122815858 0.000385243738 0.001411096375 0.001101795722 0.093205988806 0.150415084521 2.888569257055 0.482922929314 0.100872030024 0.288208386132 0.499722222222 0.024687991283 0.160239252162 0.011259260880 0.053672162337 0.168612243671 2.465984436409 0.433254015370 0.081782697680 0.300829689270 
Arquivo CSV criado com sucesso em: dataset\decomposition_based\random_walk\l100\fv_5400
5400. Decomposition 0.479078737409 0.332627569998 0.009292733067 0.007456587845 0.881738079498 0.079247228705 2.714547721395 0.560292362826 0.295534378340 0.610001263007 0.000082224290 0.000321311566 0.001396205936 0.001083027290 0.073863656113 0.132960836109 2.992565000143 0.395915240871 0.163017330765 0.180004061552 0.501805555556 0.027010700326 0.165596236340 0.008800906464 0.029536312516 0.121776483082 2.682617499375 0.157903017565 0.174895129205 0.246782235748 
Arquivo CSV criado com sucesso em: dataset\decomposition_based\random_walk\l100\fv_5700
5700. Decomposition 0.478585347148 0.331903584408 0.009375592846 0.007455089843 0.873273651998 0.092524507841 2.765599062440 0.516357733274 0.321538273670 0.606289523274 0.000122866722 0.000384364669 0.001282191552 0.000896255269 0.060341415852 0.128229345872 3.009256050716 0.393126289238 0.201618977078 0.142749064479 0.505515873016 0.032417864310 0.162668962441 0.008297080101 0.009729116292 0.089554891007 2.697030779807 0.175368362963 0.144468060132 0.247055586731 
Arquivo CSV criado com sucesso em: dataset\decomposition_based\random_walk\l100\fv_6000
6000. Decomposition 0.477654786205 0.330543814283 0.010199378786 0.007687047182 0.900406863781 0.061503766464 2.981696906652 0.595859978030 0.138354206768 0.737125646025 0.000100232060 0.000347732535 0.001317765923 0.000951139221 0.064670769496 0.128993935100 3.062382428300 0.407541006531 0.239892725251 0.152206485639 0.501777777778 0.026975755004 0.164123026749 0.007899991677 0.013069806851 0.094305424388 2.661795836433 0.142101845561 0.168282170138 0.245241517481 
Arquivo CSV criado com sucesso em: dataset\decomposition_based\random_walk\l100\fv_6300
6300. Decomposition 0.503561171051 0.331960095326 0.009178034776 0.006359342876 0.837335799157 0.164651391836 2.957683772008 0.554786080678 0.133265502439 0.682559562494 -0.000076728321 0.000476708233 0.001360140833 0.000905328060 0.082571747516 0.126735815899 2.971654963660 0.461710472254 0.214278023638 0.143110982666 0.488904761905 0.039493907220 0.161385521656 0.009780077084 0.044981707466 0.116426329156 2.615294007795 0.186603143625 0.114900207972 0.268444508549 
Arquivo CSV criado com sucesso em: dataset\decomposition_based\random_walk\l100\fv_6600
6600. Decomposition 0.482557519352 0.320118852251 0.010779819858 0.007943641419 0.903866462943 0.057568555955 2.856970562810 0.630609052100 0.190487748699 0.694290734525 -0.000060219403 0.000428947961 0.001304416087 0.000873520810 0.082111792656 0.126368499090 2.984763147628 0.444834569840 0.197863530821 0.160384896805 0.489857142857 0.037699672494 0.163314868138 0.007516112052 0.033018723553 0.100142989070 2.683806048298 0.140101307647 0.086785004341 0.310381707259 
Arquivo CSV criado com sucesso em: dataset\decomposition_based\random_walk\l100\fv_6900
6900. Decomposition 0.482634363010 0.320228284771 0.011041698059 0.008372857314 0.906103342765 0.058626145306 2.820855810404 0.677898931225 0.149806848628 0.683022082304 -0.000088120521 0.000484676505 0.001285917515 0.000849840782 0.077146241839 0.122991737718 2.964394082121 0.471739581071 0.225806952966 0.136863141032 0.489063492063 0.039190929427 0.161641613393 0.009374499244 0.029978806801 0.096985313589 2.680290993234 0.137974716211 0.151177978531 0.234001788632 
Arquivo CSV criado com sucesso em: dataset\decomposition_based\random_walk\l100\fv_7200
7200. Decomposition 0.484251624878 0.316935454473 0.008932772454 0.006982091653 0.814215595275 0.249173637662 2.743733463060 0.663650675191 0.139810317335 0.646669149840 0.000031336249 0.000458903825 0.001260631333 0.000797088888 0.056332046405 0.119734187415 3.012268898305 0.486760099042 0.079881825164 0.377213823508 0.495875000000 0.039460225227 0.162329387696 0.009356542645 -0.019853153543 0.141758431498 2.790702156953 0.341596596791 0.208474229168 0.285461922114 
