74168458.314009621739 482140.078857421875
77083969.495435610414 490143.281982421875
79014095.449856162071 496117.314208984375
50318514.031113915145 405332.124755859375
71243022.547892346978 473150.129638671875
80051297.362069308758 500649.842529296875
69646586.941832110286 466135.509521484375
80392675.730605304241 501151.628173828125
71976066.004990443587 474937.972900390625
50944329.856955267489 406652.607177734375
47852945.349228926003 397362.021240234375
74818062.953037410975 483611.322509765625
77297535.984036579728 492078.209228515625
47560808.878331176937 396870.357177734375
80666011.637796506286 501314.765380859375
73856200.607770130038 481490.191162109375
224554681.537237524986 878833.390502929688
331524206.394634425640 1098401.044921875000
75804145.612053811550 484170.708740234375
367205180.945687115192 1184295.112792968750
125667852.068893983960 619765.847900390625
65770210.714650139213 459681.853271484375
104844668.693787008524 580065.172119140625
103921954.204490527511 576913.618408203125
60121481.638132117689 442091.643310546875
122560102.963498264551 613102.111083984375
395589783.677472233772 1279481.932495117188
66985644.009785078466 459993.090576171875
287429254.292714774609 1003070.945068359375
320044090.484859287739 1085263.581176757812
370479699.569006204605 1218271.963012695312
35158392.630729854107 360919.135498046875
331696610.338191866875 1116985.183715820312
43983461.471957802773 391672.843505859375
25700262.752940889448 327650.380615234375
63804042.909287840128 450609.983154296875
401486233.102660596371 1289538.526733398438
43678519.016828291118 389682.123291015625
56796469.943948343396 429652.803466796875
54077462.563242182136 420335.090576171875
116407580.224534675479 595812.927978515625
190459662.177026659250 795885.337036132812
60139373.507210634649 442565.160888671875
44565843.964823842049 392337.408935546875
300422643.724344789982 1036982.309082031250
15052298.379311658442 284319.070556640625
72580709.610157713294 481120.585205078125
410319708.748976886272 1305610.182495117188
164060015.721936672926 737602.154052734375
389600170.715472579002 1265609.852416992188
163981054.569532245398 737327.393066406250
301913854.167520523071 1041743.749511718750
268968033.986337363720 939958.894775390625
202921196.287043392658 836489.554809570312
317896489.549300432205 1083222.150878906250
189079215.096377909184 789917.817626953125
51802594.898771271110 411121.152099609375
155096247.784551650286 710931.701660156250
333818488.211648643017 1124734.588012695312
43115045.784276895225 387369.927490234375
131640948.060144305229 647192.658691406250
190706476.345572561026 798230.758056640625
25768148.189164046198 327787.938232421875
42990474.080531440675 386766.718505859375
62032187.540596961975 443768.523193359375
64499315.516617745161 451990.034912109375
158024556.140554100275 719918.307128906250
144730919.230199605227 680288.263671875000
387151727.809552907944 1257718.513061523438
28219884.084768541157 337074.858154296875
131196121.055166333914 640333.384521484375
147469431.047758221626 687948.287597656250
52637086.108076483011 419404.166748046875
72528475.045795932412 476372.843505859375
129583654.798576384783 635441.415771484375
85612476.425479352474 511555.686767578125
354242901.260835409164 1177838.174926757812
50992713.312203750014 409402.358642578125
44123212.061661787331 391699.506591796875
203104284.479545503855 837511.142333984375
118002816.471886783838 602648.742431640625
126865192.707402318716 632799.495117187500
164826880.958126038313 750442.690185546875
120658220.482335835695 610950.104736328125
32544468.734481047839 356150.526123046875
55356093.488782644272 428721.879638671875
35513778.758955560625 365833.195068359375
392440211.135532617569 1272435.192260742188
429231276.469009518623 1335718.087768554688
274727880.499363124371 977313.886596679688
35364016.105745047331 361396.357177734375
30707653.043638102710 346513.071044921875
261702424.623227894306 934234.390014648438
104921881.313144952059 584650.001953125000
25272974.729454409331 327167.999755859375
23421802.403749663383 318341.698974609375
102104260.450655713677 575532.992187500000
126806033.339733541012 626417.277099609375
28965431.761099584401 337616.609130859375
256862125.490521907806 920946.293823242188
28310973.969102237374 337139.387451171875
23211211.792607586831 317813.853271484375
204002925.202325284481 848126.310302734375
333990652.526631534100 1133329.080932617188
183776765.029193937778 783196.783447265625
107531434.404273688793 588339.729003906250
101599734.374719291925 571261.551269531250
15108713.489789536223 289429.333740234375
15011289.916229465976 283548.620361328125
86477228.960639208555 520090.024169921875
181220245.601451516151 778732.131591796875
96282658.733434289694 554854.349121093750
342116659.592012405396 1148809.204467773438
104713813.541784450412 579241.634277343750
352237953.069282472134 1176445.213745117188
35090453.637843303382 360914.226318359375
67479489.553125277162 465325.658935546875
110261063.349330008030 589935.307861328125
198307919.619213610888 831549.423095703125
24949793.998197849840 325170.695068359375
65012361.577104508877 457198.976806640625
382242712.977721929550 1252241.579956054688
47888279.522012643516 401007.356201171875
162102723.826722770929 733371.153808593750
35870282.527278535068 366051.752685546875
36506849.565196141601 366074.391357421875
288495447.599634706974 1012746.494995117188
225478912.117849588394 902332.898681640625
307822819.818258941174 1064604.710327148438
34877729.112198695540 356891.519287109375
303157190.390578031540 1052367.859252929688
30484672.523725867271 340214.018310546875
23167344.111545979977 317624.884521484375
39631620.168022759259 374272.216552734375
15093480.793593855575 284319.074462890625
32342992.366391450167 346990.292724609375
56456230.246633462608 429014.902099609375
19409141.851887486875 308704.243896484375
210841645.099381893873 867075.990966796875
27595479.819321855903 332277.197021484375
98418366.343081295490 563439.908691406250
123765969.587731555104 617613.841552734375
414036267.141902923584 1308190.109252929688
163678744.381118744612 736647.682617187500
205514363.789663881063 856069.674560546875
19241209.160621374846 304245.386962890625
194939035.208321630955 824542.116455078125
423023541.812927663326 1335708.030273437500
107234259.412874191999 584946.905273437500
40815398.859858319163 374431.749755859375
22569042.896785918623 316156.484130859375
312091527.028493821621 1077873.100952148438
32353280.286130253226 355648.943115234375
431510540.869096577168 1347292.247680664062
31895331.420441903174 346740.469482421875
422647026.612960398197 1330333.392211914062
227083489.366985052824 916628.141113281250
291729066.080453455448 1024949.881225585938
157722245.952140539885 719238.596679687500
123894493.070040091872 619533.775634765625
67228305.258380740881 461445.321044921875
345611661.882939040661 1165918.621948242188
28183743.027200676501 336568.135498046875
179529945.218241780996 777709.079589843750
138239973.847039818764 659756.041503906250
23174622.356452494860 317666.050537109375
177902683.969047129154 770620.429199218750
304681679.151031434536 1060327.942749023438
120786743.964644372463 612870.038818359375
33384576.687086749822 356414.297607421875
206776666.649170458317 863966.438964843750
23004325.091851510108 316964.987060546875
160890478.444670349360 728239.456054687500
270553237.160542726517 957902.935913085938
145132934.193589091301 683676.636230468750
114997797.869131058455 595607.623779296875
59931526.769167020917 438286.348876953125
24826645.729401487857 322083.569091796875
374184722.043568789959 1230930.338256835938
48351237.200211763382 401125.845458984375
336334615.122631609440 1139165.479370117188
91096388.101749137044 551671.710205078125
88539740.892021790147 542378.279541015625
37386782.642974629998 366269.978271484375
49791347.840314634144 402261.093505859375
46808371.305536270142 392918.079833984375
175999810.999044179916 762510.332031250000
17641698.614017646760 299066.788818359375
63434838.939421400428 444286.805419921875
139903323.986987531185 675821.968017578125
55283809.252179123461 427029.727294921875
40887761.824425347149 384229.486083984375
294039591.176124036312 1031870.994995117188
283248747.725695133209 1001648.909545898438
57734508.884738065302 429782.398681640625
148151698.928774476051 702414.574951171875
81357117.301457911730 508049.144287109375
289445041.952707469463 1016741.969116210938
129607466.017351090908 638007.109619140625
49657432.835023269057 401662.143310546875
118026627.690661504865 604791.117919921875
22845888.919635005295 316684.329833984375
76512912.503185316920 489447.294677734375
212116293.013866871595 875153.756347656250
419507034.066699862480 1322862.504028320312
52304090.588804230094 418795.932373046875
49865466.599793501198 402364.319091796875
86643860.985633686185 533353.625244140625
30781764.152235377580 346701.108154296875
26454681.093787599355 327979.154052734375

