428361923.239571452141 788559.519531250000
414126178.417633950710 764219.269042968750
418188898.741495132446 783785.522460937500
421616789.432375311852 785088.244873046875
414672840.035804033279 778222.769287109375
406116094.495886981487 741876.435791015625
396719038.529105544090 731063.959960937500
322500007.213750600815 633615.539062500000
284639309.231593430042 567693.982421875000
310819630.255267858505 614846.408935546875
109371564.264721229672 324392.480468750000
351638677.690121173859 679162.941406250000
370839174.440727651119 704876.749023437500
306959464.719509541988 606650.260498046875
401279098.143769145012 741467.848144531250
356353865.383900284767 686482.138916015625
305330186.659404218197 603573.962158203125
386176535.875279009342 722993.362060546875
367536575.702616751194 701036.618408203125
282768126.762312889099 564686.961669921875
334446297.629520773888 652626.838134765625
69540110.464910760522 261894.168945312500
119603970.545556262136 338393.284423828125
183335359.596133649349 439756.199707031250
127060479.015119552612 348053.154785156250
154945954.150259882212 399525.127929687500
139872961.711101293564 373748.412597656250
107364785.764141544700 319551.719238281250
166442972.781785607338 415944.474365234375
146775701.568196326494 386799.633789062500
383937029.992983698845 718830.475341796875
175310076.304101377726 428800.035400390625
147635626.649802446365 388232.041259765625
150467030.100415259600 392560.552490234375
178186577.988906294107 432429.610595703125
310298125.359490036964 608382.779785156250
233917327.589909851551 493817.348144531250
355284860.914470434189 681381.559814453125
411988728.426501929760 750018.537841796875
166345582.301670551300 415904.467529296875
65082038.265515223145 259128.499267578125
169498784.184651613235 420131.011962890625
222175657.266085952520 478177.836914062500
196281650.426571309566 444322.031250000000
199324964.417856186628 448544.957519531250
387188550.633593499660 723104.028076171875
161039702.371939420700 408906.033935546875
163453871.209021598101 411765.821533203125
158637282.682478815317 404832.621826171875
64444099.337788373232 256280.398193359375
62290004.169745855033 251965.607177734375
139338149.496605217457 372320.737792968750
181000147.854751944542 439235.329589843750
302683551.951688885689 592696.625000000000
83042448.020467236638 285185.021972656250
270513856.117675721645 543328.100585937500
92889378.712237611413 303082.186523437500
85039371.353394582868 289596.305175781250
79536593.659078985453 280835.618652343750
400235629.009268939495 739936.494628906250
197829073.427976787090 445343.936767578125
365367425.264921367168 693449.128662109375
387990754.672380208969 724197.560546875000
179867600.205969423056 433353.754150390625
65657763.863360241055 259730.242675781250
66253591.031082443893 260749.718017578125
129502771.539042964578 355154.057128906250
406364274.502624750137 747200.674804687500
270100575.734309554100 541839.698730468750
91741961.238845273852 302592.250244140625
209803121.351098328829 463408.786376953125
404481850.863362431526 741565.532958984375
385658046.799499630928 719608.235595703125
89652495.388169407845 298541.104492187500
173872499.612263858318 425026.650146484375
346696140.895017266273 666995.670898437500
247460823.080846041441 511002.678222656250
195051337.281533539295 443284.151123046875
134282402.144035935402 363963.269531250000
350136870.650961279869 669454.649902343750
155983955.019370138645 400566.545166015625
31764600.273500036448 202657.104980468750
162028867.995000153780 408936.233642578125
256047629.319073081017 518799.753173828125
185567573.144212305546 442315.831787109375
135724691.469477474689 366954.422363281250
32178946.508692625910 202728.552246093750
186105507.834393680096 442497.958740234375
171360017.900758564472 421532.131347656250
186839580.139550447464 442751.414062500000
120746329.630814611912 343688.420898437500
32752736.851140502840 203804.212646484375
101474182.659569621086 304191.506835937500
136077129.469494432211 367957.105712890625
160328458.841631621122 405563.586425781250
183676323.834725528955 441670.759765625000
119692299.146499067545 341278.313720703125
131850988.722779422998 360775.036621093750
151137413.989747583866 393011.694335937500
140135757.957071214914 376536.307373046875
101740064.098396360874 310164.815429687500
28069025.077760268003 194846.503662109375
25348571.944152541459 190395.245361328125
39304826.087291933596 212509.878662109375
172094090.205915331841 422316.217285156250
72960850.472140982747 267794.049804687500
114606857.086953744292 331638.500732421875
87208380.976028129458 294053.906250000000
145671400.547246187925 384862.733398437500
175161898.124744266272 426529.410644531250
34903222.364728018641 206858.632324218750
67649452.060454815626 261627.997802734375
205235271.953788846731 453359.417236328125
392860292.631411910057 727028.146240234375
35971041.947937451303 208196.843994140625
178185004.181238561869 430862.706054687500
148689844.066102176905 389059.753417968750
154029125.082396537066 397152.292968750000
18073330.735813789070 181402.905029296875
25415249.941368106753 190405.218994140625
399178264.137731254101 735060.906982421875
29575742.899906191975 199286.178955078125
25505385.643558558077 190485.069091796875
442072294.219572722912 796404.691894531250
122123635.755695432425 345039.176757812500
256356354.350460946560 526965.999755859375
361408764.657180368900 690534.472412109375
137854396.783786207438 372303.350341796875
27056719.267187602818 194745.096923828125
62019189.288195878267 249946.166259765625
211503281.162501037121 468349.678222656250
73522566.505200073123 272238.127685546875
26883108.494773425162 194598.224365234375
235940838.580933690071 499874.275146484375
116576998.808280929923 336284.342285156250
103817388.227992340922 315664.712646484375
71252739.837116837502 267779.035888671875
365744614.428337037563 699061.905517578125
340747452.994906961918 664484.717773437500
74929572.045814573765 277994.028320312500
267100398.671382874250 541185.196533203125
217585558.289507597685 475936.386718750000
110785256.104049563408 327755.928710937500
332007704.194992423058 652046.676269531250
368110762.103137969971 703002.140136718750
293382064.496013820171 584016.806884765625
63028869.072757914662 256095.187500000000
433221235.499233126640 789919.156982421875
39562754.725457318127 216150.695800781250
79154170.404271855950 278365.091064453125
17948655.439551472664 179767.382812500000
18017401.170901484787 181260.472412109375
70062577.626749217510 264965.165283203125
93264480.045966610312 303203.013671875000
28131893.391336921602 195026.151123046875
47096851.281673140824 229403.852539062500
26334370.079146273434 194080.262207031250
14979130.204542420805 171832.433105468750
248035987.731371164322 515590.533935546875
376368931.215105712414 714243.760009765625
79911694.992807999253 280947.607910156250
258450286.487279087305 530969.335205078125
87583482.309757128358 294174.733398437500
14996489.711276888847 172229.872314453125
41100439.616714410484 216788.657958984375
200058958.705199450254 452456.681152343750
37827682.612989962101 212301.908935546875
443281374.899368762970 796469.957275390625
42947669.439344599843 221182.590576171875
329837771.328133821487 644607.177001953125
36830850.510543256998 211596.058593750000
206047338.505484789610 462331.908447265625
32983513.348252102733 203911.866943359375
40100421.743453763425 216726.283935546875
57271519.758297994733 247750.302978515625
41928402.910531669855 220500.121093750000
372131708.668939590454 705674.302246093750
142967161.407684028149 380883.793701171875
32249293.884308125824 203604.708740234375
15026916.652485910803 175009.037841796875
229571784.741427898407 493721.019287109375
39698667.898372948170 216479.018798828125
35445577.304906092584 207579.954833984375
29730270.251589532942 199370.784912109375
241892809.381975889206 509981.354248046875
123435874.554081782699 346821.455566406250
338791615.286258995533 658661.135253906250
54519139.745278559625 243315.048095703125
214364022.106040209532 474211.282714843750
51455422.019125133753 238773.966064453125
117889237.606667280197 338258.899414062500
42561061.604042299092 221070.476806640625
39829178.836193494499 216529.394775390625
47731848.550584949553 229892.970458984375
315832010.817899703979 620877.900146484375
31238795.622836221009 199477.409423828125
380389877.780907332897 716933.973388671875
320467381.554297506809 627937.311279296875
44534784.673025399446 225654.849853515625
223537529.090549796820 485775.318115234375
17996952.963359460235 180345.016601562500
15025347.912085972726 173590.781982421875
15077811.605745520443 176861.822998046875
37456833.440769344568 212247.326416015625
27155272.605583202094 194829.702880859375
15039961.960661169142 175500.913330078125
297814788.930386126041 590936.787841796875
15007988.405351506546 173392.716064453125
112097494.902435913682 329835.950683593750
90062720.222774773836 301501.073242187500
66311629.086988992989 261067.022460937500
26663778.555849023163 194441.828369140625
24784739.336986750364 190351.622802734375
66072288.185168094933 260141.954589843750
289297151.258718430996 578939.534912109375
35547962.840737134218 207872.436767578125
40188716.208618149161 216788.408447265625
49581579.434776760638 234232.884033203125
279230706.513935089111 562298.061523437500
17780500.994725298136 178855.602539062500
102064325.531691923738 313633.468261718750
30356202.634907126427 199433.786865234375
277376005.472418367863 558413.609619140625
27105128.311329055578 194810.997314453125
15022602.453926702961 173467.951416015625
42786675.451263919473 221113.767822265625
20538141.080284222960 185943.987060546875
292059816.686888277531 582773.391357421875
64499642.437309339643 256730.404785156250
54328978.918735481799 238818.533935546875
