120579801.512915238738 402464.499633789062
247057791.139104515314 611080.795104980469
425716636.678522884846 911666.673950195312
135081172.226023465395 425735.278564453125
409415066.434954404831 867744.981018066406
232366504.958905786276 588674.312515258789
111360932.050408169627 391964.752197265625
97323607.670368015766 360225.797973632812
159606306.721806406975 473018.943374633789
235039293.157638192177 594241.555191040039
310977170.773557603359 704955.512695312500
176500373.654308170080 493839.289321899414
179255879.076399147511 522465.935989379883
125839275.102291196585 410411.027893066406
249842776.330538243055 616545.140151977539
274196338.118901014328 656404.768341064453
274868737.771487772465 681552.453430175781
414954026.505323708057 890412.350463867188
55791350.475591212511 281559.228149414062
350560352.481772184372 779704.860260009766
80534627.030968919396 325798.327819824219
222119824.418390870094 576097.307632446289
338690867.725193917751 771390.316680908203
319945275.183638393879 745527.973510742188
168577701.533228665590 491773.771377563477
313208544.597437500954 709267.127441406250
73326133.378058284521 315648.886657714844
297797699.014516115189 702779.924743652344
200123554.373583555222 551162.345703125000
16816294.672475669533 201833.688476562500
199833836.953761994839 537475.095718383789
53191258.386127077043 271229.172119140625
127023066.302785277367 411934.741943359375
165482254.873994231224 482988.897766113281
419113599.270730316639 896898.459228515625
107995357.820321932435 369519.066162109375
154706058.981969803572 461720.555679321289
153285426.267906069756 459844.882507324219
91777550.587537929416 351911.860076904297
16985479.749931372702 206852.950927734375
251275557.428180932999 631751.207519531250
100445721.098014965653 368276.611450195312
240875340.367936164141 604507.081069946289
124857337.817247152328 409316.749755859375
377024636.318978130817 823132.917572021484
65131942.816710509360 309718.246154785156
135018454.666995435953 425354.036407470703
62528975.279821671546 290848.652465820312
240865176.336022615433 600345.274032592773
245805039.781297415495 609641.817153930664
156651438.576480507851 467478.812026977539
151790836.626039296389 453867.840835571289
371608831.426071465015 816557.227840423584
84423160.420391947031 326449.664245605469
35872112.813984140754 241366.103759765625
136761382.623308777809 437436.634277343750
218166655.956279188395 571557.893676757812
377407572.503710091114 823730.721736907959
39946131.801284402609 246163.443725585938
315337560.441059708595 713832.585052490234
164591533.353596121073 480922.737731933594
196382629.257203578949 529622.380874633789
237452537.692015111446 599220.733413696289
52390658.710468888283 262998.278686523438
206228369.199026077986 557927.619094848633
324647269.488773286343 747306.903366088867
37072717.587034240365 245228.023193359375
291925332.928069114685 686800.444686889648
108519114.294787570834 379983.942016601562
422228810.053854823112 900539.018035888672
380070689.466675341129 828626.583553314209
57271735.816282443702 283291.936523437500
122726616.773105844855 403881.580810546875
64412836.622937723994 295193.528442382812
413324507.805791556835 883468.729598999023
44301057.470884293318 248546.255981445312
50551854.636932946742 262098.466186523438
315496577.037476360798 715559.153503417969
316239212.502309262753 724711.423370361328
263983670.032004743814 647615.325927734375
209603640.925590455532 569854.059249877930
424760786.587889909744 906195.148468017578
45038101.977168954909 253294.182250976562
35379540.009252421558 241209.453857421875
34585497.539923138916 239147.374267578125
156572884.856476783752 463368.800292968750
16983426.145519979298 205074.634033203125
114832968.601748362184 398086.265686035156
414673254.290559411049 887580.296867370605
331700621.120236277580 753830.063808441162
330036730.658735215664 748764.554042816162
396688761.957808136940 854617.582668304443
61633200.745913431048 290276.930053710938
337147526.735833048820 764802.264736175537
334270600.935698091984 759257.516384124756
128822926.387902781367 423932.443115234375
404873037.648878097534 865885.546535491943
388288024.902813434601 843817.369655609131
35106535.493483774364 239472.645263671875
22667175.781776007265 221010.328857421875
358128949.812006175518 816221.409454345703
19884262.692522041500 207812.327392578125
19983069.484689585865 211718.610107421875
411155179.754417419434 878177.287597656250
193576032.342081040144 523576.839370727539
162698028.558185487986 474822.552139282227
422316881.557649731636 903105.730499267578
58357307.881189167500 286839.969848632812
22715728.615361168981 222558.380615234375
133096945.055313721299 425172.684326171875
46939821.415552914143 254311.411865234375
19891342.102338492870 209468.904052734375
84740093.202892065048 332745.198852539062
232368538.488713741302 589321.337738037109
101436233.515974640846 369166.159423828125
26035496.435582745820 229096.673095703125
335865775.963287472725 760815.170803070068
344289365.940931916237 779508.414638519287
19940341.653297051787 209577.378173828125
313701665.687092483044 713403.203430175781
356057066.725845456123 800516.087978363037
392939107.136533081532 843940.876220703125
353751210.113563477993 796690.618984222412
417578851.257389485836 890444.327026367188
263205290.545944839716 639549.503173828125
296907660.986081123352 695208.060852050781
20406477.400374244899 214705.665771484375
19951054.916821751744 210627.909423828125
43322949.703693844378 248222.354614257812
174174033.465462386608 492200.766479492188
27372146.282012321055 230252.987548828125
75456126.482230246067 322363.641967773438
244580577.461709111929 609243.018005371094
22608911.564511194825 215706.014709472656
259283658.218678027391 635481.581253051758
86923536.477153211832 337974.167114257812
428583188.254314482212 919194.861694335938
292951470.262386977673 689517.892700195312
224630972.645094573498 588290.565761566162
32526675.320447873324 236773.581298828125
397558638.840093076229 860951.809597015381
20353695.795055236667 212270.822021484375
250256980.240580379963 624345.396392822266
47978277.867349721491 258409.669677734375
247842686.824204206467 611777.146011352539
22680857.537838127464 221769.349365234375
141451557.467032402754 452459.674682617188
393699921.145844697952 848819.600734710693
