57412955.366577804089 198699.447021484375
285427276.721468746662 509739.174316406250
277846037.450410306454 499836.856689453125
278992992.371492087841 501275.838134765625
178920449.757619589567 366326.436523437500
38785251.419087842107 169519.843994140625
319295018.319879055023 562363.060791015625
394859181.324841558933 656724.444335937500
372188128.804162800312 630375.472167968750
354573806.182268083096 608114.515869140625
422675046.181876897812 700311.687744140625
153235269.023534268141 333884.713378906250
89603691.522530466318 240606.470458984375
176189687.435078233480 363226.447509765625
216044988.932198226452 413411.681396484375
62635736.470635771751 205960.493164062500
181974109.370428472757 369094.774658203125
337679120.294224679470 585733.505859375000
233313774.977587193251 434315.934326171875
292672783.074537515640 522793.250000000000
388591253.625838458538 650302.674316406250
26506315.558925159276 153217.447509765625
125314355.769370660186 291605.595458984375
225341899.235822349787 424230.020751953125
29511883.769074615091 157166.709472656250
336221099.463664352894 583156.468261718750
252084258.083983749151 464543.746093750000
252464801.643012315035 465955.179443359375
400941815.836430370808 663392.256347656250
26455926.542397610843 149880.383789062500
42427635.433231793344 174263.158935546875
331009157.388669729233 578293.777343750000
260492450.328456908464 476253.577148437500
324034289.265367746353 569035.561523437500
119458667.120477437973 281404.129394531250
36007017.076634675264 162753.898925781250
366258320.447972655296 623053.987060546875
83827008.560190543532 233958.662353515625
131509115.830166235566 302679.107666015625
45967006.056290954351 181626.893798828125
54589463.977286152542 195254.917480468750
215041812.051598489285 412617.231689453125
281540382.791225016117 506273.583984375000
395761841.275891423225 657638.749755859375
309569118.174033820629 548412.907470703125
73191664.721808284521 220276.658447265625
260172676.560895323753 471843.406494140625
40519263.173094317317 170590.624511718750
171514756.228374302387 357638.900634765625
355408004.604055523872 609079.121093750000
348399461.883571743965 605289.996582031250
319882465.745696604252 564890.568847656250
385183494.624816238880 648786.195800781250
258253367.238061398268 468240.371337890625
52691300.607105158269 191943.020019531250
53795491.659958608449 193333.707763671875
345535248.731586813927 596406.351318359375
225436102.915935665369 427041.251953125000
140336462.795275002718 315248.649169921875
383625948.951943457127 645279.310546875000
65481170.076991111040 209548.483154296875
50113398.584120519459 184643.305175781250
416059125.859004259109 695339.207519531250
101576434.567312628031 251462.714599609375
35205910.531959846616 162620.408691406250
195888821.336930751801 387186.347412109375
409916513.412893772125 692714.774658203125
272339948.537545561790 492883.353271484375
44151588.798505969346 177641.785888671875
209832923.554017961025 405342.334228515625
109759759.591634675860 265957.340087890625
213694872.817167937756 410324.915771484375
94197765.112782195210 241309.739746093750
99838345.503248631954 251345.947021484375
142275334.499253422022 317942.553710937500
346715577.912287414074 599042.867431640625
346963209.877280473709 599925.071533203125
296424153.947720706463 529065.196044921875
392180545.804908096790 652579.376220703125
285944824.862437427044 512084.145996093750
117265268.330623090267 276025.773437500000
314506005.072156310081 557412.694824218750
218421855.267343252897 416602.339599609375
400879802.472091019154 663278.502197265625
275526630.173616647720 496478.978515625000
340603383.285902440548 591468.572265625000
183308892.106637567282 375558.428710937500
117314784.599329710007 277419.021484375000
36917185.802509553730 166584.919677734375
51832482.832813203335 188291.469726562500
372031919.805940389633 629947.839599609375
156691656.619127988815 340171.184082031250
129939856.777773052454 298316.476806640625
224828737.720480918884 420326.043212890625
146920253.654680728912 324648.320312500000
367391556.595964848995 626979.623046875000
154106282.119050145149 336573.999755859375
42336886.651394560933 171360.788818359375
237498575.485163062811 439357.958984375000
332799397.480568289757 581288.408447265625
376536249.210041880608 637529.294677734375
304211269.173617601395 539951.059082031250
315493400.540771901608 557640.476562500000
365069764.445106089115 619933.330566406250
350484755.721936285496 607254.907714843750
139113343.188871949911 313357.773681640625
221963108.907857060432 420244.912841796875
98641153.820590868592 248026.951660156250
389966822.896541953087 651137.917480468750
48887557.850002512336 184190.593505859375
147359449.997556805611 326098.636474609375
426411911.616450488567 700518.684082031250
348089069.149818837643 603803.281494140625
339873227.413833737373 590681.938232421875
112473310.541584402323 269942.447998046875
162501048.220344603062 345064.982666015625
142879880.640614330769 319110.235839843750
88164026.348525449634 236437.879882812500
408889689.122556269169 688966.499267578125
306035525.617557048798 543237.489746093750
341517359.274417400360 593670.564941406250
97225353.674941763282 247260.517333984375
44124182.723734170198 177490.059814453125
287700156.366684675217 512876.421630859375
114736761.451890021563 272040.665527343750
110020725.881977587938 267089.907714843750
207465524.085771918297 402354.699951171875
335371699.658989429474 582455.471191406250
140954442.401359677315 316539.331542968750
306881386.705481946468 544850.002929687500
317458733.489557325840 561321.903564453125
34056021.861278161407 162599.811767578125
121262073.625215321779 284553.121337890625
321207031.106952726841 566946.538818359375
328396016.215679347515 576677.758789062500
328846421.085090517998 576837.544189453125
344456363.536563992500 596401.154052734375
129950095.879891663790 298939.688720703125
123702929.090052306652 288538.229248046875
166157329.032082110643 353744.609130859375
358182901.180744469166 616441.560058593750
191305909.484502404928 386466.992675781250
301527581.711583614349 536138.488037109375
300621437.402021229267 536122.372558593750
135879971.194825291634 308256.023193359375
303725000.521886467934 539871.619628906250
142455632.948848098516 318333.851318359375
292494679.945711791515 520619.661376953125
197029348.472702175379 393318.056884765625
218992109.890179634094 416942.746582031250
308596790.681391060352 545447.979980468750
196375072.474212229252 388175.597167968750
109151565.227662906051 264349.712158203125
356375070.999701380730 613495.139160156250
290813432.772402942181 519038.034423828125
105069425.245242968202 257810.193603515625
337855906.407630145550 587887.196044921875
33381911.671065229923 159705.544921875000
320446240.459030508995 565117.088378906250
330885477.200098156929 577715.209228515625
371685676.113692402840 628001.782714843750
365819766.246344029903 622860.391601562500
331181603.702033638954 579447.247802734375
16133704.600669749081 147768.315185546875
60433866.529382005334 202684.554931640625
354579821.617739856243 608154.414062500000
312211437.713039577007 554086.946289062500
104370580.804829284549 257673.462402343750
401820423.869739592075 664753.998779296875
211819490.358452469110 409320.427001953125
411152537.033448040485 694938.286132812500
294479394.914958000183 525314.862548828125
108420433.646289750934 261795.301513671875
340935603.706113934517 592047.300537109375
162422061.086159944534 342636.587890625000
163281866.231013476849 350920.136230468750
322360964.801951229572 568738.952148437500
94781218.965630903840 246073.486572265625
279663194.313547730446 502970.784423828125
247114869.055791646242 458237.996826171875
228566725.131933182478 429431.520019531250
360856434.156791448593 619860.261230468750
392289093.441697597504 655122.992675781250
394159247.140624105930 655456.299560546875
81245472.306670248508 230428.206054687500
241297388.057431578636 450575.178955078125
282155817.625087916851 507653.105957031250
144916593.560848504305 322192.047851562500
375413184.938687980175 636925.316650390625
360219614.100978672504 619515.548828125000
273000729.018714070320 493423.365478515625
283370291.908605754375 508872.254394531250
173352617.333317756653 359241.339599609375
230603438.052167356014 432506.126708984375
316542717.992390513420 560486.683593750000
129840041.201041430235 297413.180908203125
404502177.012613117695 680866.215576171875
201897775.215042263269 399102.871093750000
378572962.130276083946 640603.283447265625
106054350.374572470784 259175.483398437500
99262066.595175951719 250347.196777343750
264393836.711468875408 476767.907226562500
59482260.893909722567 198740.256591796875
303564294.631817817688 539212.476806640625
243947661.937483131886 454432.976074218750
396074388.366067826748 661064.937011718750
264686154.633490145206 482437.936035156250
39203365.160889506340 170404.609130859375
182396432.203991085291 374655.132812500000
199066061.392936348915 396395.052734375000
204870742.200386941433 402074.723388671875
204058148.292702168226 401751.438232421875
149396162.917790979147 329180.448486328125
238688712.844480544329 447581.559570312500
127659334.936714321375 294954.580810546875
381375690.349772810936 643939.066162109375
185345605.026871740818 378640.240722656250
239203306.155963420868 447777.452880859375
185681422.566852509975 378846.396728515625
134281428.211150616407 305086.257324218750
227894066.735654354095 428792.456054687500
102068422.923953771591 254332.304687500000
311628242.907346487045 550832.801025390625
102852980.278921201825 254522.740722656250
269565505.640590071678 489327.081787109375
269607350.331440806389 489827.730224609375
173967452.969126492739 361152.368408203125
184834819.849755346775 375884.203369140625
402642713.350236475468 667340.170898437500
302321645.037739992142 538666.239501953125
220852419.313055902719 420164.231445312500
296142721.825927913189 527959.300048828125
220390709.153319448233 419776.528320312500
31679692.852375119925 157797.412597656250
389656273.438363313675 651000.856445312500
78777885.390924245119 226848.230468750000
151405574.357857078314 330114.496582031250
152884637.775400131941 331373.855468750000
372198086.412371277809 630562.068115234375
285437699.199516475201 510785.152099609375
172886697.037783980370 358285.154052734375
16107812.589012533426 146715.769042968750
419965105.526415228844 696575.840087890625
158693895.106174081564 340479.208496093750
287818038.370881795883 515424.359130859375
394695607.043988823891 656181.826660156250
189967247.502977311611 381750.617919921875
405989500.053597986698 687403.257568359375
179346369.850244492292 368419.512695312500
405431527.489137709141 687227.125244140625
304523742.441835999489 541017.865478515625
42220494.800415299833 170749.906250000000
40675016.247040644288 170724.114746093750
69746101.826026722789 217371.528564453125
327990832.989668786526 574962.282958984375
38197933.399662740529 167957.730468750000
182326391.485628783703 372404.620605468750
171984449.762702822685 357688.045654296875
82881307.378897771239 233850.760253906250
176335892.814859032631 363993.675292968750
313677948.718321621418 554613.037841796875
168704696.201589286327 354070.834228515625

