409296934.537375926971 3027.878216827288
66914588.772160083055 1010.211576342583
416976629.184351086617 3279.370466902852
313847776.398866534233 2593.712815308943
276960254.897102117538 2407.120326995850
126796011.111675739288 1505.479068040848
149386212.753595441580 1627.883210301399
361670589.764601111412 2825.938444221392
415348659.582655608654 3178.692303519696
391386930.748141884804 2939.375231111422
250697166.083598136902 2243.375344276428
217942624.448799520731 2072.667223483324
117936944.950492635369 1407.223396062851
208443847.509908944368 1959.984034299850
35534904.778544597328 778.655067920685
388333913.339364051819 2917.128462160006
107337097.986766219139 1319.963745608926
328551513.426936447620 2678.652991319075
39695187.799824878573 817.728423476219
62009426.089519895613 984.902578830719
109019523.845168545842 1333.747980117798
103475756.641280904412 1311.433119535446
212213023.900284260511 1974.508675813675
330674299.429428339005 2688.444217706099
320002052.100213289261 2636.624916100875
157798919.622870296240 1730.695355772972
149740032.720948040485 1649.998756408691
68910737.596641674638 1050.451925754547
356112257.777802050114 2809.094379032031
273891169.271086812019 2357.130853891373
130873534.858845517039 1531.065797805786
409219035.587466895580 3027.802884838544
23849073.190670460463 672.002255916595
239939552.138368010521 2185.723930716515
435878022.432541728020 3356.150919973850
340790025.244615435600 2726.727562451735
283657215.708496391773 2439.850733458996
115729683.241506263614 1404.712762832642
234556578.920716196299 2133.605372145772
119102027.879111707211 1453.079100966454
27011949.379607439041 679.732390403748
157159151.840902388096 1653.434038639069
171029399.420637130737 1747.787038922310
94910426.074878782034 1243.233995556831
39009446.531771533191 807.564749240875
55852572.509471297264 979.065564513206
35640368.068881615996 804.710233211517
83466621.603266358376 1208.267143487930
326274696.275851309299 2659.124768281356
247264293.058939784765 2191.593816280365
320330473.773927092552 2649.553988317028
29937163.248636800796 688.967910766602
333633261.647236704826 2701.193745637313
346487572.300700724125 2750.229025209323
34471419.972458116710 748.690361976624
137194888.233729034662 1585.858406782150
311963320.025986194611 2589.020388627425
348932274.455417096615 2769.642078721896
336571992.161337852478 2711.947709107772
422925860.562630951405 3332.828932642937
110633408.202230483294 1382.678550481796
215732144.706841319799 2030.107668995857
50646464.617537848651 942.421195387840
362944333.076767265797 2858.556767279282
81589626.004786700010 1184.183436274529
181728988.112528443336 1902.073980987072
231210387.055291116238 2094.098103284836
50348710.053606525064 915.011844635010
157324079.446313321590 1709.103856444359
213291982.637844055891 1989.629910707474
109768012.553004816175 1341.814465999603
101154689.630729943514 1279.861478209496
315348952.874150872231 2603.201564813033
382121706.130485832691 2893.718368375674
41093250.458867073059 858.768627643585
388349935.724267065525 2933.746032828465
16163550.351884353906 668.725275516510
32467317.536515511572 748.391524791718
269965486.052268207073 2309.127716794610
75674038.532515868545 1078.303701400757
252471809.475701749325 2278.785910692066
317731075.240479230881 2623.475317025557
28861554.471246510744 685.337968349457
35481681.194485895336 777.456619739532
34865341.903072103858 749.915828704834
53931928.851328141987 974.095656156540
283759539.145308315754 2459.838611401618
392334522.562377095222 2986.551892369986
65780419.742254890501 1002.919818878174
192326443.025583028793 1910.639302372932
222840405.041791647673 2076.940925598145
80071729.761902406812 1161.036976814270
409503127.283818066120 3137.999221444130
210564928.425897061825 1973.441621303558
375976015.887017428875 2876.002389514819
79405075.836254075170 1113.936977386475
379106536.426252186298 2892.695909107104
105305313.952324926853 1315.538919091225
406258443.162826955318 3010.991339767352
136131814.245141714811 1571.364260435104
178709808.676248401403 1822.382690191269
121962410.481372341514 1454.153347611427
106115114.196041509509 1317.315161705017
385469207.130162656307 2899.707449281588
214875553.583419919014 2004.284985303879
27562715.789521016181 682.298445224762
247442372.798135876656 2216.813479542732
31323733.427577257156 730.818296909332
286241321.793680071831 2515.257375642657
100492642.776011347771 1273.374091386795
209706286.485444843769 1969.360442757607
146127357.019241869450 1610.388661980629
282294006.415313959122 2437.772267132998
77189896.494120404124 1103.833983302116
181576709.573175072670 1834.506036818027
411264789.127773880959 3165.457720696926
294001522.443971931934 2582.185768419877
122826328.269811376929 1477.839832067490
408114412.253857433796 3024.019333481789
409444355.576295316219 3119.684122264385
198830412.315579652786 1958.286223292351
236946537.250503182411 2146.532352298498
172011154.961162298918 1809.690559267998
34933054.096625827253 759.130052566528
