50935532.088411688805 369440.944091796875
43418777.928419061005 338586.966064453125
200438273.680858075619 742520.604980468750
59988297.625518128276 385914.939208984375
28146627.593713913113 292809.601318359375
73224218.843428120017 420734.051635742188
131983243.926376178861 567626.894409179688
73265477.932457610965 428342.895385742188
68290589.851665034890 418143.766601562500
149358792.884602755308 610361.407226562500
55155421.108999654651 375787.417724609375
148968228.531258791685 607231.835571289062
175853157.778387963772 698881.975402832031
395005744.523933947086 1170574.875427246094
124093496.016115128994 567038.910644531250
29449633.658258423209 295420.660888671875
35101133.318310059607 312672.416503906250
53831205.260957375169 375379.424804687500
85990765.960091069341 457239.395996093750
44508644.006772905588 338882.776611328125
118478902.112208336592 549145.072875976562
179293906.945498287678 720821.261596679688
120682056.870861634612 555194.094238281250
29949887.229508806020 297582.111572265625
179813203.833789914846 731690.597534179688
31357031.055372983217 298630.332763671875
44665007.638370849192 346831.787841796875
251051342.525647163391 832077.868988037109
253152796.810234129429 832140.142303466797
151015516.640256464481 627012.679748535156
218761898.558198958635 797523.158447265625
307585426.121461093426 1002831.082611083984
247677256.831984639168 828559.083007812500
400813146.136986970901 1172939.977172851562
150193968.302173614502 616736.412597656250
42744272.560090065002 335589.222412109375
177072784.412307292223 703701.098510742188
153122831.140209972858 627544.636566162109
89000591.955509677529 464215.137207031250
90030440.087620288134 475831.518188476562
374166574.127509057522 1133005.591674804688
180504831.114536464214 741383.346740722656
99730136.970345333219 499511.011474609375
39132538.080212280154 323500.798095703125
371008495.491725564003 1126447.116088867188
113042047.552721261978 526824.718139648438
259713238.254193305969 867800.207214355469
269691378.115475833416 868798.284637451172
81924745.173535287380 439314.552734375000
168478678.544392168522 679810.665771484375
38122912.807484157383 322986.321166992188
36624868.933952197433 320118.354736328125
115071734.602740705013 531965.536499023438
135527138.180066138506 583354.115051269531
228389973.450716078281 825744.146575927734
39893756.590713448822 329395.060180664062
169521047.808094590902 693475.733032226562
255496324.938804835081 840627.227874755859
66973633.915718078613 405453.273468017578
177311034.523153930902 706743.967102050781
406983353.883871912956 1182287.889282226562
132869361.604430332780 582283.969116210938
299082262.596088349819 986315.625305175781
112000505.232669129968 517736.553344726562
105149427.489474490285 507775.504028320312
26112749.591789882630 286055.354003906250
362027617.586946547031 1105995.410522460938
138988788.615813672543 600530.217163085938
63826294.361833840609 394847.314453125000
46941016.435607559979 350199.385559082031
117617057.443372994661 536858.791992187500
33341687.075034722686 307673.109619140625
161740700.535996437073 674470.025512695312
275492683.031826615334 890967.886230468750
85424475.906283885241 449536.217529296875
36553090.859032563865 316721.635498046875
270622340.520472586155 880835.340270996094
104243533.766925320029 504932.216430664062
84044739.031868904829 442550.251708984375
143077890.163669168949 606849.628662109375
68146655.833020791411 408212.023559570312
154412472.983301252127 658161.249267578125
431856334.688145041466 1241488.827819824219
318708123.138860344887 1030695.091186523438
136208222.198852270842 594402.130493164062
289024723.873971343040 930835.272827148438
349191649.742815315723 1094244.663940429688
320773989.473490417004 1032398.990356445312
31974520.446202415973 303494.479736328125
112258842.010439231992 523628.554199218750
293370286.897308349609 959914.924804687500
408628137.206551969051 1205618.755737304688
15154160.383044345304 266380.526611328125
343904803.111549258232 1080130.990600585938
331090827.947381198406 1055229.911987304688
39194061.111045457423 323795.386352539062
322972764.218447327614 1036180.692260742188
274455560.041300415993 883526.321411132812
275756686.170527279377 916467.626220703125
313062500.541857898235 1011361.121459960938
363394556.562900125980 1124982.667358398438
111970473.786379247904 507863.881103515625
420349057.648367464542 1224459.477661132812
227063644.519831985235 803511.722534179688
338338453.577336728573 1070274.964233398438
88248148.376835331321 458498.337036132812
278432444.090245366096 919841.324035644531
47173888.526520185173 358716.501220703125
170867977.259762704372 695285.302734375000
381353778.140224695206 1158473.760131835938
77053165.799708843231 435187.944824218750
85953704.960957497358 449880.988159179688
60618697.044960871339 391093.054809570312
15253566.644509214908 276116.764892578125
340900396.020513653755 1076753.159057617188
328852625.818177640438 1050993.266967773438
429060301.410452127457 1234514.107604980469
253554465.147618204355 837240.756042480469
15203295.222923802212 275288.559814453125
201355413.854343920946 767681.291870117188
15276632.707850825042 282845.687744140625
256804971.274030327797 848096.241333007812
257549224.686882555485 848877.802307128906
259014524.943366259336 849588.641967773438
353908003.666676640511 1103657.231323242188
138706908.726133435965 600144.592163085938
15232742.372912498191 275713.942382812500
325948537.810943543911 1043776.495483398438
122953090.232870548964 560839.345825195312
59133051.325479313731 376796.037231445312
298338209.654724121094 963098.352081298828
177433894.793779224157 717331.024902343750
73050852.807899951935 419363.878051757812
