441283122.854670166969 271006.768463134766
419942428.443120956421 260637.468978881836
432208913.428296744823 270345.805791854858
414528923.088638484478 256392.507041931152
420387216.349300146103 269555.907485961914
223551612.017619103193 172849.222558975220
73742040.912875786424 93958.087326049805
40560931.465651802719 73316.128364562988
144333019.137399315834 133182.465951919556
199483649.084510356188 161288.327295303345
120629035.534150362015 123414.156097412109
292608338.175402879715 205693.139282226562
156818009.788757413626 143070.881357192993
157665182.986806780100 147256.232538223267
202460944.760337650776 162676.218042373657
82947381.954885363579 95785.250915527344
34087995.279784813523 66126.565856933594
26828870.825848020613 62043.732666015625
399445127.451041102409 250281.938749313354
30698613.368456244469 65398.356079101562
125843631.969557046890 123897.860321044922
127100936.650445252657 131009.217163085938
419748050.641059041023 257408.887296676636
153868836.965876758099 140592.537607192993
402243052.177494406700 250832.899076461792
52106382.868621028960 80478.518386840820
230720681.700437098742 178833.945266723633
46348041.301243461668 75521.830886840820
411138062.647743761539 253944.594469070435
290677558.492001295090 202089.182329177856
365619997.213025748730 237622.275438308716
38784426.757092565298 70539.973937988281
149900330.097910106182 138139.153451919556
419849355.288243114948 257577.829088211060
220328772.805976390839 171273.893091201782
189802617.398660093546 160824.009944915771
189719328.402961313725 157932.675422668457
139189503.363595098257 132214.281600952148
382142137.222299277782 244332.179796218872
53731387.788417071104 82411.165344238281
345722711.764526367188 228837.693651199341
295224620.550423622131 209196.844999313354
43814952.668746188283 75284.131347656250
170825091.468670934439 150205.411172866821
367807852.897778451443 238329.114854812622
36944340.445176415145 66861.536621093750
185530400.237729460001 157785.378189086914
63021515.787597745657 86636.655960083008
113831140.863249346614 117266.157440185547
73503218.632981583476 93321.852478027344
370254466.375000357628 239060.624315261841
115978007.791627898812 118845.184906005859
338686268.678702712059 222872.461534500122
376477271.723970115185 241419.134508132935
346518434.309049010277 231906.618146896362
226253132.760438263416 173094.503946304321
407354420.573956012726 253342.007389068604
363039948.205428838730 236439.912157058716
272286373.700987458229 190565.148508071899
355827342.063722670078 234614.446577072144
270204626.401421904564 190419.003534317017
267166709.401010543108 188438.841180801392
38852291.810369923711 72892.204589843750
151982214.562611728907 139183.682626724243
150600642.181576013565 138221.971466064453
391203647.511008799076 246334.925767898560
373545963.668404400349 240837.178392410278
111570989.991309598088 115678.103118896484
47120952.610972531140 76485.620361328125
72566787.630362674594 92842.839477539062
26404580.337899994105 61795.505371093750
65663261.371405139565 88589.471633911133
76215612.564330399036 94536.581344604492
386965149.572098910809 245191.421600341797
277859759.924179732800 193649.535354614258
292393039.675889670849 202961.026268005371
120477329.259249746799 121556.578994750977
76756247.191971585155 94549.514434814453
228938578.266053795815 174131.505899429321
36192483.510364562273 66510.614776611328
57317304.162657432258 83046.919387817383
99645899.326535969973 110888.309204101562
85192639.386787146330 103566.486587524414
82137507.586642295122 95688.995117187500
43215787.540623106062 73537.736602783203
118401990.495643943548 121323.528656005859
205370093.504215329885 163754.086206436157
153448458.971365094185 140013.192932128906
100924449.582845658064 114322.481658935547
359165332.541654944420 235269.052049636841
340289541.072446525097 223718.997484207153
57959931.831390239298 83063.031860351562
393749724.422229945660 247520.894884109497
78055059.917235806584 95497.753158569336
339163927.361443996429 223636.670358657837
63944707.411905027926 87060.766006469727
83236368.652611345053 97799.563217163086
302858997.154026150703 210095.286027908325
275239702.509758830070 190786.896402359009
83740734.144245490432 100581.961807250977
166655339.310087323189 148781.449655532837
379109301.537295579910 243000.822374343872
211750804.682562828064 166041.071435928345
214558365.294424653053 171228.278009414673
175034796.079372465611 155260.991592407227
361032495.006021618843 235725.937242507935
49089013.593841850758 77795.271545410156
65003861.737754307687 87437.362258911133
49561302.761774681509 78000.174636840820
396851049.455939412117 249323.748674392700
239518285.371039479971 188242.681655883789
145743555.247365772724 133864.508834838867
308181942.227987051010 221434.548494338989
341667508.634349048138 227681.554321289062
148372379.228050887585 135525.957443237305
279034262.085530519485 199885.130565643311
205787772.019020795822 165094.185974121094
15201765.306308574975 58391.863677978516
334809145.767998456955 221633.601905822754
15173623.966264830902 58213.438865661621
66107517.875285431743 91693.689888000488
126803733.153661087155 126695.852783203125
121313944.926942110062 123598.709060668945
92091527.611025407910 109395.610397338867
57965226.758065529168 85362.460586547852
414214931.269837915897 255429.996690750122
238698434.261752754450 180498.777843475342
29952984.912278909236 62350.689453125000
276046641.231766283512 191790.102249145508
15244170.227159708738 60610.755249023438
