415006910.296482086182 398439.068367004395
435152060.389834403992 415815.368118286133
417913969.070694327354 404055.785675048828
136820132.715639770031 192580.811035156250
220086914.822650671005 253886.491546630859
188272065.953003644943 230001.890319824219
93574878.339800089598 155694.947418212891
143080899.533295124769 198576.196289062500
51718478.656507804990 119869.946258544922
115121356.598642989993 173967.543914794922
211404459.089849501848 250398.339691162109
96427296.384225964546 159399.663238525391
56617352.706671431661 122012.109069824219
158454483.389267742634 216385.109252929688
136443711.527217239141 190529.218994140625
80859308.094800531864 146388.775970458984
205144262.702380269766 244319.794250488281
102983685.185489386320 162786.658172607422
208214234.693936705589 247656.829437255859
56853405.673466295004 125528.203338623047
335552011.498268902302 341738.195968627930
130084614.632753729820 186012.567260742188
62633347.152177505195 130611.840423583984
258272292.073175758123 281016.206863403320
113322318.050584957004 171842.886444091797
113693161.514578476548 173693.562103271484
67758972.047155871987 134895.916412353516
190563618.674318850040 234365.305694580078
193501402.935060948133 236731.426788330078
147353803.746502697468 199242.896362304688
371446769.984323084354 370775.581008911133
175552999.318597823381 225328.470489501953
178312488.480839043856 225875.452301025391
214121951.019375085831 250936.413055419922
84070856.626249924302 149261.219390869141
73179900.944124773145 138637.089874267578
123915915.903816252947 180712.118103027344
205385344.754532039165 246948.735504150391
255896145.883833259344 280700.850204467773
89795363.353933364153 150292.820098876953
414806395.194059193134 397039.340255737305
225874903.972266525030 259906.448440551758
121530816.433485493064 177007.402282714844
116808157.146043241024 176894.616210937500
70368210.329925939441 136890.274688720703
53301663.820880711079 121547.932250976562
127780272.239447042346 185422.811645507812
163825114.059003621340 219164.426147460938
268934950.944047093391 293991.031234741211
181096775.879649609327 227210.300201416016
134372475.315360605717 188876.095214843750
43532701.834187991917 115807.902832031250
383212112.298039019108 378101.119003295898
164119209.963911861181 219440.515197753906
258286309.365836143494 283014.501327514648
184220697.932347387075 229569.243804931641
172514101.046947658062 225012.416503906250
172039431.403136372566 224240.297180175781
98306140.415954619646 160097.590545654297
48694676.816499099135 118873.350067138672
331059071.799425363541 341498.357086181641
46483051.634794712067 116277.442352294922
105900419.973006516695 164758.450042724609
32359359.830494545400 107037.817382812500
182526426.313750714064 228166.354156494141
217712669.013309866190 251667.764373779297
78702207.477976411581 142344.627105712891
78512447.910068020225 140488.280792236328
169537333.418433070183 223502.546020507812
166719970.791037261486 221302.564575195312
402345935.332615256310 393518.426361083984
27755214.547895558178 103671.591064453125
300297383.158424913883 320092.526229858398
232581014.158506423235 265554.278335571289
428938906.987251281738 414446.462036132812
402757350.094266057014 396725.472778320312
229633033.832536250353 265235.918838500977
311707875.956348001957 330526.231307983398
138726599.550263375044 195018.167968750000
149351858.123972475529 209751.699340820312
33238911.924341216683 107236.907226562500
221531992.180705696344 257966.346694946289
340016843.927316546440 355001.241210937500
266062295.665239095688 292674.615524291992
22885714.336440604180 102039.753906250000
58120523.068240128458 130323.511962890625
355206269.350817024708 363783.053344726562
200111183.952905178070 243904.991592407227
194434136.729629904032 237871.769287109375
345178011.873538911343 357500.900024414062
420688138.693659007549 408210.390075683594
337724060.352514207363 353353.191406250000
288882590.483320832253 313106.923690795898
274924293.120184659958 299716.156295776367
383255956.986697316170 386546.041687011719
247333656.334853291512 280133.259963989258
188736271.371956437826 231363.778823852539
282307760.199782848358 305550.982528686523
29053283.804801605642 104717.072753906250
290758475.960821628571 317077.351547241211
371764268.552371978760 377031.819274902344
197012712.205474138260 240248.555480957031
33753971.410304851830 107676.460937500000
142684506.084005534649 195310.886413574219
279271635.666433691978 303596.729598999023
239793264.916542172432 275202.711196899414
132205492.068036302924 186798.987548828125
260017751.061763316393 288745.481735229492
318824779.496570587158 339486.860397338867
198868319.857345670462 240640.232696533203
360103291.622863590717 367914.683593750000
391378916.314557313919 390436.290283203125
349834623.294436037540 360923.226318359375
14948387.269354013726 94884.389648437500
28623546.096750140190 104646.281982421875
14906355.864759230986 91962.118286132812
287075662.833536505699 310256.922470092773
110627401.464711949229 169483.942840576172
394448601.563044607639 392058.328735351562
386008029.613638281822 387260.824096679688
269941385.781788289547 294629.019821166992
428246577.367910742760 413259.872589111328
14890726.040351662785 91962.113769531250
18890896.475771572441 98158.623779296875
272788726.080495178699 296715.044723510742
30037501.411151178181 105091.017333984375
18849363.213861797005 96049.730346679688
199512060.699569314718 243208.010650634766
388306449.987948179245 388314.410888671875
337427114.872046947479 344012.664398193359
19005292.808459140360 98589.105468750000
285359375.288561940193 307637.466415405273
23426817.422272365540 102293.821289062500
18746004.806579336524 95666.832336425781
263327381.704609781504 291078.912399291992
14888115.808278474957 91643.851135253906
304124534.161902725697 326592.263168334961
196342586.050108522177 239424.194854736328
34540668.858918845654 108079.012817382812
35816571.835294373333 108882.616088867188
314135753.099751770496 332991.116806030273
309938640.927793860435 329492.968124389648
37030397.165465235710 111654.406616210938
