320168166.540454387665 397457.739990234375
319459943.063516020775 393978.725830078125
325298990.090051233768 400099.186401367188
320086006.052964031696 395092.245361328125
325008245.827835917473 399007.396728515625
142689997.382606297731 212373.913208007812
199915617.217530220747 258373.722290039062
220820269.527929902077 279234.800170898438
85417072.715799197555 153982.397583007812
186003476.138765394688 246883.750610351562
124920433.749634802341 191453.067016601562
154320059.984300762415 217445.877075195312
187736761.389240890741 247951.930908203125
213985412.469356387854 268710.798583984375
178214068.122211277485 237729.743408203125
45200194.402860112488 115674.671142578125
205328430.107926368713 261821.070068359375
168291759.313231170177 227700.307128906250
50538817.325242921710 120152.479736328125
54687326.691190600395 125640.133544921875
50001847.490714088082 120060.369384765625
70544166.968316659331 143693.128173828125
45034483.923318244517 114964.795410156250
225170107.857756912708 281059.647583007812
240592589.458959817886 296909.179443359375
314015731.256555438042 379819.273193359375
272254065.314597129822 335766.788940429688
52687357.215580821037 122655.742431640625
243996807.262212872505 301670.602539062500
40401556.746719330549 114111.684326171875
293024416.712318122387 358932.635131835938
33957516.307402238250 105829.868408203125
41086140.246841676533 114154.421630859375
93090839.765836521983 161418.605224609375
39477244.942397192121 111575.372558593750
94128481.748377501965 161957.010498046875
157766818.347596615553 219980.534179687500
148699489.680990427732 213047.741943359375
141489903.304318845272 205883.571044921875
176972444.679682791233 236486.788818359375
37080769.176830917597 109240.329345703125
225649573.356760740280 282228.799560546875
198126590.575481057167 255941.575927734375
308805744.716286838055 375422.028076171875
236655089.830160200596 293842.911132812500
263062874.905351579189 326920.122070312500
94198974.870383441448 162633.589599609375
223496208.592009425163 279928.059814453125
243059067.253970056772 301107.079589843750
154727638.195323973894 217618.619140625000
98002597.289643630385 167677.755615234375
90751465.612870365381 160314.771728515625
266357622.700355350971 331422.247436523438
83541834.554969906807 152613.217773437500
42544720.201210439205 114403.133300781250
87972084.051306232810 157803.963867187500
102160877.353667765856 172794.027099609375
166356132.036877334118 227307.695068359375
99486060.946811988950 170273.128662109375
160738966.936605870724 222343.141357421875
33865250.535523839295 105478.553710937500
299416912.033076226711 366017.304687500000
234636462.215865790844 291598.853515625000
283040290.434696018696 349898.830932617188
138600750.457396775484 203459.270751953125
37106991.794845893979 109259.082519531250
254009295.422669410706 312013.193237304688
229805313.365666836500 286389.876708984375
247605317.998859554529 304735.485229492188
180740051.628304153681 240673.147949218750
172176734.980339735746 233600.028564453125
152179239.942278146744 217099.186279296875
314085840.575824260712 379952.415771484375
154832905.642446190119 219327.347167968750
306636689.634856224060 372803.274658203125
157841919.465980231762 221756.932617187500
94893520.176641166210 163165.408935546875
36291917.319461800158 108980.040039062500
134233147.882699966431 200177.572509765625
288029338.876435995102 354110.610839843750
303773548.883396267891 366523.857788085938
208052114.090959936380 265437.365966796875
216386043.397866368294 272334.774902343750
36269851.446931973100 108732.783203125000
218777137.182797819376 274642.061279296875
233972499.300879329443 289016.605224609375
195231897.502068102360 252622.892578125000
137398439.092891216278 200938.637207031250
35604888.305227041245 106663.709472656250
38354486.752202935517 109269.990478515625
46464245.542002089322 119040.174316406250
213288935.774691015482 267125.292358398438
39973676.956714510918 111865.363525390625
58729976.833107039332 132025.445068359375
55007995.679734982550 126834.698974609375
71602547.317771598697 147418.416503906250
50795912.388594515622 121643.952880859375
64173881.873374313116 139713.472900390625
46355795.517170451581 118785.579833984375
60503318.597705259919 134546.391601562500
58613962.214675262570 131863.373046875000
53026295.308349952102 124239.325927734375
34152613.517100520432 106121.094482421875
114298293.714887887239 188523.704345703125
45276692.545937597752 117042.366210937500
42300435.340717516840 114225.110107421875
34399502.999961704016 106403.061523437500
65971286.753641419113 142308.845947265625
59918026.396998107433 132186.840576171875
81132549.449227720499 150770.525146484375
261022597.276286721230 315509.056518554688
96862874.253760591149 166036.938720703125
56927302.295425325632 131154.059326171875
88191313.244745373726 158450.545410156250
91060216.862212166190 160939.211914062500
85429259.741563126445 155961.271240234375
28082473.690898898989 101465.395996093750
28559832.349293775856 101496.614501953125
333894318.582449376583 400917.005004882812
258445923.527242124081 315364.505981445312
74390789.813357517123 150099.812744140625
43641128.087464429438 114446.993164062500
53245288.631299450994 124385.280273437500
103379910.246435821056 173830.019287109375
310624649.959550857544 377565.402709960938
72480040.234668761492 149375.416503906250
97457812.799849659204 166620.245605468750
35328056.652929797769 106425.823974609375
115113185.843026965857 189275.672119140625
110714395.254374012351 184184.244873046875
28747915.154849119484 101508.449951171875
28897553.923112280667 101539.668457031250
276321172.166248977184 339418.924926757812
51014905.711544014513 121789.907226562500
42448443.592074222863 114299.325927734375
164685307.231690406799 226131.212646484375
92704243.547386214137 161091.815673828125
106346266.190845638514 179119.756103515625
101407246.389399126172 171333.636962890625
109021082.597701415420 181645.839843750000
73760094.582938671112 150099.590576171875
47277081.927119560540 119649.080322265625
114533548.007003545761 189036.362792968750
204180825.054045557976 261701.539306640625
89924861.985822081566 158543.536132812500
162841998.698910713196 226114.139892578125
39270309.169932283461 109305.531494140625
45624916.341915220022 117065.432373046875
334175651.975631296635 401430.787109375000
214763908.166294395924 271220.057495117188
238553364.987240225077 293923.095947265625
131999946.513924956322 197121.401367187500
47650171.267979532480 119669.336425781250
65734949.259487263858 139859.427246093750
31205295.064978584647 104108.902099609375
81874926.328925922513 150907.634765625000
104862802.533677279949 176524.383056640625
173923021.277859091759 235750.220214843750
124083089.870952472091 190284.102783203125
24112451.238960467279 98944.295410156250
231982092.137857347727 287317.319213867188
84880074.039605662227 153449.968994140625
87677583.720474347472 155992.888183593750
59387029.627637870610 132122.761230468750
276402171.033617436886 339651.186279296875
139756639.116565674543 204111.814697265625
201112408.046736836433 259353.783447265625
150905076.789818286896 216517.024658203125
333473570.567423462868 400781.249511718750
34343259.329990722239 106296.001464843750
126504134.476043283939 192790.440917968750
21529713.075764343143 96250.922851562500
63547849.640986576676 137287.718994140625
21632389.720735907555 96348.922363281250
55665048.474265821278 126932.015136718750
61774507.876388356090 134766.772460937500
182337449.265915125608 242612.396240234375
29780829.439633265138 103777.968750000000
18954541.503620017320 93753.549316406250
60298077.508599102497 132225.498535156250
251006057.855059623718 308385.351806640625
195238143.751790791750 255113.027832031250
53683348.102880790830 124431.509277343750
113293610.167855262756 186748.300048828125
179277612.803173542023 240403.284667968750
95054250.378034830093 163687.188720703125
24104480.752845577896 98927.135253906250
47590716.534128010273 119662.663085937500
285858123.872707307339 351908.588867187500
51452965.183125354350 121836.136230468750
317895216.440839529037 385234.636718750000
198440539.569947302341 257329.696777343750
28018042.247309703380 101450.671142578125
114964946.478314802051 189152.468261718750
254464150.881944209337 312878.395019531250
30556592.281887583435 104068.448486328125
209837700.686876565218 266580.572021484375
315655297.415466606617 382733.142822265625
14936038.934381974861 91158.176269531250
18510479.826218027622 93328.378906250000
129250578.149303004146 195132.621093750000
75066324.448924720287 150368.071533203125
332689764.480945467949 400449.196289062500
282855150.291438043118 346796.713134765625
18711513.569313529879 93743.385253906250
309063854.876168251038 376073.354003906250
56043543.080526314676 127245.071289062500
14921026.207729266956 90614.248046875000
14926148.106261638924 90650.668701171875
14931553.466947922483 90670.435791015625
14899892.608746271580 90126.507568359375
66865814.712158136070 142719.218261718750
21475860.509200900793 95824.761230468750

