183982229.260997802019 407340.767623901367
206378243.179551631212 437926.478561401367
256962998.431526571512 503113.579635620117
206272601.636926263571 431862.638732910156
172776657.833534240723 398257.465148925781
212107218.382097810507 440738.427551269531
200579541.306296080351 423700.759826660156
29274143.530311364681 206348.537109375000
37848978.043864116073 221055.388671875000
14897266.700953051448 164695.700271606445
34630862.622192360461 215854.970214843750
328340119.552275300026 614788.061004638672
324747005.886539936066 609938.083221435547
280827913.075869858265 551243.592254638672
14898769.995679294690 168887.632156372070
215061070.590417534113 446636.574432373047
32153163.771062694490 209414.922119140625
291280818.283511757851 565427.580413818359
255182110.053433269262 499396.514739990234
203533393.514615803957 429045.618377685547
273903723.940296173096 540774.816497802734
326315153.558114349842 612058.132293701172
43470198.532427743077 231932.066162109375
316943524.269050657749 599065.401947021484
293632448.617876172066 569339.725677490234
251391988.540837675333 493995.225616455078
40262740.175677917898 227931.822265625000
24004848.219675410539 200686.325683593750
257684511.255730569363 503243.236175537109
284519376.501942873001 554370.216400146484
226023107.299231857061 458335.663848876953
295618296.033768057823 573138.018646240234
42543242.156329259276 230229.201416015625
270195964.022263288498 533434.867767333984
200669724.189933389425 425766.046600341797
263406455.488755136728 517244.293792724609
247755159.538318186998 486009.874298095703
31696695.649841561913 206507.406005859375
22404140.681398283690 195445.000000000000
37232190.010228432715 219908.060546875000
59566043.751435779035 263944.602539062500
40137852.137391455472 227531.240234375000
20642392.378939799964 190313.957031250000
241520672.456235677004 479649.741729736328
249459418.816886752844 489690.798858642578
275458132.207814157009 543753.066009521484
279333234.030942678452 548983.528778076172
20616950.831404857337 190313.953369140625
195064295.679187804461 419275.849517822266
66128326.150363951921 284273.378417968750
79280138.014324799180 306700.577636718750
104665456.528122663498 334343.489990234375
63563496.163660116494 279164.821289062500
38141977.084821857512 222905.687988281250
110561443.132765382528 349557.387939453125
106486855.261570885777 339862.540283203125
28580785.746349874884 204712.131835937500
39142342.445040747523 225798.118896484375
108917228.257690951228 344745.842529296875
39456485.576468385756 226449.426513671875
236169670.835991919041 471346.837432861328
55014484.299051627517 263363.036621093750
47077669.484613947570 242480.393554687500
32203658.304217297584 209521.468994140625
14901880.263768501580 174328.386230468750
14909946.838126681745 179213.855224609375
43936137.361596375704 232000.829589843750
28756227.111698850989 204848.605957031250
53446977.091895185411 258172.849121093750
327312288.036999046803 612766.618576049805
265447984.026290804148 520815.430755615234
85416679.173610672355 325916.597778320312
81897598.991793215275 317150.492553710938
53765339.787038542330 262644.473632812500
60015562.840887703001 270392.185546875000
289464180.736213624477 563134.228607177734
29191686.171160552651 205243.419921875000
65073951.202092431486 282690.074707031250
51028742.497024118900 253062.848144531250
331463696.056831240654 621697.023406982422
300168506.497051537037 579640.007904052734
128134341.443025842309 390362.684570312500
79720387.670582279563 312144.632690429688
177123233.556418538094 405602.334991455078
287363970.955045223236 561649.550018310547
269942513.367930531502 528843.565887451172
46054254.584556244314 240410.696289062500
276732021.901438653469 545034.139862060547
230382984.521252751350 467873.472991943359
20879714.424093835056 195310.436523437500
73051383.782338574529 297502.174682617188
119965706.349714174867 373394.781738281250
41816784.663286067545 229372.595703125000
83494310.671461299062 322244.428100585938
44033106.346131540835 234891.645996093750
188673931.390376895666 417357.308135986328
74830219.769166648388 302232.969604492188
185600634.939844906330 414380.688995361328
259809686.417257964611 510420.587127685547
33005932.800872549415 211867.587402343750
37336807.010006330907 220812.455566406250
116311392.640590623021 363081.278320312500
71462960.280815839767 293197.580444335938
304613287.392131626606 585662.761322021484
261718167.932608634233 512346.277557373047
61647128.496912255883 273645.770996093750
227764088.874669253826 465047.730072021484
216741956.971078068018 452284.405364990234
35886442.449924014509 217386.637695312500
40313816.966483086348 228956.747558593750
114683637.053396001458 358776.851074218750
17839786.359414208680 189791.386230468750
14908443.543400438502 175021.923339843750
323479582.148226022720 609770.306610107422
45381939.152957111597 237649.731201171875
32408110.240889031440 209803.999267578125
252331509.790040165186 498796.990814208984
110228240.105627313256 349077.062500000000
242758984.539132922888 484708.325775146484
59576579.892231784761 266546.888671875000
69942121.324077442288 289267.477905273438
126329811.202784657478 385204.355468750000
23660124.188503280282 199809.522949218750
70226441.039607062936 289551.634399414062
48673709.797966912389 247999.443847656250
107797867.109507247806 344193.760253906250
127668666.146762758493 389826.096069335938
104279019.905150026083 333864.689941406250
86973254.169094681740 329523.213623046875
87180609.722195565701 329643.509033203125
77399671.259294465184 305582.665039062500
85906180.199790626764 327470.219726562500
68318245.093469932675 287705.435913085938
14923880.012799102813 179560.240295410156
14927567.390320435166 184272.335937500000
123678436.630060493946 380201.018066406250
257877116.693307042122 508398.491790771484
191765337.223588764668 418654.803253173828
36683102.370299533010 219497.528076171875
23714513.110253512859 200364.226074218750
24024161.861471377313 200829.486816406250
86457129.272885769606 327920.760009765625
285869291.910118043423 559389.486541748047
54850722.442630872130 263264.748535156250
27311484.439933221787 202987.178710937500
22482039.127557825297 199669.360839843750
89456328.659186825156 329718.919921875000
56798452.113773360848 263375.706542968750
27344718.950699727982 204051.454101562500

