48596183.511938177049 51362.395187377930
51547167.974253430963 51482.762619018555
46627876.210070073605 50920.455368041992
76180106.227000832558 59865.534914016724
93190126.610062375665 66195.459617614746
28815980.536443125457 43387.855239868164
40642475.149114333093 49154.902877807617
150951995.343183457851 84361.449661254883
86247621.607019543648 64812.192794799805
209411072.746643096209 98499.029914855957
276012674.133608996868 119665.930717468262
214552163.049344539642 99392.337471008301
105487090.355239227414 69989.459960937500
68864163.158257693052 59340.044113159180
187636368.594732761383 93908.728324890137
38589594.518107771873 48457.486053466797
77404623.071753486991 60852.653335571289
48267855.320293553174 51125.177551269531
60519968.984619855881 55661.822982788086
66839870.430496364832 58094.703536987305
58467533.146223798394 55431.951416015625
206447331.616188019514 97253.689338684082
43598944.386652357876 49675.114791870117
44186513.899818994105 50056.504394531250
104335121.429913848639 69045.266962051392
46067166.678014107049 50222.364746093750
29691785.898130670190 45302.214233398438
184474395.353596031666 93078.708732604980
92848145.557156324387 65956.626647949219
38162145.707361370325 47909.562301635742
65589001.827027276158 57116.760194778442
52747608.221487849951 53832.933074951172
26955461.674952935427 43184.556182861328
33847148.267852120101 47792.895385742188
200220379.728493124247 96435.128089904785
62534893.617481134832 56173.787033081055
78242490.397971704602 61677.957565307617
15023598.682479450479 41729.872970581055
61679659.787105277181 55804.462814331055
62609730.798967592418 56487.907106399536
317390133.841745972633 133299.153411865234
112611436.582727015018 73359.898544311523
101864743.108994215727 68078.938156127930
320613889.708093106747 135491.009124755859
300435260.723133862019 129208.591730117798
187046505.087562561035 93727.607591629028
329601122.094818890095 139310.302232742310
167952813.354606747627 90334.412467956543
99735546.377240702510 67569.588296890259
282625239.005996525288 124485.300989151001
295045736.413560390472 128673.161447525024
189681585.610133886337 94532.941194534302
292281950.521021306515 128085.347909927368
85307299.692980721593 61738.441345214844
92710388.527372822165 65150.336791992188
125063234.585066258907 76914.484375000000
158754977.091545432806 87640.874214172363
174805804.041131347418 91334.527452468872
308433658.486808955669 132509.553232192993
201717748.760341703892 96832.766427993774
96656539.298046156764 66965.922403335571
15019655.736931238323 41604.901092529297
289074701.126752674580 125885.252878189087
303702280.403516471386 130911.268808364868
134720926.570506483316 81447.812011718750
29159570.817622959614 43725.489532470703
29196484.986660320312 44546.516174316406
276064100.041290581226 122524.024713516235
325121016.800032258034 137506.771409988403
280857910.792053699493 123628.041406631470
183580308.027767837048 93033.868318557739
226582077.837775439024 105132.456003189087
117730720.717466592789 75427.420898437500
209722646.486496001482 99252.757272720337
180449771.218369424343 92397.233613967896
290735053.358096241951 126840.007333755493
255962818.258332818747 114318.572259902954
74299996.482463672757 59441.221101760864
257920360.880033820868 115563.912836074829
15037744.558830069378 42811.533081054688
115730097.533880919218 74974.539123535156
95101333.939451619983 66395.677368164062
27770374.839840125293 43367.084823608398
235953806.395204752684 107666.145624160767
150734151.602585256100 84270.041786193848
119851799.186580151320 75728.864257812500
113724569.849352523685 74484.895416259766
231079579.434020251036 106275.384332656860
177677033.621429890394 91513.747529983521
301076865.248264610767 130571.164011001587
329208746.638166069984 138924.398027420044
218452756.610596746206 101981.228464126587
154347012.246078133583 86912.386543273926
247078675.927065134048 110707.060602188110
148073254.474914580584 83635.989173889160
142672873.290669977665 82707.170631408691
195639986.343757241964 96040.281465530396
329139625.615383386612 138523.806924819946
170255240.149281322956 90416.264083862305
127309096.208311080933 78159.824951171875
83057920.766974508762 61724.181228637695
319907744.261480033398 133810.220924377441
122923004.531063005328 76416.615112304688
222077698.944184333086 103208.347909927368
51989218.415389269590 51499.262084960938
228700310.556052476168 105253.006586074829
243256849.763434410095 109697.361871719360
140119342.512633025646 82345.385780334473
327619744.027258336544 138453.949754714966
109613614.914758592844 73353.291412353516
240891935.848269432783 109273.046136856079
43396863.787928789854 49219.743072509766
284198800.836707055569 125340.524209976196
247116493.751613259315 111777.339097976685
305867275.152314245701 131846.298288345337
264465152.212678372860 117417.513483047485
267887629.073409259319 119503.279291152954
322335514.080843210220 136840.862596511841
249239736.340018898249 111952.401178359985
46256649.388101100922 50646.010803222656
277819338.309744656086 122948.427820205688
15035093.094415461645 41767.914749145508
317273360.963898181915 132838.113441467285
