29975762.486964594573 129601.404418945312
39039416.499110288918 139968.156005859375
322631799.699474275112 408902.397399902344
51116431.418631911278 155657.588867187500
59815317.290878213942 169013.354980468750
280174045.406708478928 376817.917602539062
24490861.504126884043 124886.668243408203
52221180.052902966738 155784.518096923828
148795388.854146957397 253584.725891113281
206372272.352228432894 303205.088989257812
57983329.383704945445 166771.736328125000
71712201.360939830542 183427.978027343750
184920767.920737832785 287596.771362304688
97194714.140161916614 210986.073364257812
69851100.631624400616 179723.262207031250
234838353.525864303112 332432.757934570312
204381523.199205845594 300537.205932617188
65044689.410616993904 173899.858398437500
81712418.460078865290 193995.819458007812
159086677.541251212358 266169.869934082031
247148818.016872823238 344831.111145019531
31583532.010930128396 134898.874389648438
118412918.811638355255 233534.758605957031
263309702.223941236734 361475.682128906250
53477916.680716454983 157915.283355712891
39308847.156102083623 141388.718597412109
177648316.095477968454 280855.796875000000
56803887.092897899449 165396.499267578125
255035404.518313288689 354268.175964355469
132308629.837033063173 240798.757080078125
129731933.340611591935 240263.229614257812
65878447.676225095987 176370.769409179688
49178601.484388627112 151952.873046875000
245400939.820207715034 341126.395324707031
46313682.808002859354 148419.257476806641
265902430.309926360846 363326.342773437500
250187407.760031819344 347382.730041503906
187227996.257830440998 288661.630737304688
105205926.476042002439 216007.615783691406
56569544.901768006384 163311.206451416016
257992372.595146536827 356630.114929199219
169223654.458421945572 273739.788452148438
251956481.750912785530 349053.031066894531
271421299.417642056942 368033.368408203125
200232874.490548968315 296197.916198730469
25559978.018624290824 128088.241729736328
135502141.925877660513 249282.243041992188
195214301.333471089602 293901.592773437500
232756589.831236064434 330318.944213867188
42271092.362433932722 142496.658905029297
124753344.942584142089 234029.844879150391
179874528.453627258539 283508.918945312500
313980042.173209846020 403859.808654785156
238715419.108209669590 337871.404296875000
27360069.383905041963 128227.201446533203
273501742.644881010056 370503.014648437500
288802673.577025949955 384246.005798339844
30457396.297351721674 130869.940795898438
86971740.151442945004 195232.518005371094
312043397.486621916294 400328.683334350586
327968424.829628944397 410509.718032836914
80653526.191012069583 189033.781051635742
219868354.157746940851 316359.810775756836
93934300.382800713181 201654.607299804688
92398441.905528292060 201137.369247436523
155589233.981420040131 255476.002120971680
44356803.042894914746 148273.548492431641
95209252.491745933890 202823.502182006836
319670219.029456913471 405535.598007202148
54087101.261050269008 159795.364624023438
69538148.923914462328 177032.718368530273
38477911.685031823814 139673.433349609375
231468513.098327219486 327760.194442749023
300850965.839117765427 394124.422927856445
15308309.769217025489 121377.890136718750
193839131.714149057865 292056.731552124023
220694464.511909782887 325684.771133422852
294747600.132303297520 387701.466506958008
215209751.106052249670 311862.485214233398
25077638.431916542351 125058.947753906250
238281821.145304352045 332650.433517456055
95671320.015378415585 206880.831497192383
78153891.503672882915 188312.033813476562
34752858.235239975154 138379.902587890625
25157334.106151096523 125560.539794921875
305510978.640372335911 396529.101028442383
33591624.649189747870 136744.412475585938
47613275.968705452979 149667.925354003906
90475367.754747509956 197432.653427124023
37029606.752920046449 139191.053588867188
55916451.003575906157 162841.297882080078
53456012.311961352825 156898.516418457031
296483313.136806547642 390212.896194458008
332225942.264689981937 412639.721633911133
30772060.690164759755 132430.162353515625
264806663.721185654402 362355.626907348633
204816220.700611025095 301969.463485717773
29706069.643586948514 129355.608062744141
15333323.500477334484 124547.076782226562
307803630.836716473103 397493.651992797852
284090564.685909092426 379996.803298950195
321511497.416718244553 406643.981342315674
213035179.941834777594 311169.769393920898
174592735.335263162851 279866.804199218750
133568211.275627106428 242287.109985351562
54349947.904868744314 160502.721466064453
39794093.840326771140 141940.616943359375
54500655.549874864519 161541.686676025391
48394067.675543420017 149680.931152343750
39536584.707443937659 141776.209716796875
266691235.308920174837 363341.834426879883
24521412.667673856020 124999.321563720703
196774553.017692834139 294663.427108764648
37856559.523162648082 139388.264678955078
220434308.892453193665 317520.512557983398
297562920.458174645901 392823.183578491211
50630146.197340376675 154082.059570312500
32736886.036239564419 135714.275634765625
229612925.666383177042 325693.434677124023
30055569.703004337847 129669.222900390625
191258154.869186878204 289414.075790405273
49694444.793323859572 152411.503082275391
27883867.488910675049 128704.037384033203
15291017.172731185332 121264.732208251953
34417570.155848883092 137240.214965820312
158544956.362835377455 258360.481369018555
340549895.469987452030 415947.350738525391
102516890.117697924376 213530.217803955078
109109042.656261026859 228372.641937255859
48416161.924297876656 150777.957550048828
