32821169.872208770365 44285.558624267578
122812935.217562541366 76269.024997711182
101847498.618940934539 68419.861244201660
38427905.677719175816 47201.819976806641
94122787.268500611186 65743.754974365234
94812987.995220109820 66364.935226440430
47792516.277046330273 50771.646324157715
107878029.839901953936 69823.082427978516
84888312.541623726487 63367.601989746094
320696326.182561337948 136308.785617828369
236999334.980009675026 108198.282356262207
51537138.625544749200 52166.484634399414
175979245.902928531170 92040.347084045410
52879579.666815631092 52834.386215209961
65276982.102280266583 58148.851943969727
308748895.784427940845 129884.522315979004
239439370.751027464867 108919.439949035645
143079034.480346769094 80977.844734191895
209140460.445321917534 101559.655830383301
209516159.733387231827 104946.457984924316
103233162.568609580398 68893.854972839355
285709202.391868531704 122745.746864318848
327504993.909240126610 137703.857276916504
155250172.584640651941 88547.017814636230
328602594.026803016663 138513.409130096436
311808584.868663370609 131927.866647720337
197599295.727369338274 98425.198097229004
259241806.168203085661 115465.443626403809
42393568.211325839162 49278.510482788086
306033344.687806963921 129550.795509338379
227310716.694809824228 105073.929817199707
46375461.824346870184 50094.054008483887
241667897.778523474932 109053.392875671387
89154407.876576364040 64604.321105957031
316909291.439537584782 134393.718300819397
30268161.779743175954 43879.173126220703
247591269.071023851633 112406.704399108887
292007233.609208285809 124701.769599914551
144690320.987781792879 82223.185310363770
39399159.574351876974 48033.169906616211
329313258.573648869991 139229.540084838867
262205395.192817509174 116261.929344177246
231675223.034830898046 106432.729438781738
16465137.826005360112 42367.010498046875
268732355.458256781101 118311.597496032715
200559850.413520336151 99102.375770568848
62502665.370072580874 56035.253952026367
274729124.858863949776 120139.805595397949
29290845.887536793947 43051.807601928711
173045733.999845147133 91579.225379943848
16627134.590971851721 42811.533081054688
310986830.341737329960 130351.280128479004
186642396.009282439947 94980.867713928223
184282039.264464408159 93797.249237060547
64273876.365794122219 57430.076126098633
32507009.635845985264 44119.448455810547
56239454.721959576011 55359.763015747070
295368905.939042448997 125944.298347473145
42369309.721690237522 49059.517059326172
48010753.659367628396 51199.427474975586
154802873.309425890446 85617.653327941895
62283016.146156556904 55999.432418823242
299977646.713551104069 127260.696022033691
132583352.112866252661 79520.924751281738
163709433.336267501116 90778.091300964355
263876269.426697075367 116615.606773376465
183662102.896940380335 93735.527137756348
102848093.950330212712 68635.356536865234
298111734.703372478485 126817.058052062988
73133537.786499455571 60894.925483703613
16482483.054513201118 42663.627563476562
91342744.718051552773 65407.079189300537
93073258.170827656984 65458.309970855713
115664149.532790496945 74310.280113220215
42997276.330436922610 49911.611724853516
47423575.596607014537 50609.717666625977
206671430.663284718990 100551.949775695801
100144084.163353681564 68290.188529968262
203294914.924698859453 99608.770942687988
147166103.547618001699 82605.473464965820
97294133.758565083146 67420.423812866211
91245509.651231899858 64880.538299560547
231124376.321770668030 106294.461082458496
111976205.111201152205 71857.871452331543
109469561.336957186460 70462.434669494629
120004044.200628817081 74664.328865051270
152048639.973253905773 85130.289070129395
149876879.793750971556 84142.685157775879
45260753.823476202786 49954.086898803711
312241435.512194395065 132852.811805725098
97641473.238672927022 68143.869255065918
87139942.157491952181 64357.185485839844
233905004.908369779587 107279.930557250977
248903159.794906586409 114273.623321533203
189209307.760028481483 96070.762573242188
322267843.905170202255 137203.193921089172
301787151.217949092388 128115.968666076660
105485466.854205995798 69759.428489685059
147628335.003006190062 82999.740974426270
243557241.246891796589 109916.023246765137
267005397.033317983150 117505.933860778809
71525724.462153896689 59164.248405456543
281087505.064149975777 120374.035476684570
49360375.374741479754 51589.045639038086
35015348.630729645491 45542.488754272461
39570443.461839996278 48118.080795288086
36599459.203729800880 45829.604675292969
329686434.571881234646 139241.610609054565
184415042.494954794645 94510.530448913574
289574087.541117310524 124649.835868835449
304318767.750454843044 129022.538978576660
78208677.511257812381 63139.672370910645
