239514800.571101218462 493193.595138549805
31538148.412946742028 198805.541259765625
133006063.567044004798 344670.843109130859
302726463.694831192493 572831.257202148438
92165975.887212634087 293582.836120605469
40325377.821439087391 217733.982910156250
178863951.268433064222 397342.018661499023
75679558.712953135371 278131.604614257812
123197122.157358273864 332129.272888183594
272590930.479775249958 537722.714462280273
189063999.200682759285 418288.677177429199
47754814.916432805359 227831.077148437500
274170191.378681302071 540259.107772827148
289359904.317627847195 563775.161239624023
106785869.283418789506 314698.538024902344
314903191.259790658951 585976.022094726562
316505571.271609485149 586761.645004272461
97903782.114214658737 303126.456237792969
99835044.151823967695 303979.570617675781
246888583.741398841143 503712.327682495117
241611614.432648271322 494267.158004760742
61297283.870541483164 245055.904846191406
296360557.411861896515 569943.147720336914
209319627.855033457279 438679.458786010742
125871466.736426770687 333854.837829589844
126583744.866365477443 340387.690551757812
263166635.710168361664 520542.167587280273
182710201.819598495960 401545.644729614258
305324502.849008977413 577093.115600585938
300295809.436533391476 572210.048095703125
107299135.482441723347 316818.870544433594
204767945.373178124428 428735.510543823242
127455693.286876425147 344107.592102050781
269269812.920844197273 532671.939315795898
109031001.933477804065 321223.458801269531
316774721.458516418934 598411.107025146484
189793669.188634455204 421973.396362304688
146679102.899916559458 358987.096923828125
89579679.351917997003 291752.491516113281
309903860.096250712872 579518.624145507812
230954815.742316067219 490482.732437133789
198915822.135419994593 427549.104568481445
287537383.126108884811 560569.240097045898
209769093.077382177114 440062.128417968750
86566141.875988632441 291209.733947753906
133204045.464953407645 347041.832275390625
258343172.898800581694 514423.234115600586
245105502.622281551361 498193.277389526367
281441459.316695690155 550346.198104858398
139456939.101979643106 347299.075424194336
140716027.554088413715 352530.125793457031
45155077.295215792954 226011.114013671875
61909114.964814998209 248771.253784179688
51780784.336168631911 232148.031738281250
228197759.233073890209 470327.420700073242
31334529.078219681978 198105.180175781250
291949848.782553970814 567895.084579467773
243366158.577483654022 497633.064010620117
269893416.240634918213 537242.700996398926
53686163.876845106483 235643.137939453125
76446414.867584899068 280654.484741210938
157095050.936169505119 382705.254669189453
248609419.286406278610 507968.464401245117
171252259.713510364294 395283.126068115234
154696955.853185236454 382681.938598632812
15488542.351903809234 183510.047607421875
116540199.389451026917 330166.305847167969
209874563.592384338379 442203.529586791992
113693392.730920165777 325628.757537841797
223205817.208343386650 465824.045455932617
84654624.013681352139 283146.231262207031
276418321.315473079681 541855.174667358398
118592974.343292623758 331336.355407714844
63707454.383188813925 253147.131164550781
35378177.655478477478 207885.486083984375
298437549.676617801189 572103.394302368164
179860727.756928235292 397444.376663208008
52308090.248189583421 234777.340881347656
94026821.003854840994 297666.534118652344
181561605.592147052288 401407.446395874023
33872952.830170378089 204324.591552734375
54220133.288913398981 244447.370849609375
35547295.103305786848 209843.641845703125
15568066.523017887026 183637.875488281250
193453134.230010062456 425771.067886352539
75541577.732585906982 277251.532531738281
106245938.850807517767 313038.382537841797
42866362.543338693678 222901.376464843750
93328716.969263210893 296345.529357910156
15512499.064680242911 183622.523437500000
95871285.443265587091 301234.302429199219
30351922.473511714488 195509.414916992188
43157196.432244166732 223253.033203125000
15597835.680556377396 184272.335937500000
217103456.260132551193 461582.092437744141
34906368.632818289101 207819.697753906250
25419778.901164785028 195048.785644531250
49750128.443453915417 231398.846923828125
70088553.837934777141 272914.014099121094
183401605.328359931707 415415.272415161133
162454168.666255027056 391031.000915527344
15498542.450630171224 183551.822998046875
142806772.459851115942 358407.240188598633
149970834.011657834053 372406.255554199219
204936254.231246888638 438310.104354858398
65551455.510179176927 260889.239929199219
285411547.070561587811 557751.004501342773
253580035.546264588833 513369.284133911133
26506312.820596791804 195310.436523437500
15588865.233783297241 183905.909912109375
21395534.764633726329 189791.386230468750
310810645.586937010288 583270.575508117676
33313586.972529187799 199523.712158203125
211603708.399187922478 461175.979156494141
263284581.253356546164 525963.090301513672
26460153.189714662731 195079.544921875000
36687961.969318822026 212214.932617187500
265363607.866025030613 529640.146331787109
30754544.350480966270 196450.941650390625
