333104047.930819332600 56557.182073593140
324370525.682225286961 54575.040531158447
323977846.116069495678 53664.743501663208
326489094.980100870132 55862.749301910400
184062526.011429756880 37594.104737281799
161979725.017683357000 34510.439378738403
256586146.214700907469 45517.751814842224
73347269.419154331088 25294.183013916016
39272551.490010954440 19891.071334838867
24178898.590686865151 17657.829849243164
40077221.666114173830 20385.768463134766
279095149.115929007530 48072.351801872253
311758386.971110522747 52418.397435188293
293480582.467479109764 50307.485192298889
246796168.510287493467 45495.748111724854
27466329.384650208056 18343.440063476562
72473609.119671300054 25139.651908874512
35791128.188541963696 19321.198120117188
317139476.399491429329 52660.801257133484
60648825.372769623995 23287.265899658203
64499206.267654716969 24366.107452392578
70363729.442424535751 24880.732147216797
188197941.760472774506 37705.953131198883
54778251.500481933355 22562.676696777344
229309561.300620853901 41978.309700012207
52080876.454526469111 21962.314567565918
33759416.772577248514 19225.404495239258
319742120.515619993210 53210.182678222656
279155503.120615541935 49368.058886528015
43303025.925058908761 20400.591430664062
32398781.623157102615 18794.927993774414
26250640.877740684897 17838.146499633789
43530626.298283070326 20401.360946655273
31233755.000879231840 18553.500488281250
84473689.954121619463 27777.278312683105
84107694.173365771770 26779.942245483398
88741664.129755958915 28423.760040283203
296241910.481742084026 51136.043791770935
32429688.853953525424 18805.916763305664
308236089.533845901489 51828.132799148560
217766890.985638976097 40951.265142440796
26193349.070854336023 17683.125335693359
319095380.283448636532 52994.234332084656
35542498.014521144331 19290.099700927734
277397425.431901752949 47931.626641273499
66738971.953674510121 24770.018791198730
301951352.568832933903 51637.032497406006
246504043.461315751076 45231.230954170227
141332364.436974853277 32549.590704917908
167522941.599261134863 35262.893897056580
234223963.148894190788 42691.610968589783
176865650.566510409117 36380.724562644958
229318145.374240249395 42028.751914024353
82894658.223330140114 26259.674835205078
238909417.473291903734 43857.592895507812
50819995.619314394891 21885.861953735352
116444888.306119024754 30331.836723327637
228685585.068859428167 41599.243995666504
179276006.769101172686 36697.027099609375
162441919.432018190622 35003.611831665039
170173112.522432982922 35893.907623291016
46844282.355935834348 20844.476585388184
226237098.985841453075 41438.338218688965
102695103.350489631295 28736.162281036377
146895687.186328649521 33177.007522583008
270452521.427845120430 47877.238949775696
43627238.682890102267 20476.303924560547
220539525.205781936646 40982.688919067383
256685016.477037668228 46991.551364898682
32765079.613043334335 19083.535018920898
222587879.146450936794 41129.239935874939
38359383.718393310905 19595.784370422363
70453252.561044692993 25136.679817199707
297425767.017241179943 51360.790700912476
37922778.008273601532 19417.380157470703
149835177.554475963116 33618.888504028320
128139996.396610215306 31190.871238708496
158027486.850047916174 34287.795761108398
26596877.939028147608 18041.736816406250
116136282.188447132707 30193.615787506104
115886049.426795527339 30172.884822845459
155231883.974341452122 34107.387527465820
153359747.462391078472 33790.141445159912
46897531.547460272908 20907.364318847656
76850701.128279045224 25765.587333679199
46798847.404244281352 20795.072418212891
173173416.508946627378 36153.270233154297
214542916.765176802874 40502.679190635681
182016124.820662289858 37010.099273681641
199382563.897690653801 38638.760742187500
36427470.782168209553 19394.995628356934
86220287.949142530560 28290.922790527344
120746744.530738860369 30337.783958435059
122577797.668043762445 30850.484458923340
47900527.159907713532 21848.233459472656
32487651.883902266622 18856.308731079102
145278917.877861738205 32667.926406860352
56124444.796973049641 23030.005813598633
83041132.980936273932 26519.903129577637
32063398.778851661831 18757.550598144531
78248757.921782672405 26130.300621032715
58029477.932505697012 23196.484069824219
83858278.433521389961 26521.918556213379
160830403.555183708668 34494.530715942383
191064789.287754505873 37853.320831298828
193246205.520808368921 38154.006500244141
141274681.779599785805 32305.782322883606
32034597.915037356317 18566.446868896484
65972963.540382616222 24414.265800476074
46004311.972261063755 20580.179565429688
75344887.055835753679 25400.792785644531
130745091.018636435270 31363.872001647949
196406703.081064581871 38300.471679687500
27133633.507640007883 18267.921234130859
319415300.324546635151 53182.974126815796
137659854.878168553114 32126.532337188721
15102395.301965147257 17654.042297363281
15078705.925634432584 17612.143829345703
15023831.018473137170 16707.636734008789
15034941.081165960059 17160.495464324951
38779563.690308608115 19634.187896728516
206052592.593665659428 39834.296502113342
63034382.188859030604 24081.061920166016
191696148.475075811148 38115.333479881287
15071551.989921798930 17191.906799316406
