320957442.034662246704 246555.761207580566
324573825.204094171524 260648.315956115723
324280886.243865191936 251041.565149307251
94798213.981231600046 125797.410270690918
242376851.729457914829 199523.559753417969
180668406.032619684935 168720.217956542969
65190806.232466764748 102896.120307922363
198163773.459269672632 173836.299118041992
197950224.198558181524 171775.101318359375
146558619.574000835419 150630.357727050781
258564372.955285102129 203517.601806640625
54088091.338312961161 97592.944091796875
148341755.211417287588 150955.878776550293
121553980.989487349987 136076.204322814941
318018575.306629538536 244611.609588623047
35517045.591505445540 85361.232177734375
230525266.323669075966 188751.238388061523
126027136.984944313765 139585.278686523438
170614072.681567639112 161100.552658081055
170567032.099560886621 160754.084777832031
119512080.563976734877 134627.412597656250
274513206.977051854134 216271.353149414062
213697787.106829911470 180199.917846679688
32702854.101179856807 83893.599945068359
149494523.122145324945 152488.733581542969
58161461.411357641220 100462.604866027832
42608863.876845106483 89561.864562988281
255685078.112581729889 201846.161987304688
34438470.446960441768 85027.890625000000
286710968.757086038589 225221.176132202148
277760070.134602606297 217950.994979858398
267106823.871375918388 211418.563964843750
266293910.096551746130 210931.861953735352
39045199.355392038822 88216.410430908203
89801140.547505795956 120937.051330566406
238942263.879107028246 195177.244979858398
309505195.180321276188 238709.144378662109
51839626.885134667158 97397.474342346191
222888652.507242411375 184376.763900756836
87980000.369446918368 120710.771972656250
263552303.539877414703 206461.876464843750
288276821.968162238598 227206.154891967773
94299699.832393392920 125084.410461425781
135347181.109422415495 145715.652465820312
205720345.958957761526 176011.198043823242
152450438.886273026466 154282.119445800781
315683214.366198599339 243284.527679443359
241349240.020950764418 196356.153427124023
241786138.013529449701 196916.237564086914
92380989.273403346539 122606.066711425781
285230088.442028105259 222742.832382202148
99150330.308407172561 127333.701782226562
295182740.365297138691 233260.570663452148
248100959.746608942747 199938.886917114258
55907511.152441196144 97629.778594970703
117575108.225798323750 134448.790687561035
123307324.069503143430 139108.787292480469
215700186.688152968884 183193.580688476562
214273420.111829698086 181725.611434936523
56071930.340436600149 99830.072326660156
189116139.023598581553 169496.448410034180
105723733.171314686537 130702.467613220215
323533547.785330414772 246603.110870361328
55933839.234293527901 99451.320800781250
109785736.572035938501 132553.840904235840
225126835.742538750172 185767.667831420898
225939939.914563477039 186379.010482788086
30042281.238521791995 81637.411682128906
59573509.224962525070 102247.568115234375
227631637.899773746729 187659.053573608398
139994173.088091075420 150051.595214843750
56912779.521154344082 100071.287841796875
260073024.326016902924 205785.156074523926
278104462.602936625481 218014.584823608398
305179528.901298761368 237150.391632080078
83467599.054780781269 117346.236328125000
26662468.013812046498 80428.878051757812
38322268.874279454350 88014.395294189453
300335413.754166245461 235933.465194702148
69806626.340610846877 105358.943313598633
101082840.486627027392 128153.270019531250
114989045.149906009436 133854.772438049316
41316365.335355289280 89154.814880371094
266333607.361059010029 211073.980789184570
305134095.003420114517 236483.614349365234
35525941.366376325488 86179.878051757812
84307508.753381818533 119339.901031494141
167766174.335679590702 159914.596481323242
75935907.543836936355 111783.379241943359
37732520.128890760243 86676.471130371094
77865309.517757743597 112074.269287109375
280901968.829168617725 219596.126449584961
47748767.884320698678 94388.783180236816
190044762.925167202950 170659.457168579102
258704973.137433469296 204170.800125122070
112803682.774799615145 133662.489830017090
112416249.971844553947 133467.803550720215
30810800.006110966206 83397.004058837891
313478529.447511970997 242174.456024169922
40329492.588007569313 88753.212684631348
40290675.249819487333 88539.760047912598
175094980.548826664686 166365.434555053711
79711538.593846708536 112894.916137695312
126082183.639921218157 141129.532714843750
164843077.879264533520 158524.423019409180
234734542.714100241661 192917.449081420898
152087140.685495465994 153082.753166198730
158678496.253330051899 156671.225769042969
253257477.440096974373 201485.498413085938
236788078.519204825163 194948.970687866211
232565619.876906871796 190868.305526733398
203360603.843343615532 175632.669815063477
264862533.326969891787 206555.284347534180
200663542.994258671999 174221.641006469727
320748552.918723940849 245574.801788330078
74993301.925148814917 109114.235992431641
161707505.491183817387 158370.098327636719
292055278.626534700394 230568.932723999023
73415085.037582203746 108930.685546875000
14965603.753752656281 77886.900909423828
107635128.866311520338 131588.658164978027
174758361.358002901077 165264.579452514648
26856790.123895857483 81129.983886718750
52668430.574667088687 97586.022766113281
211254074.632791668177 178162.991088867188
269924848.065050303936 212122.351684570312
14963784.353780303150 77140.117637634277
152955125.704877376556 156587.085174560547
248420255.792082846165 201057.220397949219
282918689.005894422531 220560.347274780273
14986672.656079296023 79910.729736328125
45738597.002484858036 93784.020324707031
122408292.153128862381 137667.057044982910
14979465.134381141514 79759.640625000000
128347712.828505873680 141769.300659179688
137810623.963751822710 147540.504882812500
27715071.900510914624 81299.986267089844
66150801.685765504837 105109.820388793945
197686557.290192097425 171002.828269958496
42991905.726079076529 91454.315704345703
293640490.525048851967 232121.736557006836
296385861.328961849213 233682.326400756836
256888199.076246440411 202267.917724609375
319221696.270294249058 245033.365325927734
277264857.974718868732 216926.408309936523
48030209.422946631908 96454.883605957031
60507138.712078832090 102529.330078125000
