233212736.066321849823 259603.581298828125
234529370.845416069031 262516.952026367188
234416362.975524455309 261194.474121093750
233794676.320158481598 260880.142700195312
235179184.850837320089 264703.623168945312
233878203.874367922544 261189.848388671875
243171895.916600525379 265789.577270507812
241244213.197207570076 265097.758422851562
238545250.563918560743 264770.880249023438
200276487.561830610037 227618.533569335938
84177652.635650023818 121229.602661132812
78517891.658915176988 116112.506713867188
52471097.490957736969 88508.769165039062
44069192.030313655734 78846.859252929688
56793031.219747431576 94265.960571289062
76446291.338217601180 113634.337524414062
51461988.895417198539 86704.596069335938
55892375.545872434974 94168.252319335938
54763666.316997148097 91715.556274414062
48541299.972147673368 83903.786987304688
50425371.871915161610 85981.115356445312
43897039.454531215131 78428.817993164062
81443911.972238689661 118689.720336914062
41030261.178060323000 75680.203735351562
83499011.158577948809 120446.480346679688
71024759.268375933170 108556.625366210938
84170260.330137118697 120896.405151367188
50539945.032195210457 86396.352416992188
98742044.167906105518 128304.617309570312
47467655.795220255852 82742.940307617188
51867471.298419922590 87933.686401367188
124906504.762200176716 151669.479003906250
44334317.635843962431 79289.469604492188
103510246.869920864701 134745.189697265625
42566005.606805823743 77329.835693359375
46380043.254886537790 81817.123413085938
159692635.323995947838 183028.270874023438
110871723.706696510315 141607.112304687500
137690947.480091750622 165149.892700195312
129310668.323813110590 158026.378295898438
49298975.945338964462 84335.897583007812
105419084.379389986396 136358.548583984375
165825891.311497718096 190364.405395507812
229270043.066476404667 251762.257080078125
134799934.325280070305 162392.622680664062
36271515.176377497613 71719.150268554688
156785274.070165246725 180989.423461914062
118179308.090806528926 148436.578247070312
166394625.479895085096 192781.922241210938
112920295.136566013098 143459.701049804688
33379526.331197664142 69159.131225585938
95101649.305890113115 127365.875732421875
195892071.408233046532 221338.435424804688
33511869.207935474813 69512.568725585938
190493809.620628029108 216563.649536132812
105795617.949640676379 136696.445800781250
30451761.300809256732 66451.049438476562
169064308.282131731510 195078.630737304688
26693989.676265154034 61530.361938476562
102583142.819592013955 134372.651855468750
44938727.746181003749 79990.021728515625
217801701.686929553747 242423.240844726562
176130382.690426707268 202058.526489257812
143592697.354754269123 169522.625000000000
51863575.893686585128 87155.572631835938
141975685.337378919125 167559.505493164062
98999224.954692214727 130321.608764648438
44387709.451157510281 79673.424194335938
111873930.500855013728 141892.321899414062
104075066.809793516994 134810.646850585938
205965677.460003018379 229062.561279296875
78077281.977298617363 114789.963989257812
150207692.346727043390 175147.068847656250
186812649.222162157297 212677.636230468750
96497895.349851608276 128167.588989257812
23055259.041440732777 57019.764770507812
28107798.991665523499 63964.141235351562
91422053.494750306010 123678.550903320312
120786071.043788120151 149020.624145507812
214196308.544462680817 238886.324462890625
45317472.415796704590 80157.206298828125
154613398.562746524811 180032.321777343750
40994630.561243809760 75161.516113281250
196773595.338930696249 222207.766113281250
124056396.820321723819 151463.352905273438
163618264.402447313070 189551.709716796875
151789943.538110494614 177563.546142578125
76810090.813397005200 114638.903930664062
182476633.721336930990 208265.371826171875
114668802.014465048909 144077.692260742188
49618817.908245071769 84466.601684570312
188554986.042986154556 215053.754394531250
29323146.039837412536 64166.617797851562
177869260.036669284105 203631.068115234375
39264944.481629021466 74471.667846679688
66834533.679824575782 104597.633911132812
104296759.040913105011 135249.264038085938
31857669.223931521177 66944.013061523438
180633686.310100644827 205952.619384765625
25299334.136893011630 59542.332641601562
38292177.605471760035 74303.346557617188
172505468.111246079206 196434.593505859375
15507277.333973774686 54470.470581054688
25868236.022462528199 59617.266967773438
45504645.325063385069 80204.966552734375
30300524.508445911109 66282.904174804688
161184674.272250920534 187126.342529296875
22381500.838507283479 56446.991821289062
134280089.068818211555 161049.390991210938
33698704.967392869294 69592.330688476562
222605956.481363892555 246429.356201171875
228252293.858984202147 251211.609130859375
71968894.139317452908 109736.275268554688
147543745.955074012280 172951.658447265625
29547441.646310627460 64467.524047851562
15215400.785265982151 50036.721435546875
23677817.963299039751 57032.618774414062
207429893.398489505053 231516.373535156250
15216550.828542999923 50416.170654296875
77841631.153283357620 114711.624877929688
15268955.546637898311 51361.551269531250
219708514.298069983721 243931.648193359375
148847765.567179650068 173149.394775390625
153253471.783199131489 178011.196289062500
15253445.718405939639 51110.122558593750
172647743.405751854181 199171.586669921875
214677336.722247868776 239344.982421875000
181591132.591244727373 208227.081787109375
188736809.731714099646 215271.646972656250
15261668.377005692571 51113.682128906250
57619183.329312585294 94345.857788085938
29716755.635764461011 66144.155395507812
183333469.412068724632 210477.985107421875
85044555.849045217037 122844.182495117188
46690548.399586789310 82388.912231445312
73265933.989246562123 112687.778442382812
42240485.139117680490 77307.182739257812
15233400.818954233080 50664.244628906250
53424894.915930747986 90023.846801757812
231359799.113005936146 253758.716796875000
45695396.536142960191 81062.424682617188
37001832.896337635815 74029.129760742188
15206431.385416494682 49984.429077148438
41372554.681590057909 76028.701049804688
34764618.696588605642 69825.034301757812
54969813.424931392074 92541.192260742188
32765973.636541068554 67332.468872070312
24975823.697180513293 59503.210571289062
15195802.822804508731 49042.805541992188
32044504.983388911933 67023.775024414062
217497585.988728731871 241740.893554687500
59464404.014435559511 97655.893676757812
57979395.722509577870 94581.542846679688
15199256.398972462863 49794.925415039062
108624920.439708322287 137306.857055664062
175412169.679183214903 201497.338378906250
157155064.690466880798 182751.266357421875
67190610.398086652160 107611.125610351562
211985380.235121428967 236808.412841796875
22312504.529568918049 56421.498657226562
36810344.315631181002 72352.688110351562
193873375.827508896589 219956.176269531250
38576423.520802848041 74391.158813476562
36555761.091708585620 71806.962524414062
15464680.821584422141 53458.602783203125
15390229.560683296993 52845.880981445312
15346503.688757061958 52657.400512695312
15355279.101805245504 52764.650878906250
15326458.789305355400 52445.466064453125
15318236.130705604330 52430.327514648438
15333745.958937563002 52593.025146484375
15313701.059485856444 52230.940307617188
15308310.674380403012 52161.541870117188
29226868.189238134772 64100.297485351562
43988818.562734894454 78546.956665039062
15271221.797716159374 51388.427124023438
15500946.558570990339 53712.143310546875
15281341.240842664614 51736.375610351562
29166275.994771014899 64063.533325195312
39729277.006083607674 74871.462280273438
225398876.715866059065 247145.906494140625
79384794.872310414910 117727.086547851562
30952441.791634660214 66543.513061523438
231221306.854208528996 251886.382812500000
208847626.769644320011 232647.472900390625
62934085.146111451089 102757.996948242188
15298191.231253895909 52068.242675781250
15391544.838791813701 52855.493774414062
22398996.941320344806 57009.865600585938
57762373.804720260203 94485.703002929688
26010474.160051226616 59661.216674804688
26284224.297685060650 61352.766967773438
198918944.933008849621 222982.912597656250
228222045.647528827190 249607.095947265625
23760511.841152321547 59348.568237304688
165142316.050148755312 190170.050903320312
51684621.792109049857 86895.736694335938
211539583.256770759821 235184.042480468750
23698886.402553942055 57065.843627929688
26808539.654200650752 61918.774780273438
31442458.796026185155 66815.091430664062
26774241.302076578140 61624.345336914062
29504715.639515474439 64219.718383789062
15467666.954039609060 53539.832885742188
15408431.253881417215 53351.352416992188
15237173.149425640702 50916.605224609375
15395673.524061918259 53286.977050781250

