245636383.217782497406 444205.225830078125
230971517.307413876057 438733.369384765625
229789873.395159661770 433314.518066406250
240935644.407933622599 442873.895263671875
240552127.984129667282 441119.143066406250
230214020.418503314257 434952.065673828125
238213484.418263226748 438777.239013671875
222694994.488750994205 403965.756591796875
218100044.295214504004 393756.931396484375
179300549.735238879919 339656.679199218750
228568378.853645175695 406102.429931640625
151056128.449779301882 292204.384277343750
162317396.356482863426 307672.748291015625
35870334.294017970562 127703.066894531250
130652133.291385993361 265347.194580078125
44675340.724807024002 144210.135009765625
150094953.740814208984 290164.016113281250
36231856.235216557980 127988.940429687500
43980297.463944934309 143857.167236328125
155343530.037591248751 297931.826904296875
42038240.324141830206 139842.229248046875
157479884.480624675751 301602.264892578125
50599474.385526217520 151548.466796875000
142270604.116439491510 279638.748291015625
41368507.398195959628 137100.307373046875
39563784.761428937316 135923.846435546875
37877427.900896742940 131556.114501953125
181591450.759011775255 339680.023193359375
44915309.990900591016 144647.284912109375
38415086.970180712640 131575.793212890625
40551441.413214124739 135971.410888671875
22740081.353404026479 106201.858886718750
26335145.850435584784 112231.595703125000
179139394.715561062098 335284.405517578125
45135902.254821613431 145261.172607421875
99704856.208170115948 234042.225830078125
23392114.122625887394 107415.402343750000
42278209.590235389769 140301.010498046875
25441748.090913396329 110260.325195312500
139646238.194441825151 275723.810302734375
25744544.667152106762 111268.919677734375
102466775.229413703084 239550.931884765625
133463619.613996610045 269542.929687500000
92728143.616168588400 222511.141357421875
23875827.317536354065 107821.872558593750
110092922.134994879365 253228.369384765625
103384138.451230600476 239943.633056640625
90609258.004421025515 218623.837646484375
97424193.113794580102 231274.747802734375
100347889.617666140199 235574.980712890625
23769999.679567273706 107736.670410156250
23907313.275421939790 107838.142089843750
25494828.080460980535 110954.827392578125
47004458.230749458075 145952.105957031250
93301980.137587442994 222885.394287109375
155509813.343305110931 298399.280517578125
176855611.395248502493 332275.156738281250
219908570.168746948242 400377.928222656250
44919612.727889455855 144979.844482421875
95040416.977422893047 226826.412353515625
45885852.455593004823 145627.398193359375
108444048.156466320157 251915.311523437500
22618049.976144414395 105932.204101562500
50813308.155079640448 154028.070312500000
48236128.441041894257 149559.865234375000
125905696.151337727904 258628.354492187500
60453147.410362415016 171843.847656250000
49404435.345793142915 150858.857421875000
190135789.491037964821 356894.481201171875
21724988.071252021939 103297.060058593750
50628924.989846482873 152410.435058593750
55750569.524255536497 163596.686035156250
192249712.753488332033 360484.142333984375
31900311.495314765722 124101.699707031250
46052940.351260997355 145651.328857421875
28011228.265873212367 116131.195800781250
21071738.480395928025 102994.736328125000
21003507.667380034924 102975.721679687500
47385664.830650791526 146317.775390625000
152571735.238314449787 295008.856201171875
34530105.868779025972 125355.148437500000
61845929.943604461849 173861.554199218750
31766418.804094135761 123842.200683593750
52647600.355423256755 156613.174072265625
36838547.263552941382 128831.653808593750
107252135.069071471691 251279.471679687500
45036078.543774493039 145049.094970703125
22602832.287320371717 105534.175292968750
87017123.501886710525 209858.672607421875
57883177.444479696453 167636.073730468750
207342222.266064435244 387115.109863281250
24361803.178687985986 108006.325195312500
35979410.631261967123 127951.610595703125
21900913.062982343137 103465.243164062500
46469938.756545022130 145664.309326171875
30169848.134531758726 120518.311035156250
124177799.169006228447 256260.809570312500
30652177.627821493894 120833.689453125000
30164632.864768624306 119526.631103515625
165431828.069828659296 317497.332763671875
28493557.759162947536 116446.574218750000
173445121.105296730995 332269.129638671875
21375321.532339774072 103169.966796875000
157648913.916691720486 304719.378662109375
32892921.721643850207 125333.493652343750
29888593.042528923601 116620.479980468750
137607928.008507937193 275420.115234375000
27603359.976355291903 114909.060546875000
26266286.310858108103 112148.020996093750
60860524.099539138377 173665.094482421875
15298551.263218650594 93438.051513671875
21826919.936588294804 103315.617675781250
22856421.788293235004 107268.562255859375
15487202.798466186970 98924.161132812500
22851529.578870832920 107237.551513671875
142615428.380133032799 283342.726074218750
21300813.444396927953 103137.105957031250
19427718.156906660646 101454.120849609375
185147071.983832120895 352359.881103515625
32051217.934011649340 124204.586914062500
23624055.946141805500 107717.502441406250
135796269.994059741497 271383.399169921875
41062732.673737712204 136566.244628906250
28162134.704570095986 116234.083007812500
62089184.145811900496 174358.506103515625
193363811.263093650341 367569.541992187500
196497186.314004093409 371245.155761718750
30750559.678724780679 120869.249511718750
25444740.107696745545 110521.945312500000
22501229.193210612983 105190.853515625000
15394853.922284511849 97530.087158203125
15334333.585003454238 95654.439208984375
22793834.936770781875 107078.161376953125
15306066.026951996610 93713.868652343750
15410795.307707192376 97637.357421875000
15350274.970426132903 95827.878662109375
162731458.134994238615 313259.099365234375
21320827.910321608186 103137.916015625000
15356986.878375213593 95898.265625000000
21544725.406417019665 103268.603515625000
57330906.436744220555 165866.317138671875
15269320.172459322959 91838.220703125000
40855415.731508612633 136180.212646484375
15330365.568913334981 95465.025634765625
19817808.379157904536 101684.823974609375
69072292.315554141998 188699.114746093750
72195045.040938988328 192765.476806640625
156125437.254243105650 300726.436279296875
37283117.168853849173 129238.774902343750
19509223.493360336870 101541.682128906250
57547619.694171182811 167281.155761718750
15287337.020082168281 93304.136230468750
15278636.802195159718 92511.047607421875
19970021.022175986320 102809.512695312500
59080298.827117815614 171448.590332031250
26800984.901549968868 112264.747070312500
182566066.009395807981 348136.994384765625
105843733.738084360957 244284.315673828125
110128019.548332527280 253511.708496093750
106190830.601344957948 244571.874023437500
101470166.401175841689 235858.340820312500
51557296.662467189133 155539.718261718750
15388877.152518510818 97274.509521484375
15306904.360246617347 93778.791259765625
30320754.573228642344 120621.198242187500
15222323.607538037002 89213.967529296875
15248944.916999915615 90998.676269531250
37123727.518959335983 129199.310546875000
95510221.063739821315 227344.178710937500
74581033.365138038993 198322.298339843750
76213397.199073553085 198621.241699218750
15313958.329544046894 94088.786865234375
53350908.790268138051 160582.865722656250
77413442.631986752152 199545.689208984375
21736043.635297648609 103306.743652343750
77842669.326815366745 200691.003662109375
209699220.521541386843 391370.546875000000
51818229.657321505249 156415.431152343750
47545968.297273062170 147433.189941406250
98433917.567611381412 231485.053710937500
108913195.213369831443 253038.981689453125
140528288.267095685005 279430.162109375000
88924904.651620879769 215717.065673828125
67316851.755425333977 186994.244140625000
28836694.076741926372 116597.923828125000
91388008.087532684207 219593.904296875000
65372376.855857558548 182712.985351562500
15285690.771492591128 92808.155029296875
20188332.491081718355 102959.138183593750
73549357.845912978053 194227.761718750000
247982756.816795110703 444359.319091796875
145118771.991107791662 287912.158935546875
132784397.537536263466 269010.938964843750
203061294.887588471174 384121.359130859375
15259069.462030710652 91374.856933593750
81830551.168042585254 203238.277832031250
19917453.704166855663 102576.416992187500
83495833.609020054340 207620.860351562500
167512888.390185505152 326079.308349609375

