47875963.496939159930 220609.254272460938
102827658.650002881885 330896.303527832031
72795363.207816630602 283173.061523437500
83816371.362917467952 305205.483886718750
45821154.808193929493 215542.865600585938
20011495.905055128038 165412.841308593750
18130001.154913101345 156956.414184570312
159134136.151364892721 418657.580566406250
156477679.971879094839 411984.213012695312
117747763.029619947076 351887.512084960938
19681191.305775709450 165221.329589843750
110813081.669849619269 337888.581726074219
19216424.632462557405 164615.784667968750
111979712.644534498453 341509.157104492188
203406066.003795325756 497327.878906250000
127415579.146383449435 368173.408081054688
129406168.298659771681 373856.942260742188
108587686.508892670274 336722.947143554688
106225415.599099621177 332706.925170898438
122489119.439183488488 362670.514526367188
206115102.957594454288 502939.279296875000
208267177.842172265053 505840.149719238281
184702540.000037282705 464340.011413574219
188581007.955577969551 473767.935241699219
43407611.451238334179 214767.548706054688
113829286.271021097898 341522.084167480469
93206513.392429262400 309717.936767578125
27740248.447513189167 186342.438964843750
194146734.542432874441 477853.073577880859
25453186.113033708185 181118.270996093750
25319221.847679000348 177771.105468750000
56560631.515511013567 236689.702514648438
57682834.500192634761 247484.894775390625
128522608.973818868399 369086.313781738281
25273580.804373148829 177327.742675781250
25329765.046145267785 178674.027343750000
52735723.263837851584 234308.156494140625
19075805.369956370443 164171.333007812500
57504451.947297073901 241752.209838867188
197564728.496373564005 483135.091003417969
79163776.068512707949 289626.788269042969
78822794.925190076232 287573.497253417969
91819005.387969404459 307256.997985839844
37185743.395206443965 203792.942382812500
68002712.184448972344 266225.564086914062
167362246.941463947296 434467.033386230469
140225322.302827030420 403155.952697753906
142593517.171393573284 404820.421691894531
170607445.422809004784 451519.311584472656
227854121.647195041180 547042.296875000000
200264296.875774025917 497269.743652343750
222330778.183690935373 539391.123779296875
173773694.632391393185 458413.214538574219
173492196.352970927954 456234.678253173828
211042433.483519256115 521235.416015625000
44102388.853669039905 215221.834350585938
120921473.356032744050 360476.198791503906
48711777.882952004671 230176.068603515625
188943743.561549812555 477305.264892578125
219591154.310461580753 532737.305908203125
133888055.252938792109 392596.380432128906
18418948.922613833100 160720.800781250000
224883836.887450009584 543874.252685546875
131702638.697939828038 385338.924865722656
40858378.847767844796 206914.833862304688
29526904.567914798856 188617.187011718750
25114419.722558062524 176801.624023437500
19345034.051347233355 165211.043945312500
135079827.755953013897 398593.303771972656
29926211.374602202326 192066.236816406250
131361307.364052280784 381009.312316894531
18421217.744888510555 162528.495605468750
100690983.780715450644 319498.004699707031
110736302.311914965510 337284.219299316406
120543414.115832552314 357147.197814941406
115566865.992941603065 348636.541015625000
126655809.428533881903 365860.809387207031
162094271.690639823675 427173.339660644531
150010706.221149653196 408143.134338378906
169782093.487655639648 434512.588500976562
197591646.530485272408 490739.082977294922
232913334.963316589594 584529.101501464844
232785819.096348315477 547860.921386718750
169829271.729148149490 440691.073303222656
160586496.237665653229 421971.723815917969
29964804.575203720480 194008.652343750000
29026716.909931480885 188434.033203125000
22621978.384687069803 172313.411132812500
29718397.852378010750 191151.181152343750
82640718.654424265027 290459.901977539062
67255401.671251893044 250136.052246093750
163696735.825937747955 432300.714172363281
27681275.771518003196 183734.775878906250
129213796.554460242391 373713.524230957031
117422589.330372825265 351338.820861816406
21994496.047182317823 172224.326660156250
184234804.310622841120 461059.923889160156
98259367.987432807684 317274.323547363281
100649538.985936343670 318259.769531250000
95504258.622925564647 310657.733703613281
117112921.605561971664 350814.107666015625
95590214.990168452263 314915.024047851562
32439502.102660890669 201840.019042968750
21457799.290525849909 170721.903808593750
151856192.802465677261 411654.086242675781
21667800.642657492310 170881.362304687500
23124292.035611893982 173265.556152343750
28072048.423671130091 188351.740234375000
71603325.334313035011 269658.576049804688
24202691.913902714849 175946.515625000000
195982445.074117988348 482460.811828613281
21886797.514991085976 171148.968261718750
22666340.287455745041 173085.835449218750
18584397.283045653254 163331.917968750000
32358174.010034117848 197776.876464843750
67362908.893999099731 263197.708068847656
18894801.198071859777 163533.715332031250
