117193970.225073710084 134087.797302246094
65469085.111833222210 83777.887390136719
91087622.194711297750 106171.336486816406
52021322.403438672423 70583.282897949219
222094282.583880424500 235634.566467285156
61498486.913415811956 80747.962951660156
72682596.998019233346 90772.654357910156
215243376.398594558239 230331.533020019531
69491134.119421035051 88177.281311035156
61181035.996494174004 80493.268981933594
38600011.533544786274 57088.370056152344
199613579.066296964884 219204.380310058594
94049672.550484091043 110773.876892089844
59395784.143130749464 78196.431945800781
105488678.967630699277 123629.501403808594
153878538.227831125259 166602.400085449219
157166404.618608474731 174244.415344238281
196239174.428658694029 214011.896423339844
37259965.685041457415 55002.970397949219
52250105.326226145029 71089.216857910156
134459559.240811645985 150385.629089355469
206939666.025216788054 223587.228942871094
91746760.011562526226 108644.084411621094
23016115.222075562924 39676.508972167969
157020295.243514001369 168845.150573730469
213522297.866586923599 228700.271057128906
69018398.543907403946 87498.021667480469
141098072.942796349525 157096.962463378906
88257452.179257124662 103942.174499511719
224421185.141992598772 238077.094055175781
36145011.426703795791 54250.860656738281
127235125.066130712628 143351.955017089844
136438267.016443401575 151921.596374511719
101295274.890964627266 118474.341735839844
221337740.622514605522 235201.483703613281
49354844.596586540341 66875.891662597656
148176288.681300401688 164175.164367675781
36954222.158146038651 54362.298767089844
89057461.692711651325 104853.789001464844
209012157.127396881580 224242.916320800781
38055701.414677239954 56765.893371582031
172248686.952682673931 187754.285339355469
109647796.733080968261 128717.930847167969
86321739.425839751959 103276.912048339844
60939486.812392473221 79332.785339355469
59141044.361690491438 77401.013610839844
107947573.556941062212 125894.138122558594
35308564.128986656666 52330.385192871094
75753423.074265971780 94540.935485839844
198864388.759555429220 216520.053649902344
77068700.984076470137 94586.225280761719
211263743.748394012451 226376.225891113281
39331926.044243887067 57196.474548339844
71050986.240895897150 89690.764587402344
71722896.635742142797 90238.150817871094
187479115.653284043074 204385.179138183594
25905907.698067922145 42778.553161621094
33636927.066366769373 51946.292053222656
64179485.426230117679 82780.476745605469
21415547.952247500420 38022.634216308594
150956828.319396615028 165441.417785644531
175151621.062863081694 190174.252868652344
41195568.752111710608 59279.100036621094
43657000.728277005255 62241.944030761719
163518745.563103318214 178613.892761230469
23684292.974858235568 40267.974060058594
34153314.296332478523 52010.812683105469
224129831.314694523811 237687.746643066406
31587786.086411572993 49940.451599121094
142833956.358385145664 159401.148742675781
91220154.413459256291 106412.566589355469
51301460.607440270483 69737.895324707031
83102960.778558611870 100303.773132324219
82400573.430929645896 99152.294616699219
189124192.276526689529 206689.328063964844
188328162.979777932167 206676.685852050781
132085591.460763633251 148252.096374511719
27737735.741682659835 45373.926208496094
53543876.831311814487 71764.090270996094
167054377.500676840544 183155.212097167969
19198479.943035483360 37649.806823730469
184874613.943019479513 197507.571838378906
169192545.224881500006 185579.904235839844
53877944.962365694344 72662.315856933594
56225908.010100603104 75089.398132324219
52199204.639497175813 70914.083435058594
115211813.936217710376 132172.240539550781
45062855.147002533078 64156.292053222656
137255848.703232556581 152578.384216308594
146012049.782324343920 159850.652770996094
43305133.891373552382 61903.045593261719
79876926.431770235300 96316.777038574219
47564001.930550113320 66474.769836425781
47308111.622164346278 65767.030700683594
218338635.321647346020 232652.533020019531
117030251.907869338989 132590.231628417969
36908716.305350907147 54266.420104980469
54478919.184326633811 73152.487609863281
243006048.250946938992 250962.842590332031
99903913.281390562654 117944.787902832031
33503227.171775769442 50106.200622558594
89506898.349619194865 106107.535339355469
66975255.524133346975 85942.625061035156
204215465.191182345152 221399.359558105469
31473741.492903213948 47749.201599121094
102989548.490391448140 119580.736022949219
37908779.391892351210 55173.084655761719
156637035.678853601217 168124.723571777344
19715410.335136123002 37915.830017089844
42061560.017383925617 59733.078552246094
19687214.217679653317 37681.448425292969
44349910.951569840312 62685.038513183594
189571969.317982017994 207228.799133300781
135815989.214650154114 150407.521545410156
55070876.041269972920 73443.985656738281
68959441.719058051705 86451.680358886719
41535392.186835549772 59478.420349121094
77536325.601323351264 95282.141418457031
181483344.504858374596 197446.751403808594
221411369.948864698410 235431.652648925781
122445740.445529237390 138729.454284667969
66131800.575706757605 84848.961120605469
19713435.296840719879 37881.332946777344
87347462.768848359585 103619.246032714844
46387647.389354437590 64578.357482910156
218996782.528631448746 233389.685363769531
65949210.998490296304 84024.598571777344
62873881.323908142745 81632.267028808594
58579877.996184326708 76882.018249511719
223480085.381255120039 236260.511535644531
103252228.611690998077 121069.714782714844
104241235.983412474394 121466.574401855469
43310708.548247672617 62091.401794433594
89193834.745136842132 105427.935241699219
237171511.565164029598 250618.483581542969
78879563.129334256053 95840.750671386719
160175447.473151296377 177285.690979003906
120007084.439907789230 136533.406188964844
56735961.108268216252 76231.852600097656
231069194.192477107048 247665.749084472656
156873057.215136319399 168665.136169433594
95913436.870582059026 110853.571105957031
140382998.919623881578 154962.907897949219
222136803.951878249645 236031.820861816406
43048551.383111990988 61145.714050292969
41606497.557264775038 59683.743103027344
92298020.133314982057 109369.078308105469
75051016.919467493892 93082.940979003906
42638226.814705610275 61021.510681152344
49914338.569543480873 69314.592834472656
128686707.094399228692 143688.559143066406
39443311.623185507953 58212.479431152344
37144677.280249610543 54875.081359863281
73669983.216062590480 90879.323669433594
40732897.724431224167 58911.485534667969
40997652.469689883292 59180.362487792969
60245981.395852610469 78234.190124511719
147110125.414753198624 160528.786682128906
99270738.145863160491 115878.968688964844
99402769.843478992581 116044.516052246094
233941491.479550719261 249093.661193847656
177067761.345999926329 192681.690856933594
20703571.390024941415 38002.235290527344
37133815.512920022011 54552.621276855469
27523375.063225686550 42799.537780761719
59804798.899222858250 78231.282531738281
190826433.899461984634 209090.015808105469
45778209.277001217008 64408.321350097656
64220686.505584776402 83211.977111816406
42356096.560482107103 60013.616149902344
216200071.976263105869 231183.303771972656
80473032.626890882850 98184.733337402344
108126016.603820964694 126381.334411621094
140323888.556117385626 153645.441345214844
231632024.963380962610 248975.827819824219
78122287.098083034158 95500.790832519531
55361291.992325223982 74953.316345214844
124548783.512016996741 140769.608337402344
21728815.351140625775 38121.234313964844
29238900.086330387741 47081.412536621094
193147670.483435004950 211527.228454589844
96873236.167677283287 113369.249938964844
227412000.880504339933 247311.806945800781
43276145.580790691078 61715.687194824219
85145714.124608680606 101084.328796386719
81058807.840666159987 98374.578552246094
185734919.705551952124 202080.984558105469
166764981.001854032278 178866.458068847656
131315403.368105217814 144740.357971191406
36051575.792995281518 52701.573669433594
109622046.703668192029 127755.978088378906
153966514.550091117620 167546.532165527344
54852818.754565924406 73186.222717285156
42231769.417437128723 59781.849060058594
29650713.044914323837 47657.188903808594
205795122.729066312313 222830.947204589844
235733705.917703509331 249500.516540527344
134035334.781765192747 149419.557922363281
242056873.248730808496 250862.642028808594
226461675.286490947008 244463.526306152344
74601326.151352018118 91504.441955566406
112324246.776215612888 130044.888977050781
178838559.888632088900 195099.622009277344
246206369.539989799261 251295.395935058594
49665212.168528869748 67203.985046386719
