158472751.368310600519 260118.046981811523
205475770.797558873892 290253.684158325195
154855477.645667046309 247239.915287017822
165473360.144996434450 265531.975143432617
152935328.742169022560 245971.766178131104
277065154.457967102528 365398.254760742188
279053359.770299017429 367160.722290039062
234827517.959259808064 316633.570831298828
250373720.156641006470 335669.256744384766
290595768.206634819508 378481.003601074219
274576656.739877700806 363270.788452148438
316519802.473603069782 395971.348514556885
111387816.551882475615 204475.125946044922
311752306.584140241146 390240.323554992676
26913589.603884853423 127550.767211914062
111868951.297105774283 204715.288364410400
307438091.301340818405 388304.834541320801
29449482.546364597976 131956.508422851562
271856068.039686441422 349670.807403564453
263625841.581046491861 340096.660919189453
144220962.415251016617 241252.329315185547
192349286.764785051346 279380.217071533203
209504338.285342484713 294923.314361572266
189538570.461615979671 277697.163482666016
123009750.158134534955 221977.053253173828
193354932.614149510860 281147.972198486328
125213820.801699772477 224162.999053955078
81508405.837069943547 185182.342651367188
316577879.490518212318 401127.738952636719
64413502.334719680250 170877.699462890625
303722740.309015154839 384676.553161621094
39266926.230403095484 138497.570068359375
322718083.240831375122 410773.114257812500
91386828.084078252316 191888.044494628906
301562501.348189055920 382784.433288574219
60018678.122170090675 163468.267822265625
17050072.447371501476 124547.076782226562
57800334.457093626261 159763.552001953125
121115250.513236671686 219508.051300048828
79611678.511855527759 183193.316162109375
147279742.640818536282 241966.593170166016
218547915.153052300215 302368.340423583984
68653180.742348060012 175233.983520507812
97258099.671481132507 197067.501037597656
322446213.269189953804 404817.135635375977
79244385.935504943132 182936.558593750000
42584791.042336463928 142913.535339355469
246181191.579106181860 321868.262786865234
76585537.175778433681 182657.790771484375
31198195.728759787977 134024.223754882812
115076446.052399843931 211676.249908447266
267607195.113455891609 345148.834259033203
62259511.759793147445 167172.983642578125
87489221.127695366740 186968.579528808594
55353172.911056429148 158500.679077148438
206664960.816769272089 291218.598541259766
212568508.486723780632 297779.631011962891
248912359.191270142794 325572.978607177734
179166133.893880933523 273203.323150634766
112685500.640321046114 209335.017486572266
153019722.217475861311 246124.439117431641
243704558.172273248434 319367.060394287109
326260218.144133090973 414745.579284667969
200854203.877029240131 286913.607086181641
288858256.988083183765 369221.359588623047
232048059.552968859673 313202.113006591797
45139013.165536507964 146618.251159667969
131284204.120278432965 229489.015106201172
306320328.205716729164 386663.858947753906
50092212.154730126262 154027.682800292969
84582926.267154067755 186289.836425781250
154872546.698265373707 247930.697330474854
95140808.377311632037 195616.456726074219
53141924.686579227448 156294.225524902344
203867652.812901198864 289229.864410400391
194558670.423800051212 283084.932891845703
47430171.240495771170 150322.966979980469
53110594.720302559435 154795.963256835938
73717166.699302002788 182436.588806152344
34673328.861733928323 134431.823791503906
39550192.765896983445 139208.819519042969
227006188.189492613077 308853.738983154297
117165403.827648520470 215380.965728759766
301335759.282051920891 381674.374938964844
103861721.990664884448 203596.024475097656
110441048.312081113458 204274.224426269531
150948345.050788342953 242790.182178497314
240253451.652802109718 317408.447601318359
28247220.151021018624 129764.060302734375
267019365.006912410259 343948.899871826172
101986372.262002184987 202827.746398925781
27311146.697337672114 128251.792602539062
93329380.073521494865 193226.306579589844
298479678.068840384483 380541.341247558594
224446635.618624538183 305149.023162841797
221557278.562442600727 302996.640106201172
129298804.347475841641 227054.578338623047
151481418.484768331051 245517.335086822510
312806594.274869263172 392813.674987792969
36034153.065432980657 136808.892456054688
321547309.893970370293 402527.036956787109
42237373.963566131890 142202.285888671875
71671825.738456472754 178938.699340820312
120661790.814549818635 216827.240695953369
142110318.549574345350 237983.059295654297
17039748.968704190105 122687.652709960938
66479417.294957801700 174582.415283203125
35221478.353853136301 135458.480468750000
182149769.411129832268 273916.975433349609
184061242.556041151285 277158.530853271484
121599935.088853627443 221860.270416259766
39012699.476175069809 137284.387023925781
138905573.880979806185 237748.353363037109
30693060.798850774765 133684.771606445312
341500619.373871147633 415353.284942626953
55170308.493323557079 157291.718994140625
259577177.199573129416 336393.912200927734
99172357.163586154580 200772.216857910156
40118119.971501506865 141607.711059570312
269606804.639163434505 347544.797393798828
314037064.136618256569 395463.737243652344
46185443.311924591660 148787.476257324219
300450395.846342027187 380691.636901855469
174335518.199537873268 267632.012115478516
136779687.521395564079 236523.725494384766
157448046.174354195595 252379.601165771484
286666639.876215219498 369010.063323974609
28388096.561725504696 131727.896362304688
119307115.507298886776 215803.335479736328
