244236152.603381037712 89436.786705017090
236869407.526853680611 87709.437026977539
235619797.559420704842 84284.392295837402
233651225.442034393549 82800.385755538940
243500400.170463144779 88665.396400451660
243444282.492083251476 88428.051612854004
245912022.709243208170 92007.307518005371
232914325.215432316065 82687.314936637878
50237909.393284305930 35516.856582641602
60815399.186650037766 37774.480026245117
192164351.955563127995 75135.544967651367
70742933.682119056582 40857.929130554199
184997905.500695109367 70070.792694091797
42912012.685476534069 33382.679092407227
179574366.003125071526 69098.064178466797
144590362.353116184473 60365.721481323242
112697316.909715995193 53416.304420471191
141799871.227194786072 59351.489547729492
95844124.307993382215 48621.585426330566
135554521.532468944788 58996.242813110352
177787629.794542342424 69065.362953186035
118640503.646157979965 54902.869178771973
93531921.528855398297 48355.764930725098
102232548.275797888637 50296.246528625488
133305774.224750295281 58639.960762023926
146841977.581861644983 61184.989181518555
88508957.822279185057 47328.882789611816
90995540.372248679399 47797.412696838379
29880895.008840393275 28750.660453796387
28645997.080683082342 28637.457763671875
77017256.718155935407 43029.443336486816
159661337.398026645184 64049.650535583496
79051467.585766434669 43939.595802307129
54957531.369200088084 36299.029129028320
169865736.575770080090 66919.943122863770
120894954.367015585303 55629.988929748535
29977256.068056736141 28986.501556396484
100208885.389935389161 50160.291694641113
61480420.228980556130 37862.579330444336
155780453.418679177761 61752.164695739746
169347601.865637630224 65759.655494689941
165418362.304752081633 64332.786521911621
38016898.066471345723 32623.616180419922
40317942.244862474501 32847.695144653320
27750163.712173551321 28418.924163818359
32927034.138443198055 30776.415252685547
30673273.180395245552 29810.660736083984
108426097.894832625985 50520.961585998535
158648290.997354090214 62569.720146179199
189224949.861675560474 71944.001518249512
65986996.926066637039 39247.444808959961
28511220.604536436498 28565.320159912109
40610968.507085405290 33158.600128173828
229947606.660534441471 80050.006474971771
30239066.751849103719 29225.380279541016
191946262.182438075542 72613.818046569824
58962519.502124078572 37755.349319458008
31123905.765721283853 29980.750885009766
30126263.211482923478 29178.118621826172
45553054.624893382192 34835.094512939453
169027160.421617388725 65517.592656612396
56661475.323732949793 37531.270355224609
86654977.148329228163 45154.980064392090
27365311.351672813296 27895.604248046875
73006267.079635098577 42001.860618591309
185553603.970304161310 71553.306938171387
185111344.158442795277 70491.641227722168
62346215.790902279317 38515.940277099609
182739606.293241679668 69417.748649597168
84518983.746345192194 44619.567909240723
51870559.208869136870 36127.644866943359
111167738.605372935534 50934.712135314941
52127013.811214677989 36172.743606567383
221969744.952152132988 79370.120595455170
69333830.051312789321 40533.448608398438
174403826.854544341564 67058.806190490723
131361694.219043210149 56263.467445373535
205567647.955778598785 75702.217765808105
128985360.447474285960 56023.418500423431
67444725.633382409811 39877.561584472656
225574733.288249999285 79464.310521602631
174700138.991612911224 67604.895423889160
180538855.093231976032 69256.325248718262
157438024.732280850410 61980.560829162598
202428054.979432284832 75421.915031433105
183035918.430310249329 69963.837882995605
227623304.538925230503 79927.223866939545
69294242.252154663205 40002.839576721191
185407656.295511364937 71037.730461120605
189521261.998744130135 72490.090751647949
219515108.819540679455 77792.082496643066
44247263.805640771985 34064.249664306641
35331285.979243665934 32477.854614257812
216917510.690109193325 77351.710639953613
71825271.771101027727 40992.217025756836
16330335.052421806380 25345.909301757812
16395026.750949000940 26437.045562744141
47789280.921261318028 35418.812408447266
128130246.021079838276 55954.335853576660
16427807.325822386891 27279.117431640625
16540251.218911014497 27329.980224609375
16437680.733434796333 27310.582153320312
230216368.649117141962 81097.996025085449
16546906.717301715165 27700.103393554688
61796848.329745128751 38367.478820800781
62659220.203983291984 39108.462631225586
208350787.456645637751 76637.294944763184
205237697.971397548914 75496.424827575684
111447287.183285608888 51096.681007385254
16380172.199368078262 26343.978088378906
72261802.409458369017 41087.793678283691
27672835.914573244750 28080.041015625000
69170051.831198260188 39914.310653686523
16334717.356707826257 26199.312469482422
