238831624.106967151165 393248.499206542969
248841047.613850057125 393452.796081542969
63572467.758289709687 186225.283935546875
95350136.214709326625 222512.653503417969
77062076.483366057277 208468.909912109375
77932568.510502681136 212015.321777343750
33529707.551357064396 136605.412353515625
52845737.950453408062 173433.172851562500
69696295.805197983980 196336.653930664062
64759533.608877308667 189816.415039062500
52936545.210749022663 174271.946533203125
48526913.458197630942 161745.350341796875
29413759.460557658225 127856.781738281250
29476747.872194230556 128518.139404296875
77180702.011522173882 209491.540649414062
174210863.224630683661 305409.424316406250
109823522.027159109712 236395.604980468750
60964690.820803619921 179556.254028320312
67554864.194713816047 192058.349731445312
188776422.339291870594 325148.344696044922
26214619.854432385415 126083.478271484375
67825068.731544941664 192559.325439453125
33284962.559256542474 135329.466064453125
214542289.802417069674 348543.198486328125
52832073.479486867785 171478.933593750000
48799136.004174783826 164755.410888671875
25523770.600592236966 121038.252197265625
29864402.158725120127 129487.035400390625
202777960.891910105944 341195.655746459961
64896668.669116489589 191814.349304199219
70104601.002204552293 196546.802856445312
40713883.520285151899 150888.556884765625
77091040.790897861123 209028.199462890625
213086660.967744350433 346201.863464355469
77996729.173024758697 212212.981567382812
45103483.166048824787 159339.494140625000
226563326.437900155783 382422.692932128906
38361752.170228786767 143368.719726562500
201207755.236411660910 337337.272888183594
46068608.282688006759 160487.241455078125
193132294.041414678097 334643.102783203125
154798654.255415529013 286369.125244140625
38576577.818252496421 144264.207763671875
204251121.315417170525 341311.100524902344
210253799.494882702827 345121.469421386719
77239560.969861194491 210889.475463867188
26062636.274532742798 123950.041259765625
168555782.689803391695 299201.407104492188
35321720.994067125022 136812.988281250000
171221376.460402578115 301442.698608398438
78134141.128076434135 214643.986450195312
143320907.217201232910 272908.752624511719
145097622.441433846951 278820.477111816406
24554310.292290486395 119446.031738281250
64340470.007997363806 188576.768798828125
109414412.380301177502 230290.721740722656
106313523.048321917653 228842.242492675781
135931072.896478682756 265946.514465332031
31154688.480861928314 131819.335449218750
219844427.854650825262 357337.581298828125
173776118.138284146786 305365.406677246094
68311608.395358234644 193606.970458984375
31005179.919259831309 129590.472900390625
62253980.642515897751 183861.495849609375
42121891.326881431043 152447.576660156250
118815918.801485076547 248721.558654785156
25815808.204124841839 123499.721923828125
33236388.904645573348 132473.359985351562
26125743.897134769708 124994.557128906250
149910473.850586384535 284166.815002441406
167603021.187526285648 296056.053649902344
74639162.666870236397 207177.993041992188
61614607.712289601564 180842.494140625000
202465637.859124332666 337897.170898437500
132760991.286895051599 263806.803039550781
79332570.564148172736 214810.127929687500
25952583.830416504294 123749.552734375000
81113849.158668905497 215046.425537109375
43041211.099942997098 154409.580810546875
195037623.295023143291 335121.302841186523
174664236.867310166359 316085.924987792969
35489244.832508467138 141090.636474609375
44554830.292886108160 157787.074462890625
35503641.236678205431 143195.816406250000
138731085.933813184500 266607.962341308594
76700746.407860502601 207850.659301757812
76224258.835131168365 207837.445068359375
145134236.504221200943 280807.063354492188
35322550.863782979548 138062.613037109375
102848646.418841049075 225845.620544433594
222533226.845999300480 360835.614501953125
215674191.862145692110 352051.676330566406
47908470.632275186479 161479.600341796875
155428437.351487249136 293407.688964843750
225060259.460353225470 365274.778076171875
164937427.416927099228 293814.762145996094
53782636.069825291634 177538.363281250000
123322855.698838248849 249214.767883300781
63377480.558692827821 184201.720703125000
15703506.070237487555 114545.964477539062
28483355.918226338923 127806.197265625000
35392890.596690483391 139817.130615234375
71664036.612226203084 199332.796142578125
50330297.562849678099 169676.448974609375
172228415.247196763754 303514.420562744141
46969253.855826303363 161012.090820312500
140642634.451396644115 271495.878372192383
15822971.358881242573 115370.288452148438
72250475.202063143253 201952.020935058594
113660486.020968213677 243078.181518554688
75383356.024060636759 207355.986083984375
15844955.859084943309 118953.949218750000
130780807.311464652419 263726.759155273438
41237155.827031768858 151474.471923828125
43150024.557860270143 157077.206787109375
77215711.351799726486 210695.638916015625
15768191.208324713632 115176.092773437500
77335777.607776597142 211686.910888671875
15678226.042022801936 114328.257995605469
162180342.905069202185 293647.105529785156
67874287.355741739273 192837.533935546875
