238995234.358970850706 262579.382873535156
19884343.722570408136 78525.610839843750
73869575.611192479730 126709.797912597656
65673491.194328397512 121234.481201171875
68549408.361747637391 123813.513916015625
92224297.004937067628 143020.429595947266
20005121.091637089849 79387.023193359375
24417707.326902203262 80173.837402343750
25792818.985615368932 80538.224609375000
161886158.013679563999 198516.625579833984
59891348.550313673913 115855.402221679688
26156865.181372899562 83472.820434570312
42425172.414543628693 101906.769042968750
232857585.702904462814 258908.917068481445
97912282.711181640625 146462.785003662109
19722435.286206346005 77803.555175781250
39978918.278192348778 97278.210021972656
37434084.226808607578 93953.411254882812
110404238.101053327322 157796.119689941406
117363439.656819194555 162077.629791259766
111828258.232595160604 158648.204315185547
29632053.557568281889 85099.408203125000
117896893.556859925389 167602.717407226562
40391800.012849718332 97465.778503417969
46508900.414104983211 103916.703552246094
30593950.998070374131 86341.119140625000
115252145.733306825161 161302.951782226562
117408197.171554222703 165988.578247070312
208541355.303786516190 242509.095031738281
28591981.557532474399 83870.006103515625
41017111.527708180249 99639.885925292969
113298883.561079815030 160289.888916015625
101085071.824120387435 146746.040008544922
40726467.050073243678 98873.245971679688
221875735.297320961952 246184.528930664062
19361882.670059349388 77757.486328125000
81728749.102017924190 134997.909942626953
18964033.261368475854 77003.545654296875
18049167.937465254217 72755.761596679688
41952959.597471281886 101255.177612304688
18452527.841617032886 73803.779052734375
33530919.208323556930 88284.391418457031
45375265.843375176191 102926.656860351562
239607138.249062836170 263913.385192871094
228525008.909306436777 251540.796447753906
123737883.121765956283 170274.435638427734
81208157.025946810842 132921.848052978516
172377443.981797277927 205771.763885498047
75066160.545419886708 128888.968658447266
78459417.799861356616 130930.260772705078
182149500.859663516283 215045.759857177734
85105605.351227506995 136008.943389892578
101630998.831996977329 151496.969696044922
17852382.675551109016 68389.153930664062
174757592.539365231991 207068.508514404297
18651153.539604220539 75104.141723632812
71571816.180560559034 124708.228210449219
20464172.180899553001 79781.931884765625
167078812.615851670504 200530.596649169922
41817513.313584938645 99957.606689453125
231165190.626783758402 254582.827941894531
194004504.826562464237 225142.040374755859
147945817.182282090187 191578.885314941406
235670000.828780531883 259261.617736816406
216421962.718391656876 244401.376342773438
77225064.387411475182 129057.721527099609
33770031.131161361933 89905.500579833984
176320453.285441309214 209209.819793701172
189138396.157327324152 223475.635559082031
179485455.895821005106 212642.927093505859
142910635.929010301828 189070.573883056641
94004751.612137332559 145650.603546142578
230489016.814876258373 253204.526947021484
18546904.723626513034 74678.930175781250
89341366.514788269997 139870.808822631836
18042364.389157097787 71652.369750976562
186633636.757296741009 219312.352142333984
125570713.328740775585 175647.215179443359
34777777.479310646653 92954.893310546875
222217463.353905946016 248013.728759765625
154644147.999703347683 195203.801544189453
92670727.799335345626 143095.979827880859
170263876.693802595139 203342.303192138672
73574671.304333433509 125989.642730712891
41378219.879051037133 99882.209594726562
62962254.934484928846 117529.765380859375
181677257.601589560509 214789.921035766602
37594819.549028910697 96633.552001953125
19733119.750042680651 78130.702148437500
33754947.144801214337 88514.615356445312
106542573.981299340725 156298.921936035156
21885468.642939813435 80143.125244140625
196154336.867056220770 235824.717269897461
18428792.331275667995 73199.577880859375
225350248.273555278778 250830.957031250000
65605831.643157616258 118801.598236083984
19266456.260060980916 77026.176757812500
48891139.925096549094 107025.046569824219
156510413.432362973690 197869.655151367188
102181628.328630357981 153766.976531982422
50922625.789978869259 114009.161865234375
31881814.018370181322 87539.144531250000
34638274.744171962142 90888.262084960938
140371853.866191655397 187738.345901489258
132825360.063735827804 184937.601654052734
18004567.631256010383 68763.644531250000
17907799.829975105822 68535.831390380859
88485955.463349312544 137327.348632812500
91463910.864887997508 142853.827667236328
80479311.824231296778 130971.810638427734
18787924.170004025102 75451.431518554688
184331111.823534488678 217139.741302490234
184558196.657905876637 217410.972686767578
208367774.804802745581 242229.309387207031
