108055.59850887365 103220.64333150958
128661.44437162485 104926.30042587982
136238.34742905403 110976.81937732674
133007.05968389046 118867.79143756647
137095.81108560326 129541.39081897828
109958.77511334281 131499.44993644362
109197.56247401232 131974.53547109762

116703.93282874666 133030.55643985103
116967.86844002893 132129.18732112093
117319.30173092202 131974.53547109762
117580.23178617143 133089.91443636623

105257.48227920872 135010.40385203014
106282.91231398644 134160.51973099544
105616.85272552510 135439.01264356542

